field0	field1	field2	field3	field4	field5
10	7	0	1	0	-1
205	70	0	1	0	-1
206	71	75	1	0	-1
207	72	0	1	0	-1
208	73	0	1	0	-1
209	73	0	2	0	-1
210	74	0	1	0	-1
211	74	0	2	0	-1
214	77	76	1	0	-1
215	78	0	1	0	-1
216	79	0	1	0	-1
217	80	0	1	0	-1
219	81	0	1	0	-1
220	81	0	2	0	-1
221	81	0	3	0	-1
222	82	0	1	0	-1
223	83	0	1	0	-1
225	85	0	1	0	-1
227	87	0	1	0	-1
239	97	0	1	0	-1
254	110	16	1	0	-1
255	111	21	1	0	-1
256	112	17	1	0	-1
257	113	18	1	0	-1
258	114	22	1	0	-1
259	115	19	1	0	-1
260	116	20	1	0	-1
261	117	23	1	0	-1
262	118	24	1	0	-1
263	119	15	1	0	-1
264	120	96	1	0	-1
265	121	23	1	0	-1
266	122	19	1	0	-1
267	123	36	1	0	-1
268	124	16	1	0	-1
269	124	16	2	0	-1
270	124	16	3	0	-1
271	125	0	1	0	-1
277	132	0	1	0	-1
278	133	0	0	1	1
279	134	0	1	0	-1
280	86	0	1	0	-1
281	135	76	1	0	-1
295	149	13	1	0	-1
296	150	14	1	0	-1
297	151	0	1	0	-1
298	152	16	1	0	-1
299	153	0	1	0	-1
300	154	0	1	0	-1
301	155	32	1	0	-1
302	156	16	1	0	-1
304	158	21	1	0	-1
305	159	31	1	0	-1
306	159	16	2	0	-1
310	160	15	1	0	-1
311	161	0	1	0	-1
312	162	39	1	0	-1
313	163	90	1	0	-1
314	163	90	2	0	-1
315	163	90	3	0	-1
316	164	0	1	0	-1
317	165	39	1	0	-1
318	166	42	1	0	-1
319	167	15	1	0	-1
320	168	19	1	0	-1
321	169	0	1	0	-1
322	169	19	2	0	-1
323	170	17	1	0	-1
324	170	17	2	0	-1
325	171	0	1	0	-1
326	171	0	0	1	0
327	172	19	1	0	-1
328	173	18	1	0	-1
329	174	0	1	0	-1
330	175	0	1	0	-1
331	175	0	2	0	-1
332	175	18	3	0	-1
333	176	18	1	0	-1
334	177	43	1	0	-1
335	178	18	1	0	-1
336	179	18	1	0	-1
344	184	17	1	0	-1
345	185	0	1	0	-1
346	186	17	1	0	-1
347	187	0	1	0	-1
348	188	40	1	0	-1
349	189	17	1	0	-1
350	190	17	1	0	-1
354	193	93	1	0	-1
355	194	87	1	0	-1
356	195	0	1	0	-1
357	196	0	1	0	-1
358	197	49	1	0	-1
359	198	90	1	0	-1
360	198	90	2	0	-1
361	198	90	3	0	-1
367	202	86	1	0	-1
368	203	0	1	0	-1
369	204	98	1	0	-1
370	205	0	1	0	-1
371	206	99	1	0	-1
373	208	41	1	0	-1
374	209	97	1	0	-1
377	210	70	1	0	-1
378	211	0	1	0	-1
379	212	23	1	0	-1
380	213	0	1	0	-1
381	214	23	1	0	-1
382	215	0	1	0	-1
383	216	41	1	0	-1
384	217	0	1	0	-1
385	217	0	2	0	-1
386	217	0	3	0	-1
387	217	0	4	0	-1
388	217	101	5	0	-1
389	218	100	1	0	-1
390	219	21	1	0	-1
391	220	0	1	0	-1
392	221	21	1	0	-1
393	222	0	1	0	-1
394	223	41	1	0	-1
395	224	0	1	0	-1
396	225	67	1	0	-1
397	226	21	1	0	-1
398	227	21	1	0	-1
399	228	15	1	0	-1
400	229	0	1	0	-1
401	230	24	1	0	-1
402	231	15	1	0	-1
403	232	15	1	0	-1
404	233	24	1	0	-1
405	234	0	1	0	-1
406	235	0	1	0	-1
410	236	0	1	0	-1
411	237	0	1	0	-1
412	238	0	1	0	-1
413	239	0	1	0	-1
414	240	0	1	0	-1
415	241	0	1	0	-1
416	242	0	1	0	-1
417	243	0	1	0	-1
418	244	36	1	0	-1
419	245	0	1	0	-1
420	238	0	2	0	-1
421	244	0	2	0	-1
422	246	0	1	0	-1
423	246	0	2	0	-1
424	246	0	3	0	-1
425	247	0	1	0	-1
426	248	0	1	0	-1
427	249	46	1	0	-1
428	250	62	1	0	-1
429	251	0	1	0	-1
430	252	63	1	0	-1
431	253	91	1	0	-1
432	254	0	1	0	-1
433	255	0	1	0	-1
434	256	21	1	0	-1
435	257	0	1	0	-1
436	258	0	1	0	-1
437	259	22	1	0	-1
438	260	0	1	0	-1
439	260	0	2	0	-1
440	261	0	1	0	-1
441	260	0	3	0	-1
443	262	0	0	1	2
444	263	41	1	0	-1
445	264	0	1	0	-1
446	265	18	1	0	-1
448	267	0	1	0	-1
449	268	47	1	0	-1
457	270	17	1	0	-1
458	271	17	1	0	-1
459	79	0	2	0	-1
461	272	22	1	0	-1
463	273	22	1	0	-1
464	274	0	1	0	-1
465	274	36	2	0	-1
466	275	24	1	0	-1
467	276	24	1	0	-1
468	234	0	2	0	-1
471	277	22	1	0	-1
472	278	0	1	0	-1
473	278	0	2	0	-1
474	278	36	3	0	-1
475	279	20	1	0	-1
476	280	0	1	0	-1
477	280	0	0	1	1
478	281	0	1	0	-1
479	282	48	1	0	-1
480	283	64	1	0	-1
481	284	0	1	0	-1
482	286	53	1	0	-1
483	287	54	1	0	-1
484	289	0	1	0	-1
485	290	36	1	0	-1
486	291	0	1	0	-1
487	292	22	1	0	-1
488	293	20	1	0	-1
489	294	0	1	0	-1
490	295	22	1	0	-1
491	296	0	1	0	-1
492	297	24	1	0	-1
493	298	36	1	0	-1
494	299	22	1	0	-1
495	300	0	1	0	-1
496	301	20	1	0	-1
497	302	0	1	0	-1
498	303	36	1	0	-1
499	304	22	1	0	-1
502	157	0	1	0	-1
503	305	16	1	0	-1
504	306	0	1	0	-1
505	307	21	1	0	-1
506	308	69	1	0	-1
507	309	0	1	0	-1
508	310	58	1	0	-1
509	311	0	1	0	-1
510	312	68	1	0	-1
511	313	0	1	0	-1
512	314	16	1	0	-1
513	315	19	1	0	-1
514	316	0	0	1	1
515	317	0	0	1	1
516	318	18	1	0	-1
517	319	18	1	0	-1
518	320	0	1	0	-1
519	321	23	1	0	-1
520	322	0	1	0	-1
521	323	22	1	0	-1
522	324	0	1	0	-1
523	325	15	1	0	-1
524	326	0	1	0	-1
525	327	19	1	0	-1
526	328	0	1	0	-1
527	328	0	2	0	-1
528	328	19	3	0	-1
529	329	19	1	0	-1
530	329	19	2	0	-1
531	330	0	1	0	-1
535	332	0	1	0	-1
536	333	0	1	0	-1
537	334	15	1	0	-1
541	338	0	1	0	-1
542	339	16	1	0	-1
543	340	0	1	0	-1
544	341	0	1	0	-1
548	345	16	1	0	-1
549	346	0	1	0	-1
550	347	16	1	0	-1
551	348	21	1	0	-1
552	349	16	1	0	-1
553	350	21	1	0	-1
554	351	42	1	0	-1
555	352	16	1	0	-1
556	353	0	1	0	-1
557	354	20	1	0	-1
558	355	16	1	0	-1
559	356	16	1	0	-1
560	357	32	1	0	-1
561	358	0	1	0	-1
562	359	16	1	0	-1
563	360	15	1	0	-1
564	361	0	1	0	-1
565	362	16	1	0	-1
566	363	0	1	0	-1
567	364	87	1	0	-1
568	365	0	1	0	-1
569	366	63	1	0	-1
570	367	15	1	0	-1
571	368	0	1	0	-1
572	369	15	1	0	-1
573	370	0	1	0	-1
574	371	16	1	0	-1
583	374	0	1	0	-1
584	375	16	1	0	-1
585	376	16	1	0	-1
586	377	16	1	0	-1
587	378	16	1	0	-1
588	379	0	1	0	-1
589	380	16	1	0	-1
590	381	0	0	1	2
591	382	16	1	0	-1
592	383	15	1	0	-1
593	384	20	1	0	-1
594	385	0	1	0	-1
595	385	0	2	0	-1
596	385	0	3	0	-1
597	386	0	1	0	-1
598	387	20	1	0	-1
599	387	0	2	0	-1
600	387	0	3	0	-1
601	388	0	1	0	-1
602	389	39	1	0	-1
603	390	20	1	0	-1
604	391	0	1	0	-1
605	392	39	1	0	-1
606	393	73	1	0	-1
607	394	18	1	0	-1
608	395	0	1	0	-1
609	396	18	1	0	-1
610	397	0	1	0	-1
611	398	16	1	0	-1
612	399	0	1	0	-1
613	399	0	2	0	-1
614	400	18	1	0	-1
615	401	0	1	0	-1
616	401	0	2	0	-1
617	401	18	3	0	-1
618	402	18	1	0	-1
619	403	0	1	0	-1
620	404	0	1	0	-1
621	405	24	1	0	-1
622	406	21	1	0	-1
623	407	17	1	0	-1
624	407	17	2	0	-1
625	408	18	1	0	-1
626	409	0	1	0	-1
627	410	0	1	0	-1
628	411	16	1	0	-1
629	412	16	1	0	-1
630	413	74	1	0	-1
631	414	46	1	0	-1
632	415	0	1	0	-1
633	416	32	1	0	-1
634	417	0	1	0	-1
635	417	0	2	0	-1
636	417	18	3	0	-1
637	418	18	1	0	-1
638	419	18	1	0	-1
639	420	17	1	0	-1
640	421	22	1	0	-1
641	422	70	1	0	-1
642	423	24	1	0	-1
643	424	24	1	0	-1
644	425	0	1	0	-1
645	426	49	1	0	-1
646	427	76	1	0	-1
648	429	16	1	0	-1
649	430	0	1	0	-1
650	431	58	1	0	-1
651	432	22	1	0	-1
652	433	15	1	0	-1
653	434	0	1	0	-1
654	435	0	1	0	-1
655	436	58	1	0	-1
656	437	22	1	0	-1
657	438	0	1	0	-1
658	439	15	1	0	-1
659	440	68	1	0	-1
660	441	81	1	0	-1
661	442	22	1	0	-1
662	443	0	1	0	-1
663	444	15	1	0	-1
664	445	22	1	0	-1
665	446	0	1	0	-1
666	447	22	1	0	-1
667	448	22	1	0	-1
668	449	15	1	0	-1
669	450	22	1	0	-1
670	451	22	1	0	-1
671	452	21	1	0	-1
672	453	17	1	0	-1
673	454	0	1	0	-1
674	455	17	1	0	-1
675	456	22	1	0	-1
676	457	22	1	0	-1
677	458	0	1	0	-1
678	459	24	1	0	-1
679	460	77	1	0	-1
680	461	0	1	0	-1
681	462	0	1	0	-1
682	463	77	1	0	-1
683	464	0	1	0	-1
684	465	15	1	0	-1
685	466	22	1	0	-1
686	467	22	1	0	-1
687	468	22	1	0	-1
688	469	0	1	0	-1
689	469	0	2	0	-1
690	469	0	3	0	-1
691	470	0	1	0	-1
692	471	22	1	0	-1
693	472	18	1	0	-1
694	473	22	1	0	-1
695	474	21	1	0	-1
696	475	21	1	0	-1
697	476	0	1	0	-1
698	477	18	1	0	-1
699	478	22	1	0	-1
700	479	15	1	0	-1
701	480	0	1	0	-1
702	481	21	1	0	-1
703	482	22	1	0	-1
704	483	0	1	0	-1
705	484	22	1	0	-1
706	485	0	1	0	-1
707	486	22	1	0	-1
708	487	0	1	0	-1
709	488	22	1	0	-1
710	489	22	1	0	-1
711	489	22	2	0	-1
712	489	22	3	0	-1
713	490	0	1	0	-1
714	491	0	1	0	-1
715	492	85	1	0	-1
716	493	15	1	0	-1
717	494	0	1	0	-1
718	495	15	1	0	-1
719	496	0	1	0	-1
720	497	88	1	0	-1
721	498	0	1	0	-1
722	498	0	0	1	1
723	496	0	2	0	-1
724	496	0	0	1	1
725	499	23	1	0	-1
726	500	43	1	0	-1
727	501	18	1	0	-1
728	502	42	1	0	-1
729	503	15	1	0	-1
730	504	19	1	0	-1
731	505	0	1	0	-1
732	506	68	1	0	-1
733	507	17	1	0	-1
734	508	17	1	0	-1
735	509	24	1	0	-1
736	510	0	1	0	-1
737	511	0	1	0	-1
738	512	0	1	0	-1
739	512	0	2	0	-1
740	512	0	3	0	-1
741	513	18	1	0	-1
742	514	0	1	0	-1
743	515	79	1	0	-1
744	516	0	1	0	-1
745	517	17	1	0	-1
746	518	17	1	0	-1
747	519	0	1	0	-1
748	520	0	1	0	-1
749	521	0	1	0	-1
750	522	0	1	0	-1
751	523	0	1	0	-1
752	524	15	1	0	-1
753	525	22	1	0	-1
754	526	0	1	0	-1
755	527	15	1	0	-1
756	528	18	1	0	-1
757	529	17	1	0	-1
760	532	21	1	0	-1
761	533	36	1	0	-1
763	535	82	1	0	-1
764	536	0	1	0	-1
765	537	0	0	1	2
766	538	16	1	0	-1
767	538	16	2	0	-1
768	538	16	3	0	-1
769	539	36	1	0	-1
770	540	0	1	0	-1
771	540	15	2	0	-1
772	541	83	1	0	-1
773	543	0	0	1	2
774	543	84	1	0	-1
775	544	0	1	0	-1
777	546	0	1	0	-1
778	207	0	0	1	2
781	209	0	2	0	-1
782	209	0	3	0	-1
