field0	field1	field2	field3	field4	field5	field6	field7	field8	field9	field10	field11	field12	field13	field14	field15	field16	
2671	0	0	0	0	0	0	7937	0	0	0	1065353216	1065353216	1065353216	1065353216	1	0
7380	0	0	0	0	0	0	5585	0	0	0	1065353216	1065353216	1065353216	1065353216	21	0
7381	0	0	0	0	0	0	5555	0	0	0	1065353216	1065353216	1065353216	1065353216	33	0
7382	0	0	0	0	0	0	5554	0	0	0	1065353216	1065353216	1065353216	1065353216	50	0
7383	0	0	0	0	0	0	5448	0	0	0	1065353216	1065353216	1065353216	1065353216	67	0
7384	0	0	0	0	0	0	5586	0	0	0	1065353216	1065353216	1065353216	1065353216	83	0
7385	0	0	0	0	0	0	5556	0	0	0	1065353216	1065353216	1065353216	1065353216	99	0
7386	0	0	0	0	0	0	9989	0	0	0	1065353216	1065353216	1065353216	1065353216	110	0
7387	0	0	0	0	0	0	5207	0	0	0	1065353216	1065353216	1065353216	1065353216	123	3
7388	0	0	0	0	0	0	6189	0	0	0	1065353216	1065353216	1065353216	1065353216	140	3
7389	0	0	0	0	0	0	6190	0	0	0	1065353216	1065353216	1065353216	1065353216	149	3
7390	0	0	0	0	0	0	6191	0	0	0	1065353216	1065353216	1065353216	1065353216	157	3
7391	0	0	0	0	0	0	6192	0	0	0	1065353216	1065353216	1065353216	1065353216	167	3
7392	0	0	0	0	0	0	304	0	0	0	1065353216	1065353216	1065353216	1065353216	182	0
7393	0	0	0	0	0	0	304	0	0	0	1065353216	1065353216	1065353216	1065353216	198	0
7394	0	0	0	0	0	0	5369	0	0	0	1065353216	1065353216	1065353216	1065353216	218	0
7395	0	0	0	0	0	0	2177	0	0	0	1065353216	1065353216	1065353216	1065353216	233	0
7543	0	0	0	0	0	0	6288	0	0	0	1065353216	1065353216	1065353216	1065353216	243	3
7544	0	0	0	0	0	0	6290	0	0	0	1065353216	1065353216	1065353216	1065353216	258	3
7545	0	0	0	0	0	0	6291	0	0	0	1065353216	1065353216	1065353216	1065353216	276	3
7546	0	0	0	0	0	0	6292	0	0	0	1065353216	1065353216	1065353216	1065353216	294	3
7547	0	0	0	0	0	0	6293	0	0	0	1065353216	1065353216	1065353216	1065353216	311	3
7548	0	0	0	0	0	0	6294	0	0	0	1065353216	1065353216	1065353216	1065353216	327	0
7549	0	0	0	0	0	0	6295	0	0	0	1065353216	1065353216	1065353216	1065353216	335	0
7550	0	0	0	0	0	0	901	0	0	0	1065353216	1065353216	1065353216	1065353216	345	0
7551	0	0	0	0	0	0	6296	0	0	0	1065353216	1065353216	1065353216	1065353216	355	0
7552	0	0	0	0	0	0	6297	0	0	0	1065353216	1065353216	1065353216	1065353216	365	0
7553	0	0	0	0	0	0	4615	0	0	0	1065353216	1065353216	1065353216	1065353216	377	3
7554	0	0	0	0	0	0	6298	0	0	0	1065353216	1065353216	1065353216	1065353216	394	3
7555	0	0	0	0	0	0	6299	0	0	0	1065353216	1065353216	1065353216	1065353216	404	3
7556	0	0	0	0	0	0	6300	0	0	0	1065353216	1065353216	1065353216	1065353216	413	3
7560	0	0	0	0	0	0	328	0	0	0	1065353216	1065353216	1065353216	1065353216	423	0
7561	0	0	0	0	0	0	2955	0	0	0	1065353216	1065353216	1065353216	1065353216	439	0
7562	0	0	0	0	0	0	2957	0	0	0	1065353216	1065353216	1065353216	1065353216	452	0
7563	0	0	0	0	0	0	2956	0	0	0	1065353216	1065353216	1065353216	1065353216	464	0
7565	0	0	0	0	0	0	1206	0	0	0	1065353216	1065353216	1065353216	1065353216	475	0
7566	0	0	0	0	0	0	2954	0	0	0	1065353216	1065353216	1065353216	1065353216	491	0
7567	0	0	0	0	0	0	6303	0	0	0	1065353216	1065353216	1065353216	1065353216	505	0
7568	0	0	0	0	0	0	2954	0	0	0	1065353216	1065353216	1065353216	1065353216	519	0
7569	0	0	0	0	0	0	1986	0	0	0	1065353216	1065353216	1065353216	1065353216	532	0
7570	0	0	0	0	0	0	1824	0	0	0	1065353216	1065353216	1065353216	1065353216	550	0
8376	0	0	0	0	0	0	7920	0	0	0	1065353216	1065353216	1065353216	1065353216	561	0
9656	0	0	0	0	0	0	8909	0	0	0	1065353216	1065353216	1065353216	1065353216	580	0
9657	0	0	0	0	0	0	8910	0	0	0	1065353216	1065353216	1065353216	1065353216	593	0
9662	0	0	0	0	0	0	6294	0	0	0	1065353216	1065353216	1065353216	1065353216	604	3
9936	0	0	0	0	0	0	9209	0	0	0	1065353216	1065353216	1065353216	1065353216	628	0
10259	0	0	0	0	0	0	9563	9572	0	0	1065353216	1065353216	0	0	645	0
10598	0	0	0	0	0	0	9997	0	0	0	1065353216	1065353216	0	0	654	0
11236	0	0	0	0	0	0	9554	0	0	0	1065353216	1065353216	1065353216	1065353216	675	3
11325	0	0	0	0	0	0	10990	0	0	0	1065353216	1065353216	1065353216	1065353216	688	0
11326	0	0	0	0	0	0	10992	0	0	0	1065353216	1065353216	1065353216	1065353216	698	0
11327	0	0	0	0	0	0	10993	0	0	0	1065353216	1065353216	1065353216	1065353216	710	0
12419	0	0	0	0	0	0	901	0	0	0	1065353216	1065353216	1065353216	1065353216	719	0
14143	0	0	0	0	0	0	14192	0	0	0	0	0	0	0	733	0
14305	0	0	0	0	0	0	338	0	0	0	0	0	0	0	740	0
14421	0	0	0	0	0	0	1072	0	0	0	1065353216	1065353216	1065353216	1065353216	753	0
14444	0	0	0	0	0	0	14589	0	0	0	0	0	0	0	771	0
14629	0	0	0	0	0	0	14657	0	0	0	1065353216	1065353216	1065353216	1065353216	785	0
14630	0	0	0	0	0	0	14658	0	0	0	1065353216	1065353216	1065353216	1065353216	804	0
14631	0	0	0	0	0	0	14659	0	0	0	1065353216	1065353216	1065353216	1065353216	824	0
14632	0	0	0	0	0	0	14660	0	0	0	1065353216	1065353216	1065353216	1065353216	838	0
14633	0	0	0	0	0	0	14661	0	0	0	1065353216	1065353216	1065353216	1065353216	856	0
14755	0	0	0	0	0	0	14778	0	0	0	1065353216	1065353216	1065353216	1065353216	871	0
14756	0	0	0	0	0	0	14779	0	0	0	1065353216	1065353216	1065353216	1065353216	889	0
14878	0	0	0	0	0	0	14938	0	0	0	1065353216	1065353216	1065353216	1065353216	905	0
15186	0	0	0	0	0	0	15369	0	0	0	1065353216	1065353216	1065353216	1065353216	913	0
15356	0	0	0	0	0	0	15393	0	0	0	1065353216	1065353216	1065353216	1065353216	919	0
15357	0	0	0	0	0	0	15397	0	0	0	1065353216	1065353216	1065353216	1065353216	936	0
15358	0	0	0	0	0	0	15398	0	0	0	1065353216	1065353216	1065353216	1065353216	955	0
15359	0	0	0	0	0	0	15396	0	0	0	1065353216	1065353216	1065353216	1065353216	961	0
15360	0	0	0	0	0	0	15394	0	0	0	1065353216	1065353216	1065353216	1065353216	978	0
15361	0	0	0	0	0	0	15395	0	0	0	1065353216	1065353216	1065353216	1065353216	996	0
15429	0	0	0	0	0	0	15436	0	0	0	1065353216	1065353216	1065353216	1065353216	1002	0
15661	0	0	0	0	0	0	15595	0	0	0	1065353216	1065353216	1065353216	1065353216	1022	0
15698	0	0	0	0	0	0	15660	0	0	0	1065353216	1065353216	1065353216	1065353216	1033	0
15699	0	0	0	0	0	0	10269	0	0	0	1065353216	1065353216	1065353216	1065353216	1056	0
15705	0	0	0	0	0	0	15663	0	0	0	1065353216	1065353216	1065353216	1065353216	1081	0
15706	0	0	0	0	0	0	15904	0	0	0	1065353216	0	0	0	1104	0
15710	0	0	0	0	0	0	13610	0	0	0	0	0	0	0	1120	0
16069	0	0	0	0	0	0	15984	0	0	0	1065353216	1065353216	1065353216	1065353216	1133	0
16085	0	0	0	0	0	0	15992	0	0	0	1065353216	1065353216	1065353216	1065353216	1139	3
16445	0	0	0	0	0	0	15398	0	0	0	1065353216	1065353216	1065353216	1065353216	1150	0
16456	0	0	0	0	0	0	16189	0	0	0	1065353216	1065353216	1065353216	1065353216	1156	0
16547	0	0	0	0	0	0	16259	0	0	0	1065353216	1065353216	1065353216	1065353216	1162	0
16548	0	0	0	0	0	0	16257	0	0	0	1065353216	1065353216	1065353216	1065353216	1169	0
16549	0	0	0	0	0	0	2176	0	0	0	1065353216	1065353216	1065353216	1065353216	1181	0
16701	0	0	0	0	0	0	16587	0	0	0	1065353216	1065353216	1065353216	1065353216	1198	3
17254	0	0	0	0	0	0	37949	0	0	0	1065353216	1065353216	1065353216	1065353216	1215	0
17255	0	0	0	0	0	0	16943	0	0	0	1065353216	0	0	0	1231	3
18381	0	0	0	0	0	0	17723	0	0	0	1065353216	1065353216	1065353216	1065353216	1252	3
18839	0	0	0	0	0	0	18269	0	0	0	1065353216	1065353216	1065353216	1065353216	1264	0
20245	0	0	0	0	0	0	9989	0	0	0	0	0	0	0	1280	0
20246	0	0	0	0	0	0	9990	0	0	0	1065353216	1065353216	1065353216	1065353216	1290	0
20247	0	0	0	0	0	0	5556	0	0	0	1065353216	1065353216	1065353216	1065353216	1296	0
20408	0	0	0	0	0	0	19600	0	0	0	1065353216	1065353216	1065353216	1065353216	1302	3
20472	0	0	0	0	0	0	4626	0	0	0	1065353216	1065353216	1065353216	1065353216	1316	0
21008	0	0	0	0	0	0	19985	0	0	0	1065353216	1065353216	1065353216	1065353216	1329	3
21009	0	0	0	0	0	0	19986	0	0	0	1065353216	1065353216	1065353216	1065353216	1341	3
21010	0	0	0	0	0	0	19987	0	0	0	1065353216	1065353216	1065353216	1065353216	1350	3
21018	0	0	0	0	0	0	19999	0	0	0	1065353216	1065353216	1065353216	1065353216	1360	3
21055	0	0	0	0	0	0	20026	0	0	0	1065353216	1065353216	1065353216	1065353216	1371	3
21056	0	0	0	0	0	0	20029	0	0	0	1065353216	1065353216	1065353216	1065353216	1399	3
21063	0	0	0	0	0	0	20037	0	0	0	1065353216	1065353216	1065353216	1065353216	1425	3
21064	0	0	0	0	0	0	20027	0	0	0	1065353216	1065353216	1065353216	1065353216	1453	3
21076	0	0	0	0	0	0	20042	0	0	0	1065353216	1065353216	1065353216	1065353216	1478	3
21266	0	0	0	0	0	0	20155	20160	0	0	1065353216	1065353216	0	0	1486	0
22328	0	0	0	0	0	0	15382	0	0	0	0	0	0	0	1504	0
22445	0	0	0	0	0	0	20996	0	0	0	1065353216	1065353216	1065353216	1065353216	1523	3
22484	0	0	0	0	0	0	21048	0	0	0	0	0	0	0	1532	0
22817	0	0	0	0	0	0	19315	0	0	0	1065353216	0	0	0	1539	0
22818	0	0	0	0	0	0	19091	0	0	0	1065353216	0	0	0	1556	0
22943	0	0	0	0	0	0	22349	0	0	0	1065353216	1065353216	1065353216	1065353216	1571	0
23114	0	0	0	0	0	0	21304	0	0	0	1065353216	0	0	0	1584	0
23198	0	0	0	0	0	0	21328	0	0	0	0	0	0	0	1584	0
23231	0	0	0	0	0	0	21381	0	0	0	1065353216	0	0	0	1590	3
23234	0	0	0	0	0	0	21362	0	0	0	1065353216	1065353216	1065353216	1065353216	1596	0
23258	0	0	0	0	0	0	21382	0	0	0	1065353216	0	0	0	1604	0
23266	0	0	0	0	0	0	21393	0	0	0	1065353216	0	0	0	1611	0
23274	0	0	0	0	0	0	16633	0	0	0	1065353216	1065353216	1065353216	1065353216	1618	0
23439	0	0	0	0	0	0	21155	0	0	0	1065353216	1065353216	1065353216	1065353216	1626	0
23909	0	0	0	0	0	0	21900	0	0	0	1065353216	1065353216	1065353216	1065353216	1644	0
24388	0	0	0	0	0	0	22388	0	0	0	1065353216	0	0	0	1664	0
24389	0	0	0	0	0	0	22389	0	0	0	1065353216	0	0	0	1671	0
24480	0	0	0	0	0	0	22459	0	0	0	1065353216	1065353216	1065353216	1065353216	1682	0
24753	0	0	0	0	0	0	22629	0	0	0	0	0	0	0	1687	0
24968	0	0	0	0	0	0	22776	0	0	0	1065353216	1065353216	1065353216	1065353216	1713	0
25062	0	0	0	0	0	0	22855	0	0	0	1065353216	1065353216	1065353216	1065353216	1734	3
25109	0	0	0	0	0	0	22903	0	0	0	1065353216	1065353216	1065353216	1065353216	1748	0
25110	0	0	0	0	0	0	22966	22990	22991	22992	1065353216	1065353216	1065353216	1065353216	1763	0
25146	0	0	0	0	0	0	21304	0	0	0	0	0	0	0	1775	0
25147	0	0	0	0	0	0	22938	0	0	0	0	0	0	0	1786	0
25499	5303	0	0	0	0	0	16004	0	0	0	0	0	0	0	1797	0
25706	0	0	0	0	0	0	8409	0	0	0	0	0	0	0	1819	0
26050	0	0	0	0	0	0	23507	0	0	0	1065353216	0	0	0	1838	0
26056	0	0	0	0	0	0	23506	0	0	0	1065353216	0	0	0	1845	0
26119	0	0	0	0	0	0	23574	0	0	0	1065353216	1065353216	1065353216	1065353216	1851	3
26243	0	0	0	0	0	0	15923	0	0	0	1065353216	1065353216	1065353216	1065353216	1869	0
26613	0	0	0	0	0	0	23946	23947	23948	0	1077936128	1073741824	1065353216	0	1885	0
26614	0	0	0	0	0	0	328	0	0	0	0	0	0	0	1904	0
27017	0	0	0	0	0	0	26139	0	0	0	0	0	0	0	1918	0
27217	0	0	0	0	0	0	24393	0	0	0	0	0	0	0	1937	0
27346	0	0	0	0	0	0	24620	0	0	0	0	0	0	0	1959	0
27438	0	0	0	0	0	0	24637	0	0	0	0	0	0	0	1982	0
27798	0	0	0	0	0	0	11686	0	0	0	1065353216	0	0	0	1996	0
27914	0	0	0	0	0	0	25002	0	0	0	1065353216	1065353216	1065353216	1065353216	2018	0
28267	0	0	0	0	0	0	25265	0	0	0	0	0	0	0	2039	0
28470	0	0	0	0	0	0	25457	0	0	0	1065353216	1065353216	1065353216	1065353216	2053	3
28513	0	0	0	0	0	0	4185	0	0	0	1065353216	1065353216	1065353216	1065353216	2068	3
28883	0	0	0	0	0	0	28456	0	0	0	1065353216	1065353216	1065353216	1065353216	2085	3
29089	0	0	0	0	0	0	25900	0	0	0	1065353216	1065353216	1065353216	1065353216	2092	3
29147	0	0	0	0	0	0	28089	0	0	0	1065353216	0	0	0	2104	0
29238	0	0	0	0	0	0	26064	0	0	0	0	0	0	0	2118	0
29726	0	0	0	0	0	0	26452	0	0	0	1065353216	1065353216	1065353216	1065353216	2132	0
30379	0	0	0	0	0	0	304	0	0	0	1065353216	1065353216	1065353216	1065353216	2143	0
31575	0	0	0	0	0	0	27627	0	0	0	1065353216	1065353216	1065353216	1065353216	2160	0
32589	0	0	0	0	0	0	28214	0	0	0	1065353216	1065353216	1065353216	1065353216	2176	3
32590	0	0	0	0	0	0	28215	0	0	0	1065353216	1065353216	1065353216	1065353216	2195	3
32591	0	0	0	0	0	0	28084	0	0	0	1065353216	1065353216	1065353216	1065353216	2220	0
32592	0	0	0	0	0	0	28217	0	0	0	1065353216	1065353216	1065353216	1065353216	2236	3
32595	0	0	0	0	0	0	28216	0	0	0	1065353216	1065353216	1065353216	1065353216	2254	0
32643	0	0	0	0	0	0	14273	0	0	0	1065353216	1065353216	1065353216	1065353216	2260	0
32791	0	0	0	0	0	0	6302	0	0	0	1065353216	1065353216	1065353216	1065353216	2279	0
32818	0	0	0	0	0	0	21774	0	0	0	1065353216	1065353216	1065353216	1065353216	2293	0
32841	0	0	0	0	0	0	16189	0	0	0	1065353216	1065353216	1065353216	1065353216	2306	0
32939	0	0	0	0	0	0	28397	0	0	0	1065353216	1065353216	1065353216	1065353216	2325	0
33188	0	0	0	0	0	0	28482	0	0	0	1065353216	1065353216	1065353216	1065353216	2337	0
33194	0	0	0	0	0	0	28489	0	0	0	1065353216	1065353216	1065353216	1065353216	2359	0
33197	0	0	0	0	0	0	4732	0	0	0	1065353216	1065353216	1065353216	1065353216	2374	3
33198	0	0	0	0	0	0	15470	0	0	0	1065353216	1065353216	1065353216	1065353216	2391	0
33199	0	0	0	0	0	0	14473	0	0	0	1065353216	1065353216	1065353216	1065353216	2408	0
33200	0	0	0	0	0	0	16205	0	0	0	1065353216	1065353216	1065353216	1065353216	2426	0
33205	0	0	0	0	0	0	28493	0	0	0	1065353216	1065353216	1065353216	1065353216	2438	0
33219	0	0	0	0	0	0	28502	0	0	0	1065353216	0	0	0	2458	0
33226	0	0	0	0	0	0	28507	0	0	0	1065353216	1065353216	1065353216	1065353216	2476	0
33227	0	0	0	0	0	0	16910	0	0	0	1065353216	1065353216	1065353216	1065353216	2491	0
33238	0	0	0	0	0	0	28946	0	0	0	1065353216	1065353216	1065353216	1065353216	2507	0
33239	0	0	0	0	0	0	28948	0	0	0	1065353216	1065353216	1065353216	1065353216	2521	0
33274	0	0	0	0	0	0	28539	0	0	0	1065353216	1065353216	1065353216	1065353216	2538	0
33529	0	0	0	0	0	0	25384	0	0	0	1065353216	0	0	0	2550	0
33530	0	0	0	0	0	0	25173	0	0	0	1065353216	0	0	0	2569	0
33532	0	0	0	0	0	0	25384	0	0	0	1065353216	0	0	0	2594	0
33533	0	0	0	0	0	0	25173	0	0	0	1065353216	0	0	0	2608	0
33578	0	0	0	0	0	0	28734	0	0	0	1065353216	1065353216	1065353216	1065353216	2622	0
33810	0	0	0	0	0	0	29189	28880	0	0	0	1065353216	0	0	2645	0
34031	0	0	0	0	0	0	29060	0	0	0	1065353216	1065353216	1065353216	1065353216	2660	0
34278	0	0	0	0	0	0	29184	0	0	0	1065353216	0	0	0	2683	0
34320	0	0	0	0	0	0	29251	0	0	0	0	0	0	0	2691	0
34364	0	0	0	0	0	0	11709	0	0	0	1065353216	1065353216	1065353216	1065353216	2711	0
34587	0	0	0	0	0	0	29279	0	0	0	1065353216	1065353216	1065353216	1065353216	2722	0
34694	0	0	0	0	0	0	29348	0	0	0	1065353216	1065353216	1065353216	1065353216	2729	0
34724	0	0	0	0	0	0	29372	0	0	0	1065353216	1065353216	1065353216	1065353216	2736	3
34770	6323	6323	0	0	0	0	29404	0	0	0	1065353216	1065353216	1065353216	1065353216	2756	0
34930	0	0	0	0	0	0	29605	0	0	0	1065353216	1065353216	1065353216	1065353216	2775	0
35387	0	0	0	0	0	0	29802	0	0	0	1065353216	1065353216	1065353216	1065353216	2786	0
35394	0	0	0	0	0	0	29806	0	0	0	1065353216	1065353216	1065353216	1065353216	2804	0
35395	0	0	0	0	0	0	29807	0	0	0	1065353216	1065353216	1065353216	1065353216	2823	0
35396	0	0	0	0	0	0	29805	0	0	0	1065353216	1065353216	1065353216	1065353216	2841	0
35397	0	0	0	0	0	0	29810	0	0	0	1065353216	1065353216	1065353216	1065353216	2859	0
35398	0	0	0	0	0	0	29808	0	0	0	1065353216	1065353216	1065353216	1065353216	2878	0
35399	0	0	0	0	0	0	29809	0	0	0	1065353216	1065353216	1065353216	1065353216	2897	0
35400	0	0	0	0	0	0	29803	0	0	0	1065353216	1065353216	1065353216	1065353216	2916	0
35468	0	0	0	0	0	0	29819	0	0	0	1065353216	1065353216	1065353216	1065353216	2934	0
36482	0	0	0	0	0	0	30157	0	0	0	1065353216	0	0	0	2947	0
36511	0	0	0	0	0	0	30409	0	0	0	1065353216	1065353216	1065353216	1065353216	2960	0
36607	0	0	0	0	0	0	30356	0	0	0	1065353216	1065353216	1065353216	1065353216	2979	3
36871	0	0	0	0	0	0	30462	0	0	0	1065353216	1065353216	1065353216	1065353216	2997	0
36908	0	0	0	0	0	0	30412	0	0	0	1065353216	0	0	0	3012	0
36909	0	0	0	0	0	0	30413	0	0	0	1065353216	0	0	0	3030	0
36910	0	0	0	0	0	0	30402	0	0	0	1065353216	1065353216	1065353216	1065353216	3045	0
36911	0	0	0	0	0	0	30414	0	0	0	1065353216	1065353216	1065353216	1065353216	3057	0
36979	0	0	0	0	0	0	30507	0	0	0	1065353216	1065353216	1065353216	1065353216	3071	0
37865	0	0	0	0	0	0	31174	0	0	0	1065353216	1065353216	1065353216	1065353216	3081	0
38374	0	0	0	0	0	0	31073	0	0	0	1065353216	1065353216	1065353216	1065353216	3091	0
38976	0	0	0	0	0	0	29000	11686	0	0	0	1065353216	0	0	3107	0
40198	0	0	0	0	0	0	31722	0	0	0	0	0	0	0	3125	0
40295	0	0	0	0	0	0	22778	0	0	0	1065353216	1065353216	1065353216	1065353216	3142	0
40624	0	0	0	0	0	0	31956	0	0	0	1065353216	0	0	0	3168	0
40703	0	0	0	0	0	0	32031	0	0	0	1065353216	1065353216	1065353216	1065353216	3185	0
40721	0	0	0	0	0	0	28734	0	0	0	1065353216	1065353216	1065353216	1065353216	2622	0
42078	0	0	0	0	0	0	32670	0	0	0	1065353216	1065353216	1065353216	1065353216	3193	0
42177	0	0	0	0	0	0	32699	0	0	0	0	0	0	0	3203	3
42183	0	0	0	0	0	0	32707	0	0	0	0	0	0	0	3221	3
43800	0	0	0	0	0	0	33512	0	0	0	1065353216	0	0	0	3239	0
43916	0	0	0	0	0	0	33559	0	0	0	0	0	0	0	3264	0
44413	34183	0	0	0	0	0	32242	0	0	0	0	0	0	0	3299	0
44939	0	0	0	0	0	0	33320	0	0	0	0	0	0	0	3323	0
45128	0	0	0	0	0	0	34262	0	0	0	1065353216	0	0	0	3347	0
45247	0	0	0	0	0	0	33254	0	0	0	0	0	0	0	3361	0
45340	0	0	0	0	0	0	34413	0	0	0	1065353216	0	0	0	3368	0
46896	0	0	0	0	0	0	35338	0	0	0	1065353216	0	0	0	3389	3
46898	0	0	0	0	0	0	36902	0	0	0	1065353216	0	0	0	3404	3
47169	0	0	0	0	0	0	15393	0	0	0	1065353216	0	0	0	3422	0
47944	0	0	0	0	0	0	37136	0	0	0	1065353216	1065353216	1065353216	1065353216	3437	3
48107	0	0	0	0	0	0	36499	0	0	0	1065353216	1065353216	1065353216	1065353216	3460	3
48242	0	0	0	0	0	0	36220	0	0	0	1065353216	1065353216	1065353216	1065353216	3474	0
48376	0	0	0	0	0	0	36129	0	0	0	0	0	0	0	3488	0
48377	0	0	0	0	0	0	36130	0	0	0	0	0	0	0	3506	0
48378	0	0	0	0	0	0	36131	0	0	0	0	0	0	0	3525	0
48609	0	0	0	0	0	0	36211	0	0	0	1065353216	0	0	0	3543	0
48641	0	0	0	0	0	0	33217	0	0	0	1065353216	1065353216	1065353216	1065353216	3559	0
48982	0	0	0	0	0	0	36637	0	0	0	1065353216	0	0	0	3567	0
49373	0	0	0	0	0	0	11686	0	0	0	0	0	0	0	3585	3
49586	0	0	0	0	0	0	37200	0	0	0	1065353216	0	0	0	3605	0
49587	0	0	0	0	0	0	37198	0	0	0	1065353216	0	0	0	3616	0
49588	0	0	0	0	0	0	37199	0	0	0	1065353216	0	0	0	3605	0
49590	0	0	0	0	0	0	37196	0	0	0	1065353216	0	0	0	3616	0
50384	0	0	0	0	0	0	32031	0	0	0	1065353216	1065353216	1065353216	1065353216	3629	0
50468	0	0	0	0	0	0	32031	0	0	0	1065353216	1065353216	1065353216	1065353216	3629	0
50545	0	0	0	0	0	0	36901	0	0	0	1065353216	0	0	0	3646	3
50586	0	0	0	0	0	0	9905	0	0	0	1065353216	0	0	0	3657	0
50722	0	0	0	0	0	0	37518	0	0	0	1065353216	0	0	0	3668	3
51090	0	0	0	0	0	0	37154	0	0	0	1065353216	0	0	0	3685	0
51122	0	0	0	0	0	0	36896	0	0	0	1065353216	0	0	0	3703	0
51600	0	0	0	0	0	0	37541	0	0	0	0	0	0	0	3710	0
51601	0	0	0	0	0	0	37526	37527	0	0	1065353216	0	0	0	3724	0
51632	0	0	0	0	0	0	28435	0	0	0	1065353216	1065353216	1065353216	1065353216	3742	3
51634	0	0	0	0	0	0	38311	0	0	0	1065353216	0	0	0	3756	3
51635	0	0	0	0	0	0	38135	0	0	0	1065353216	0	0	0	3764	0
51636	0	0	0	0	0	0	36583	0	0	0	1065353216	0	0	0	3782	0
51649	0	0	0	0	0	0	37527	37526	0	0	1065353216	0	0	0	3724	0
51657	0	0	0	0	0	0	30969	0	0	0	1065353216	0	0	0	3788	0
51677	0	0	0	0	0	0	37712	0	0	0	0	0	0	0	3801	0
52226	0	0	0	0	0	0	37814	0	0	0	1065353216	0	0	0	3818	0
52343	0	0	0	0	0	0	30507	0	0	0	1065353216	1065353216	1065353216	1065353216	3830	0
52344	0	0	0	0	0	0	37846	0	0	0	0	0	0	0	3848	0
52367	0	0	0	0	0	0	22966	22990	22991	22992	1065353216	1065353216	1065353216	1065353216	1763	0
52697	0	0	0	0	0	0	26	0	0	0	1065353216	0	0	0	3863	0
52831	0	0	0	0	0	0	37712	0	0	0	1065353216	0	0	0	3801	0
52894	0	0	0	0	0	0	38065	0	0	0	1065353216	0	0	0	3877	0
53048	0	0	0	0	0	0	38134	0	0	0	1065353216	0	0	0	3896	0
53225	0	0	0	0	0	0	38229	0	0	0	1065353216	0	0	0	3901	3
53232	0	0	0	0	0	0	38232	0	0	0	1065353216	0	0	0	3922	0
53283	0	0	0	0	0	0	38359	0	0	0	1065353216	0	0	0	3938	0
53453	0	0	0	0	0	0	38340	0	0	0	0	0	0	0	3951	0
53454	0	0	0	0	0	0	38341	0	0	0	0	0	0	0	3965	0
53455	0	0	0	0	0	0	38342	0	0	0	0	0	0	0	3980	0
53456	0	0	0	0	0	0	38343	0	0	0	0	0	0	0	3994	0
53623	0	0	0	0	0	0	16943	0	0	0	1065353216	0	0	0	4011	3
53658	0	0	0	0	0	0	38455	0	0	0	1065353216	1065353216	1065353216	1065353216	4030	0
53661	0	0	0	0	0	0	38429	0	0	0	1065353216	1065353216	1065353216	1065353216	4045	0
53828	33301	0	52052	0	0	0	21407	21404	0	0	1065353216	1065353216	0	0	4060	0
53884	0	0	0	0	0	0	38539	0	0	0	1065353216	0	0	0	4078	0
54027	0	0	0	0	0	0	38614	0	0	0	1065353216	1065353216	1065353216	1065353216	4094	3
54128	0	0	0	0	0	0	38638	0	0	0	0	0	0	0	4109	0
54223	0	0	0	0	0	0	38691	0	0	0	1065353216	0	0	0	4122	0
54227	0	0	0	0	0	0	38693	0	0	0	1065353216	1065353216	1065353216	1065353216	4131	0
54359	0	0	0	0	0	0	38348	34317	0	0	1065353216	0	0	0	4136	0
54374	0	0	0	0	0	0	38776	0	0	0	0	0	0	0	4161	3
54375	0	0	0	0	0	0	1126	11686	0	0	0	1065353216	0	0	4178	0
54376	0	0	0	0	0	0	1126	11686	0	0	0	1065353216	0	0	4193	0
54383	0	0	0	0	0	0	38777	0	0	0	0	0	0	0	4208	3
54438	0	0	0	0	0	0	38803	0	0	0	0	0	0	0	4222	0
54487	0	0	0	0	0	0	38809	0	0	0	0	0	0	0	4231	0
54491	0	0	0	0	0	0	39549	0	0	0	0	0	0	0	4247	0
54539	0	0	0	0	0	0	38343	0	0	0	0	0	0	0	3994	0
54541	0	0	0	0	0	0	38342	0	0	0	0	0	0	0	3980	0
54730	0	0	0	0	0	0	38919	0	0	0	0	0	0	0	4263	0
54745	0	0	0	0	0	0	39694	0	0	0	0	0	0	0	4280	0
55187	0	0	0	0	0	0	38344	0	0	0	0	0	0	0	4292	0
55215	0	0	0	0	0	0	35015	0	0	0	0	0	0	0	4309	0
55242	56228	0	0	0	0	0	39890	30272	4259	0	1065353216	1065353216	1065353216	0	4315	0
55356	0	0	0	0	0	0	15381	0	0	0	0	0	0	0	4335	0
55367	0	0	0	0	0	0	17192	0	0	0	0	0	0	0	4349	3
55386	0	0	0	0	0	0	39109	0	0	0	0	0	0	0	4367	3
55571	0	0	0	0	0	0	39163	0	0	0	0	0	0	0	4376	3
55574	0	0	0	0	0	0	39333	0	0	0	0	0	0	0	4390	3
55768	0	0	0	0	0	0	41918	0	0	0	0	0	0	0	4407	0
56031	0	0	0	0	0	0	39137	0	0	0	0	0	0	0	4422	0
56082	0	0	0	0	0	0	38340	0	0	0	0	0	0	0	3951	0
56083	0	0	0	0	0	0	38341	0	0	0	0	0	0	0	3965	0
56266	0	0	0	0	0	0	39380	0	0	0	0	0	0	0	4435	0
56890	0	0	0	0	0	0	43117	0	0	0	0	0	0	0	4449	0
58163	0	0	0	0	0	0	40019	0	0	0	1065353216	0	0	0	4471	0
59020	0	0	0	0	0	0	40538	0	0	0	0	0	0	0	4491	3
59216	0	0	0	0	0	0	10090	0	0	0	1065353216	0	0	0	4509	0
59702	0	0	0	0	0	0	4959	0	0	0	1065353216	0	0	0	4540	0
59709	0	0	0	0	0	0	34413	0	0	0	1065353216	0	0	0	4554	0
59710	0	0	0	0	0	0	22778	0	0	0	1065353216	0	0	0	4580	0
59795	0	0	0	0	0	0	8409	0	0	0	1065353216	0	0	0	4606	0
60149	30848	0	0	0	0	0	41490	0	0	0	1065353216	0	0	0	4632	0
60152	12801	0	0	0	0	0	41145	41147	41146	41148	1065353216	0	1065353216	0	4648	0
60157	0	0	0	0	0	0	41267	0	0	0	1065353216	0	0	0	4659	0
60205	0	0	0	0	0	0	39467	42351	39473	0	1065353216	1073741824	1065353216	0	4679	0
60291	0	0	0	11285	0	0	16480	21342	0	0	0	1065353216	0	0	4687	0
60406	0	0	0	0	0	0	41397	0	0	0	1065353216	0	0	0	4698	0
60418	0	0	0	0	0	0	15984	0	0	0	1065353216	0	0	0	4723	0
60424	0	0	0	0	0	0	36499	0	0	0	1065353216	0	0	0	4749	0
60430	0	0	0	0	0	0	33559	0	0	0	1065353216	0	0	0	4775	0
60522	0	0	0	0	0	0	41469	0	0	0	1065353216	0	0	0	4801	0
60525	0	0	0	0	0	0	41472	0	0	0	1065353216	0	0	0	4818	0
60526	0	0	0	0	0	0	41473	0	0	0	1065353216	0	0	0	4835	0
60527	0	0	0	0	0	0	41475	0	0	0	1065353216	0	0	0	4852	0
60547	0	0	0	0	0	0	9989	0	0	0	1065353216	1065353216	1065353216	1065353216	4869	0
60548	0	0	0	0	0	0	11709	0	0	0	1065353216	1065353216	1065353216	1065353216	4877	0
60574	0	0	0	0	0	0	41493	0	0	0	1065353216	0	0	0	4886	0
60592	0	0	0	0	0	0	39039	0	0	0	1065353216	0	0	0	4899	0
60649	0	0	0	0	0	0	42906	0	0	0	1065353216	1065353216	1065353216	1065353216	4917	0
60820	0	0	0	0	0	0	41601	0	0	0	1065353216	0	0	0	4928	0
60821	0	0	0	0	0	0	41602	0	0	0	1065353216	0	0	0	4948	0
60828	0	0	0	0	0	0	41605	0	0	0	1065353216	0	0	0	4968	0
60829	0	0	0	0	0	0	38870	0	0	0	1065353216	0	0	0	4983	0
60830	0	0	0	0	0	0	41606	0	0	0	1065353216	0	0	0	4990	0
60861	0	0	0	0	0	0	38872	0	0	0	1065353216	0	0	0	5006	0
61071	0	0	0	0	0	0	6297	1924	6295	901	1065353216	1065353216	1065353216	1065353216	5033	0
61073	0	0	0	0	0	0	41859	0	0	0	1065353216	0	0	0	5044	0
61074	0	0	0	0	0	0	41858	41859	0	0	1077936128	1065353216	0	0	5066	0
61075	0	0	0	0	0	0	41079	0	0	0	1065353216	0	0	0	5084	3
61079	0	0	0	0	0	0	41826	0	0	0	1065353216	0	0	0	5105	0
61080	0	0	0	0	0	0	328	4626	0	0	1065353216	1065353216	1065353216	1065353216	5125	0
61081	0	0	0	0	0	0	134	0	0	0	1065353216	1065353216	1065353216	1065353216	5132	0
61085	0	0	0	0	0	0	41832	0	0	0	1065353216	1065353216	1065353216	1065353216	5141	0
61086	0	0	0	0	0	0	41833	0	0	0	1065353216	1065353216	1065353216	1065353216	5157	0
61087	0	0	0	0	0	0	41834	0	0	0	1065353216	1065353216	1065353216	1065353216	5168	0
61088	0	0	0	0	0	0	41835	0	0	0	1065353216	1065353216	1065353216	1065353216	5180	0
61089	0	0	0	0	0	0	41836	0	0	0	1065353216	1065353216	1065353216	1065353216	5199	0
61129	0	0	0	0	0	0	41839	0	0	0	1065353216	0	0	0	5209	0
61141	0	0	0	0	0	0	1072	0	0	0	1065353216	1065353216	1065353216	1065353216	5219	0
61142	0	0	0	0	0	0	1206	6303	2957	2958	1065353216	1065353216	1065353216	1065353216	5231	0
61143	0	0	0	0	0	0	4959	4960	0	0	1065353216	1065353216	0	0	5237	0
61148	41365	0	0	0	0	0	41855	0	0	0	1065353216	0	0	0	5243	0
61149	41365	0	0	0	0	0	41857	0	0	0	1065353216	0	0	0	5243	0
61158	0	0	0	0	0	0	41581	41878	41879	41880	1065353216	1065353216	1065353216	1065353216	5260	0
61160	0	0	0	0	0	0	41886	0	0	0	1065353216	1065353216	1065353216	1065353216	5271	0
61165	0	0	0	0	0	0	654	0	0	0	1065353216	1065353216	1065353216	1065353216	5286	0
61167	0	0	0	0	0	0	328	4626	25340	6302	1065353216	1065353216	1065353216	1065353216	5291	0
61168	0	0	0	0	0	0	1141	1418	2176	0	1073741824	1073741824	1065353216	0	5311	0
61169	0	0	0	0	0	0	2177	0	0	0	1065353216	1065353216	1065353216	1065353216	5324	0
61170	0	0	0	0	0	0	856	857	0	0	1073741824	1065353216	1065353216	1065353216	5330	0
61171	0	0	0	0	0	0	41887	0	0	0	1065353216	0	0	0	5336	3
61213	0	0	0	0	0	0	43134	0	0	0	0	0	0	0	5354	0
61253	0	0	0	0	0	0	2536	9829	1160	14952	1065353216	1065353216	1065353216	1065353216	5373	0
61255	0	0	0	0	0	0	16633	0	0	0	1065353216	1065353216	1065353216	1065353216	5389	0
61257	0	0	0	0	0	0	1141	0	0	0	1065353216	1065353216	1065353216	1065353216	5395	0
61258	0	0	0	0	0	0	3126	0	36544	0	1065353216	1065353216	1065353216	1065353216	5405	0
61259	0	0	0	0	0	0	41949	0	0	0	1065353216	0	0	0	5415	0
61292	28426	28754	0	0	0	0	41957	0	0	0	1065353216	0	0	0	5432	0
61300	28426	28754	0	0	0	0	41959	0	0	0	1065353216	0	0	0	5432	0
61301	28426	28754	0	0	0	0	41958	0	0	0	1065353216	0	0	0	5432	0
61304	68838	32375	0	0	0	0	41813	0	0	0	1065353216	0	0	0	5454	3
61309	3350	0	0	0	0	0	41952	41953	41954	41955	1065353216	1065353216	1065353216	1065353216	5466	0
61310	22215	0	0	0	0	0	41951	0	0	0	1065353216	0	0	0	5243	0
61312	0	0	0	0	0	0	5557	5558	5559	5560	1065353216	1065353216	1065353216	1065353216	5260	0
61313	0	0	0	0	0	0	8816	8817	8818	8819	1065353216	1065353216	1065353216	1065353216	5486	3
61314	0	0	0	0	0	0	36671	0	0	0	1065353216	1065353216	1065353216	1065353216	5493	3
61317	0	0	0	0	0	0	4959	36357	0	0	1065353216	1065353216	0	0	5506	0
61318	0	0	0	0	0	0	36578	0	4343	0	1065353216	1065353216	1065353216	1065353216	5523	0
61319	0	0	0	0	0	0	7511	15467	8971	15468	1065353216	1065353216	1065353216	1065353216	5535	0
61320	0	0	0	0	0	0	2536	9829	1160	14952	1065353216	1065353216	1065353216	1065353216	5542	0
61321	0	0	0	0	0	0	36583	36599	36584	0	1065353216	1065353216	1065353216	0	5560	0
61322	0	0	0	0	0	0	5866	0	0	0	1065353216	0	0	0	5577	3
61323	0	0	0	0	0	0	1141	1418	2176	0	1073741824	1073741824	0	0	5583	0
61324	0	0	0	0	0	0	21362	0	0	0	1065353216	1065353216	1065353216	1065353216	5593	0
61325	0	0	0	0	0	0	1986	1206	1987	0	1065353216	1065353216	1065353216	1065353216	5602	0
61326	0	0	0	0	0	0	15469	5905	15470	15471	1065353216	1065353216	1065353216	1065353216	5608	0
61327	0	0	0	0	0	0	2536	9829	1160	14952	1065353216	1065353216	1065353216	1065353216	5617	0
61328	0	0	0	0	0	0	8971	0	0	0	1065353216	1065353216	1065353216	1065353216	5624	0
61329	0	0	0	0	0	0	41960	0	0	0	1065353216	1065353216	1065353216	1065353216	5636	0
61366	0	0	0	0	0	0	1141	1418	2176	0	1073741824	1073741824	1065353216	0	5646	0
61367	0	0	0	0	0	0	1986	1987	2954	2956	1065353216	1065353216	1065353216	1065353216	5650	0
61368	0	0	0	0	0	0	5379	0	0	0	1065353216	1065353216	1065353216	1065353216	5662	0
61369	0	0	0	0	0	0	901	0	0	0	1065353216	1065353216	1065353216	1065353216	5672	0
61370	0	0	0	0	0	0	36944	36952	36956	36957	1065353216	1065353216	1065353216	1065353216	5677	3
61372	0	0	0	0	0	0	1986	0	0	0	1065353216	1065353216	1065353216	1065353216	5688	0
61375	0	0	0	0	0	0	41976	0	0	0	1065353216	1065353216	1065353216	1065353216	5697	0
61383	0	0	0	0	0	0	5560	0	0	0	1065353216	1065353216	1065353216	1065353216	5716	0
61384	0	0	0	0	0	0	2177	0	0	0	1065353216	1065353216	1065353216	1065353216	233	0
61385	0	0	0	0	0	0	4268	36544	35802	0	1065353216	1065353216	1065353216	1065353216	5726	0
61386	0	0	0	0	0	0	41981	0	0	0	1065353216	1065353216	1065353216	1065353216	5736	0
61420	0	0	0	0	0	0	14952	9829	27861	0	1065353216	1065353216	1065353216	1065353216	5748	0
61425	0	0	0	0	0	0	42051	0	0	0	1065353216	0	0	0	5763	0
61438	0	0	0	0	0	0	15467	15468	0	0	1065353216	1065353216	0	0	5780	0
61439	0	0	0	0	0	0	35804	0	1987	0	1065353216	1065353216	1065353216	1065353216	5792	0
61440	0	0	0	0	0	0	15469	5905	36617	36616	1065353216	1065353216	1065353216	1065353216	5804	0
61441	0	0	0	0	0	0	36585	0	0	0	1065353216	0	0	0	5827	0
61443	0	0	0	0	0	0	2954	0	0	0	1065353216	1065353216	1065353216	1065353216	5840	0
61456	0	0	0	0	0	0	10000	10001	10002	10003	1065353216	1065353216	1065353216	1065353216	5851	0
61459	0	0	0	0	0	0	42068	0	0	0	1065353216	0	0	0	5855	0
61544	0	0	0	0	0	0	169	13069	0	0	0	1065353216	1065353216	1065353216	5872	0
61677	0	0	0	0	0	0	16633	0	0	0	1065353216	1065353216	1065353216	1065353216	5909	0
61682	7612	0	0	0	0	0	42562	0	0	0	1065353216	0	0	0	4632	0
61684	0	0	0	11285	0	0	39290	39291	39292	0	1065353216	1065353216	0	0	5924	3
61689	0	0	0	0	0	0	42203	0	0	0	1065353216	0	0	0	5929	0
61690	0	0	0	0	0	0	23926	36342	0	0	1065353216	1065353216	1065353216	1065353216	5938	0
61691	0	0	0	0	0	0	2177	0	0	0	1065353216	1065353216	1065353216	1065353216	5950	0
61703	0	0	0	0	0	0	30424	0	0	0	1065353216	0	0	0	5967	0
61704	0	0	0	0	0	0	328	4626	6302	0	1065353216	1065353216	1065353216	1065353216	5980	0
61708	0	0	0	0	0	0	10090	7937	0	0	1065353216	1065353216	0	0	6002	0
61718	0	0	0	0	0	0	42218	0	0	0	1065353216	0	0	0	6037	0
61750	0	0	0	0	0	0	347	0	0	0	1065353216	1065353216	1065353216	1065353216	6051	0
61751	0	0	0	0	0	0	1560	0	0	0	1065353216	1065353216	1065353216	1065353216	6056	0
61752	0	0	0	0	0	0	2838	0	0	0	1065353216	1065353216	1065353216	1065353216	6061	0
61753	0	0	0	0	0	0	9904	9906	0	0	1065353216	1065353216	0	0	6074	0
61755	0	0	0	0	0	0	328	0	0	0	0	0	0	0	1904	0
61757	0	0	0	0	0	0	36620	0	0	0	1065353216	1065353216	1065353216	1065353216	6081	0
61758	0	0	0	0	0	0	42229	0	0	0	1065353216	1065353216	1065353216	1065353216	6101	0
61826	0	0	0	0	0	0	42265	0	0	0	1065353216	0	0	0	6119	3
61830	0	0	0	0	0	0	9904	0	0	0	1065353216	0	0	0	6130	0
61833	0	0	0	0	0	0	41826	0	0	0	1065353216	0	0	0	5105	0
61844	0	0	0	0	0	0	39044	0	0	0	1065353216	0	0	0	6147	0
61845	0	0	0	0	0	0	32575	0	0	0	1065353216	0	0	0	6164	0
61846	0	0	0	0	0	0	39047	0	0	0	1065353216	0	0	0	6186	0
61866	0	0	0	0	0	0	39049	0	0	0	1065353216	0	0	0	6193	0
61867	0	0	0	0	0	0	39207	0	0	0	1065353216	0	0	0	6200	0
61868	0	0	0	0	0	0	39116	0	0	0	1065353216	0	0	0	6206	0
61869	0	0	0	0	0	0	41931	0	0	0	1065353216	0	0	0	6214	0
61877	0	0	0	0	0	0	15905	0	0	0	1065353216	0	0	0	6220	0
61883	0	0	0	0	0	0	42297	0	0	0	1065353216	1065353216	1065353216	1065353216	6229	0
61889	0	0	0	0	0	0	1141	1418	2176	0	1073741824	1073741824	1065353216	0	6242	0
61890	0	0	0	0	0	0	42334	0	0	0	1065353216	1065353216	1065353216	1065353216	6256	0
61892	0	0	0	0	0	0	42299	0	0	0	1065353216	1065353216	1065353216	1065353216	6274	0
61897	0	0	0	0	0	0	41918	0	0	0	1065353216	1065353216	1065353216	1065353216	4407	0
61898	0	0	0	0	0	0	42324	0	0	0	1065353216	0	0	0	6282	0
61899	0	0	0	0	0	0	42325	0	0	0	1065353216	0	0	0	6299	0
61900	0	0	0	0	0	0	42326	0	0	0	1065353216	0	0	0	6310	0
61901	0	0	0	0	0	0	41092	0	0	0	1065353216	0	0	0	6335	0
61902	0	0	0	0	0	0	40786	0	0	0	1065353216	0	0	0	6335	0
61904	0	0	0	0	0	0	42300	42301	42302	42303	1065353216	1065353216	1065353216	1065353216	6343	0
61905	0	0	0	0	0	0	42304	0	0	0	1065353216	1065353216	1065353216	1065353216	6358	0
61906	60765	0	0	0	0	0	42305	0	0	0	1065353216	0	0	0	6376	0
61907	0	0	0	0	0	0	42306	0	0	0	1065353216	0	0	0	6382	0
61908	0	0	0	0	0	0	42307	0	0	0	1065353216	0	0	0	6387	0
61909	0	0	0	0	0	0	42308	0	0	0	1065353216	0	0	0	6405	0
61911	0	0	0	0	0	0	40205	0	0	0	1065353216	0	0	0	6411	0
61912	0	0	0	0	0	0	40590	0	0	0	1065353216	0	0	0	6411	0
61913	0	0	0	0	0	0	14778	0	0	0	1065353216	0	0	0	6411	0
61916	0	0	0	0	0	0	42309	0	0	0	1065353216	0	0	0	6405	0
61918	0	0	0	0	0	0	42311	42310	42312	42313	1065353216	1065353216	1065353216	1065353216	6414	0
61920	0	0	0	0	0	0	42314	0	0	0	1065353216	0	0	0	6432	0
61922	0	0	0	0	0	0	42315	0	0	0	1065353216	0	0	0	6432	0
61923	0	0	0	0	0	0	42316	0	0	0	1065353216	0	0	0	6432	0
61925	0	0	0	0	0	0	42317	0	0	0	1065353216	0	0	0	6441	0
61926	0	0	0	0	0	0	41263	0	0	0	1065353216	1065353216	1065353216	1065353216	6450	0
61927	0	0	0	0	0	0	40924	0	0	0	1065353216	1065353216	1065353216	1065353216	6455	0
61930	0	0	0	0	0	0	41304	0	0	0	1065353216	1065353216	1065353216	1065353216	6462	0
61931	0	0	0	0	0	0	42233	0	0	0	1065353216	1065353216	1065353216	1065353216	6469	0
61932	0	0	0	0	0	0	42318	0	0	0	1065353216	0	0	0	6469	3
61933	34819	0	0	0	0	0	41781	0	0	0	1065353216	1065353216	1065353216	1065353216	6481	0
61934	29440	0	0	0	0	0	41784	0	0	0	1065353216	1065353216	1065353216	1065353216	6494	0
61935	15241	15241	0	0	0	0	41785	0	0	0	1065353216	1065353216	1065353216	1065353216	6509	0
61936	0	0	0	0	0	0	22791	0	0	0	1065353216	1065353216	1065353216	1065353216	6522	0
61937	0	0	0	0	0	0	441	0	0	0	1065353216	1065353216	1065353216	1065353216	6536	0
61938	0	0	0	0	0	0	30186	0	0	0	1065353216	1065353216	1065353216	1065353216	6560	0
61941	0	0	0	0	0	0	42319	0	0	0	1065353216	0	0	0	6299	0
61942	0	0	0	0	0	0	41037	0	0	0	1065353216	0	0	0	6576	0
61988	0	0	0	0	0	0	42327	0	0	0	1065353216	0	0	0	6592	0
61997	0	0	0	0	0	0	11686	0	0	0	1065353216	0	0	0	6596	0
62019	0	0	0	0	0	0	5585	5555	5556	5586	1065353216	1065353216	1065353216	1065353216	6618	0
62020	0	0	0	0	0	0	42335	0	0	0	1065353216	1065353216	1065353216	1065353216	6622	0
62022	0	0	0	0	0	0	9906	9904	9905	15983	1065353216	1065353216	1065353216	0	6635	0
62026	0	0	0	0	0	0	1126	11686	0	0	0	1065353216	0	0	6641	0
62032	0	0	0	0	0	0	42341	0	0	0	1065353216	1065353216	1065353216	1065353216	6667	0
62034	0	0	0	0	0	0	42342	0	0	0	1065353216	1065353216	1065353216	1065353216	6677	0
62035	0	0	0	0	0	0	36499	0	0	0	1065353216	0	0	0	6689	0
62050	0	0	0	0	0	0	42343	0	0	0	1065353216	1065353216	1065353216	1065353216	6712	2
62051	0	0	0	0	0	0	42344	0	0	0	1065353216	1065353216	1065353216	1065353216	1486	0
62052	0	0	0	0	0	0	42345	0	0	0	0	0	0	0	6722	0
62053	0	0	0	0	0	0	42346	0	0	0	1065353216	0	0	0	6739	0
62091	0	0	0	0	0	0	26056	0	0	0	1065353216	0	0	0	6758	3
62114	0	0	0	0	0	0	36583	36584	36585	36598	1065353216	1065353216	1065353216	1065353216	6773	0
62115	0	0	0	0	0	0	7511	15467	8971	15468	1065353216	1065353216	1065353216	1065353216	6786	0
62116	0	0	0	0	0	0	7511	0	0	0	1065353216	0	0	0	6798	0
62117	0	0	0	0	0	0	36236	0	0	0	1065353216	0	0	0	6812	0
62118	0	0	0	0	0	0	0	36644	0	7511	1065353216	1065353216	1065353216	1065353216	6828	0
62119	0	0	0	0	0	0	7920	0	0	0	1065353216	1065353216	1065353216	1065353216	6844	0
62120	0	0	0	0	0	0	26532	0	0	0	1065353216	1065353216	1065353216	1065353216	6855	0
62121	0	0	0	0	0	0	27881	0	0	0	1065353216	0	0	0	6878	0
62129	0	0	0	0	0	0	42362	0	0	0	1065353216	0	0	0	6895	0
62130	0	0	0	0	0	0	42363	0	0	0	1065353216	0	0	0	6907	0
62163	0	0	0	0	0	0	1547	2238	2237	0	1073741824	1073741824	1065353216	1065353216	6920	0
62169	0	0	0	0	0	0	42374	0	0	0	1065353216	1065353216	1065353216	1065353216	6928	0
62170	0	0	0	0	0	0	42375	0	0	0	1065353216	1065353216	1065353216	1065353216	6928	0
62176	0	0	0	0	0	0	2238	0	0	0	1065353216	0	0	0	6945	0
62177	0	0	0	0	0	0	36944	36952	36956	36957	1065353216	1065353216	1065353216	1065353216	6958	3
62178	0	0	0	0	0	0	328	4626	15918	6302	1065353216	1065353216	1065353216	1065353216	6970	0
62181	0	0	0	0	0	0	36648	0	0	0	1065353216	1065353216	1065353216	1065353216	6983	0
62182	0	0	0	0	0	0	36604	0	0	0	1065353216	1065353216	1065353216	1065353216	7005	0
62184	0	0	0	0	0	0	4268	36544	0	0	1065353216	1065353216	1065353216	1065353216	7030	0
62185	0	0	0	0	0	0	36583	36598	36599	0	1065353216	1065353216	1065353216	0	7041	0
62186	0	0	0	0	0	0	36638	34170	34169	34171	1065353216	1065353216	1065353216	1065353216	7052	0
62187	0	0	0	0	0	0	42381	0	0	0	1065353216	1065353216	1065353216	1065353216	7066	0
62188	0	0	0	0	0	0	23786	0	0	0	1065353216	1065353216	1065353216	1065353216	7082	0
62189	0	0	0	0	0	0	36620	0	0	0	1065353216	1065353216	1065353216	1065353216	7092	0
62190	0	0	0	0	0	0	36580	0	0	0	1065353216	1065353216	1065353216	1065353216	7108	0
62201	0	0	0	0	0	0	42745	0	0	0	1065353216	0	0	0	7120	2
62246	0	0	0	0	0	0	42407	42408	42409	0	1065353216	1065353216	1065353216	0	7136	0
62255	0	0	0	0	0	0	42415	0	0	0	1065353216	0	0	0	7155	0
62256	0	0	0	0	0	0	7511	15467	8971	15468	1065353216	1065353216	1065353216	1065353216	7171	0
62257	0	0	0	0	0	0	5586	0	0	0	1065353216	0	0	0	7180	0
62258	0	0	0	0	0	0	42416	0	0	0	1065353216	0	0	0	7192	0
62262	0	0	0	0	0	0	41008	41007	41006	0	1065353216	1065353216	1065353216	0	7211	0
62263	0	0	0	0	0	0	41931	0	0	0	1065353216	0	0	0	7219	0
62272	0	0	0	0	0	0	40679	0	0	0	1065353216	1065353216	1065353216	1065353216	7230	0
62312	0	0	0	0	0	0	6297	1924	6295	901	1065353216	1065353216	1065353216	1065353216	7240	0
62313	0	0	0	0	0	0	42409	0	0	0	1065353216	0	0	0	7245	0
62314	0	0	0	0	0	0	2177	0	0	0	1065353216	1065353216	1065353216	1065353216	7257	0
62315	0	0	0	0	0	0	36944	36952	36956	36957	1065353216	1065353216	1065353216	1065353216	7275	3
62316	0	0	0	0	0	0	1141	0	0	0	1065353216	1065353216	1065353216	1065353216	7288	0
62317	0	0	0	0	0	0	42428	0	0	0	1065353216	0	0	0	7300	0
62324	0	0	0	0	0	0	42891	0	0	0	1065353216	1065353216	1065353216	1065353216	7310	0
62364	0	0	0	0	0	0	36583	0	0	0	1065353216	0	1065353216	0	7320	0
62370	0	0	0	0	0	0	6297	0	6296	0	1065353216	1065353216	1065353216	1065353216	7331	0
62373	0	0	0	0	0	0	36944	36952	36953	36955	1065353216	1065353216	1065353216	1065353216	7349	3
62375	0	0	0	0	0	0	42464	0	0	0	1065353216	0	0	0	7360	0
62409	0	0	0	0	0	0	41918	0	0	0	1065353216	1065353216	1065353216	1065353216	4407	0
62426	82348	0	0	0	0	0	42319	0	0	0	1065353216	0	0	0	7382	0
62427	81906	0	0	0	0	0	42319	0	0	0	1065353216	0	0	0	7382	0
62428	82773	0	0	0	0	0	42319	0	0	0	1065353216	0	0	0	7382	0
62433	0	0	0	0	0	0	40059	0	0	0	1065353216	1065353216	1065353216	1065353216	7399	0
62437	81358	0	0	0	0	0	42485	42487	0	0	1065353216	0	0	0	7411	0
62526	0	0	0	0	0	0	42523	0	0	0	1065353216	0	0	0	7419	0
62555	0	0	0	0	0	0	42553	0	0	0	1065353216	1065353216	1065353216	1065353216	7436	0
62564	0	0	0	0	0	0	42554	0	0	0	1065353216	1065353216	1065353216	1065353216	7453	0
62579	0	0	0	0	0	0	42640	0	0	0	1065353216	1065353216	1065353216	1065353216	7470	0
62580	0	0	0	0	0	0	42640	0	0	0	1065353216	1065353216	1065353216	1065353216	7480	0
62581	0	0	0	0	0	0	42640	0	0	0	1065353216	1065353216	1065353216	1065353216	7488	0
62583	0	0	0	0	0	0	38236	0	0	0	1065353216	1065353216	1065353216	1065353216	7495	0
62620	0	0	0	0	0	0	42575	0	0	0	1065353216	1065353216	1065353216	1065353216	7517	0
62621	0	0	0	0	0	0	42576	0	0	0	1065353216	1065353216	1065353216	1065353216	7532	0
62625	0	0	0	0	0	0	2177	0	0	0	1065353216	1065353216	1065353216	1065353216	7542	0
62626	0	0	0	0	0	0	32313	0	0	0	1065353216	1065353216	1065353216	1065353216	7555	0
62627	0	0	0	0	0	0	42578	0	0	0	1065353216	1065353216	1065353216	1065353216	7568	0
62628	0	0	0	0	0	0	42580	0	0	0	1065353216	1065353216	1065353216	1065353216	7589	0
62634	0	0	0	0	0	0	42583	0	0	0	1065353216	0	0	0	7616	0
62635	0	0	0	0	0	0	42584	0	0	0	1065353216	0	0	0	7633	0
62639	82348	0	0	0	0	0	42587	0	0	0	1065353216	0	0	0	7650	0
62640	0	0	0	0	0	0	15554	7571	13509	0	1065353216	1065353216	1065353216	0	7662	0
62641	0	0	0	0	0	0	22175	0	0	0	1065353216	1065353216	1065353216	1065353216	7679	0
62664	0	0	0	0	0	0	304	0	0	0	1065353216	1065353216	1065353216	1065353216	7689	0
62669	0	0	0	0	0	0	42617	0	0	0	1065353216	1065353216	1065353216	1065353216	7697	0
62693	0	0	0	0	0	0	328	0	0	0	0	0	0	0	7712	0
62695	0	0	0	0	0	0	1072	0	0	0	1065353216	1065353216	1065353216	1065353216	7724	0
62697	0	0	0	0	0	0	42781	0	0	0	1065353216	0	0	0	7738	0
62815	0	0	0	0	0	0	1924	0	0	0	1065353216	1065353216	1065353216	1065353216	7752	0
62816	0	0	0	0	0	0	42708	0	0	0	1065353216	1065353216	1065353216	1065353216	7761	0
62818	0	0	0	0	0	0	134	0	0	0	1065353216	1065353216	1065353216	1065353216	7779	0
62819	0	0	0	0	0	0	42709	0	0	0	1065353216	0	0	0	7796	3
62820	0	0	0	0	0	0	30159	0	0	0	1065353216	1065353216	1065353216	1065353216	7817	0
62835	0	0	0	0	0	0	25390	25391	25390	25391	1073741824	1073741824	1065353216	1065353216	7832	0
62852	0	0	0	0	0	0	42735	0	0	0	1065353216	1065353216	1065353216	1065353216	7847	3
62854	0	0	0	0	0	0	42737	0	0	0	1065353216	0	0	0	7868	0
62862	0	0	0	0	0	0	42735	0	0	0	1065353216	1065353216	1065353216	1065353216	7847	0
62864	0	0	0	0	0	0	42757	0	0	0	1065353216	1065353216	1065353216	1065353216	7887	0
62884	0	0	0	0	0	0	4959	4960	36357	0	1065353216	1065353216	1065353216	0	7902	0
62885	0	0	0	0	0	0	1141	1418	0	0	1065353216	1065353216	1065353216	1065353216	7914	0
62886	0	0	0	0	0	0	2177	0	0	0	1065353216	1065353216	1065353216	1065353216	7926	0
62887	0	0	0	0	0	0	2177	0	0	0	1065353216	1065353216	1065353216	1065353216	7943	0
62888	0	0	0	0	0	0	6197	0	0	0	1065353216	1065353216	1065353216	1065353216	7966	2
62892	0	0	0	0	0	0	6297	1924	6295	901	1065353216	1065353216	1065353216	1065353216	7982	0
62893	0	0	0	0	0	0	2177	0	0	0	1065353216	1065353216	1065353216	1065353216	7991	0
62894	0	0	0	0	0	0	36583	0	36585	0	1065353216	0	1065353216	0	7998	0
62895	0	0	0	0	0	0	36944	36952	36956	36957	1065353216	1065353216	1065353216	1065353216	8012	3
62896	0	0	0	0	0	0	15469	5905	15470	36616	1065353216	1065353216	1065353216	1065353216	8023	0
62899	0	0	0	0	0	0	42771	0	0	0	1065353216	1065353216	1065353216	1065353216	8040	0
62900	0	0	0	0	0	0	30412	36332	36336	0	1065353216	1065353216	1065353216	0	8055	0
62904	0	0	0	0	0	0	2838	0	0	0	1065353216	1065353216	1065353216	1065353216	8084	0
62905	0	0	0	0	0	0	4959	4960	0	0	1065353216	1065353216	0	0	8106	0
62906	0	0	0	0	0	0	21774	22191	0	0	0	0	0	0	8122	0
62907	0	0	0	0	0	0	22447	0	0	0	1065353216	1065353216	1065353216	1065353216	8139	0
62910	0	0	0	0	0	0	29905	0	0	0	1065353216	0	0	0	8155	0
62914	0	0	0	0	0	0	42783	0	0	0	1065353216	1065353216	1065353216	1065353216	8166	0
62915	0	0	0	0	0	0	36603	0	0	0	1065353216	1065353216	1065353216	1065353216	8185	0
62916	0	0	0	0	0	0	36944	36952	36953	36955	1065353216	1065353216	1065353216	1065353216	8209	3
62921	0	0	0	0	0	0	1141	1418	0	0	1065353216	1065353216	1065353216	1065353216	8221	0
62922	0	0	0	0	0	0	36605	0	0	0	1065353216	1065353216	1065353216	1065353216	8234	0
62924	0	0	0	0	0	0	2177	0	0	0	1065353216	1065353216	1065353216	1065353216	8258	0
62925	0	0	0	0	0	0	15467	36644	36613	7511	1065353216	1065353216	1065353216	1065353216	8277	0
62927	0	0	0	0	0	0	42791	0	0	0	1065353216	1065353216	1065353216	1065353216	8292	2
62953	0	0	0	0	0	0	34160	0	0	0	1065353216	0	0	0	8306	3
62954	0	0	0	0	0	0	1141	1418	2176	0	1073741824	1073741824	1065353216	0	8315	0
62991	0	0	0	0	0	0	36544	0	0	0	1065353216	0	0	0	8329	0
62992	0	0	0	0	0	0	40713	40716	0	0	1065353216	1065353216	0	0	8341	0
62994	0	0	0	0	0	0	27883	0	0	0	1065353216	0	0	0	8359	0
62997	0	0	0	0	0	0	6297	0	0	0	0	0	0	0	8374	0
62998	0	0	0	0	0	0	40584	40585	0	0	1065353216	1065353216	0	0	8388	0
62999	0	0	0	0	0	0	3126	35802	36578	35803	1065353216	1065353216	1065353216	1065353216	8403	0
63001	0	0	0	0	0	0	38380	38135	34590	0	1073741824	1065353216	1065353216	0	8416	0
63002	0	0	0	0	0	0	38831	0	0	0	0	0	0	0	8431	0
63003	0	0	0	0	0	0	134	0	0	0	0	0	0	0	8443	0
63004	0	0	0	0	0	0	6303	36578	2957	2955	1065353216	1065353216	1065353216	1065353216	8455	0
63005	0	0	0	0	0	0	28507	0	0	0	1065353216	0	0	0	8467	0
63006	0	0	0	0	0	0	34160	0	0	0	1065353216	0	0	0	8483	0
63057	0	0	0	0	0	0	42856	0	0	0	1065353216	1065353216	1065353216	1065353216	8496	0
63060	0	0	0	0	0	0	37810	27882	0	0	1065353216	0	0	0	8509	0
63062	0	0	0	0	0	0	40089	40090	40094	0	1065353216	1065353216	1065353216	1065353216	8528	0
63064	0	0	0	0	0	0	41834	42861	42860	0	1065353216	1065353216	1065353216	1065353216	8542	0
63094	0	0	0	0	0	0	40124	40122	40123	0	1065353216	1065353216	1065353216	1065353216	8560	0
63095	0	0	0	0	0	0	42870	42871	42869	0	1065353216	1065353216	1065353216	1065353216	8577	0
63096	0	0	0	0	0	0	43127	0	0	0	1065353216	1065353216	1065353216	1065353216	8598	0
63097	0	0	0	0	0	0	981	0	0	0	1065353216	1065353216	1065353216	1065353216	5260	0
63098	0	0	0	0	0	0	42872	0	0	0	1065353216	1065353216	1065353216	1065353216	8612	0
63143	82771	0	0	0	0	0	42879	0	0	0	0	0	0	0	8626	0
63288	0	0	0	0	0	0	42988	0	0	0	1065353216	1065353216	1065353216	1065353216	8637	0
63289	0	0	0	0	0	0	36955	0	0	0	1065353216	1065353216	1065353216	1065353216	8656	3
63291	0	0	0	0	0	0	42987	0	0	0	1065353216	1065353216	1065353216	1065353216	8666	0
63293	0	0	0	0	0	0	42859	42874	0	0	1065353216	0	0	0	8680	0
63304	0	0	0	0	0	0	40630	40521	40226	0	1065353216	1065353216	1065353216	1065353216	8695	0
63320	0	0	0	11285	0	0	42944	0	0	0	1065353216	0	0	0	5924	3
63321	0	0	0	0	0	0	42939	0	0	0	1065353216	1065353216	1065353216	1065353216	8707	0
63322	0	0	0	0	0	0	42940	0	0	0	1065353216	1065353216	1065353216	1065353216	8724	0
63323	0	0	0	0	0	0	42941	0	0	0	1065353216	1065353216	1065353216	1065353216	8743	0
63324	0	0	0	0	0	0	42942	0	0	0	1065353216	1065353216	1065353216	1065353216	8759	0
63326	0	0	0	0	0	0	42943	0	0	0	1065353216	1065353216	1065353216	1065353216	8776	0
63358	0	0	0	0	0	0	42983	0	0	0	1065353216	1065353216	1065353216	1065353216	8794	0
63361	0	0	0	0	0	0	28434	0	0	0	1065353216	1065353216	1065353216	1065353216	8811	3
63365	0	0	0	0	0	0	21900	0	0	0	1065353216	1065353216	1065353216	1065353216	8827	0
63370	0	0	0	0	0	0	42986	0	0	0	1065353216	1065353216	1065353216	1065353216	8843	0
63374	0	0	0	0	0	0	41211	0	0	0	0	0	0	0	8855	0
63377	0	0	0	0	0	0	40175	0	0	0	0	0	0	0	8880	0
63378	0	0	0	0	0	0	41819	0	0	0	0	0	0	0	8896	0
63379	0	0	0	0	0	0	41821	0	0	0	0	0	0	0	8915	0
63380	0	0	0	0	0	0	41218	0	0	0	0	0	0	0	8925	0
63381	0	0	0	0	0	0	39698	0	0	0	0	0	0	0	8942	0
63382	0	0	0	0	0	0	42618	0	0	0	0	0	0	0	8958	0
63383	0	0	0	0	0	0	39697	0	0	0	0	0	0	0	8964	0
63384	0	0	0	0	0	0	40219	0	0	0	0	0	0	0	8971	0
63385	0	0	0	0	0	0	39724	0	0	0	0	0	0	0	8987	0
63386	0	0	0	0	0	0	42475	0	0	0	0	0	0	0	9006	0
63387	0	0	0	0	0	0	39715	0	0	0	0	0	0	0	9020	0
63388	0	0	0	0	0	0	40028	0	0	0	0	0	0	0	9025	0
63389	0	0	0	0	0	0	41719	0	0	0	0	0	0	0	9043	0
63390	0	0	0	0	0	0	41721	0	0	0	0	0	0	0	9051	0
63391	0	0	0	0	0	0	39699	0	0	0	0	0	0	0	9064	0
63392	0	0	0	0	0	0	41074	0	0	0	0	0	0	0	9081	0
63394	0	0	0	0	0	0	40006	0	0	0	0	0	0	0	9092	0
63395	0	0	0	0	0	0	40263	0	0	0	0	0	0	0	9110	0
63396	0	0	0	0	0	0	39792	0	0	0	0	0	0	0	9117	0
63397	0	0	0	0	0	0	40218	0	0	0	0	0	0	0	9132	0
63398	0	0	0	0	0	0	40045	40046	0	0	1065353216	1065353216	0	0	9145	0
63399	0	0	0	0	0	0	40282	40283	40284	0	1065353216	1065353216	1065353216	0	9165	0
63400	0	0	0	0	0	0	39597	0	0	0	1065353216	0	0	0	9184	0
63401	0	0	0	0	0	0	42572	0	0	0	1065353216	0	0	0	9198	0
63402	0	0	0	0	0	0	42572	0	0	0	1065353216	0	0	0	9212	0
63403	0	0	0	0	0	0	42706	42705	0	0	1065353216	1065353216	0	0	9228	0
63404	0	0	0	0	0	0	41113	0	0	0	1065353216	0	0	0	9245	0
63405	0	0	0	0	0	0	41215	0	0	0	1065353216	0	0	0	9262	0
63406	0	0	0	0	0	0	42624	0	0	0	1065353216	0	0	0	9275	0
63407	0	0	0	0	0	0	41216	0	0	0	1065353216	0	0	0	9287	0
63408	0	0	0	0	0	0	41216	0	0	0	1065353216	0	0	0	9299	0
63409	0	0	0	0	0	0	41213	0	0	0	1065353216	0	0	0	9312	0
63410	0	0	0	0	0	0	42625	0	0	0	1065353216	0	0	0	9329	0
63411	0	0	0	0	0	0	42626	0	0	0	1065353216	0	0	0	9344	0
63412	0	0	0	0	0	0	41210	0	0	0	1065353216	0	0	0	9363	0
63413	0	0	0	0	0	0	42994	0	0	0	1065353216	1065353216	1065353216	1065353216	9377	0
63414	0	0	0	0	0	0	42995	0	0	0	1065353216	1065353216	1065353216	1065353216	9384	0
63415	0	0	0	0	0	0	42996	0	0	0	1065353216	1065353216	1065353216	1065353216	9391	0
63416	0	0	0	0	0	0	42997	0	0	0	1065353216	1065353216	1065353216	1065353216	9398	0
63417	0	0	0	0	0	0	42998	0	0	0	1065353216	1065353216	1065353216	1065353216	9412	0
63418	0	0	0	0	0	0	42999	0	0	0	1065353216	1065353216	1065353216	1065353216	9419	0
63419	0	0	0	0	0	0	43000	0	0	0	1065353216	1065353216	1065353216	1065353216	9433	0
63426	0	0	0	0	0	0	43002	0	0	0	1065353216	1065353216	1065353216	1065353216	9447	0
63427	0	0	0	0	0	0	43005	0	0	0	1065353216	1065353216	1065353216	1065353216	9456	0
63428	0	0	0	0	0	0	43006	0	0	0	1065353216	1065353216	1065353216	1065353216	9465	0
63429	0	0	0	0	0	0	43007	0	0	0	1065353216	1065353216	1065353216	1065353216	9474	0
63430	0	0	0	0	0	0	43008	0	0	0	1065353216	1065353216	1065353216	1065353216	9483	0
63431	0	0	0	0	0	0	43009	0	0	0	1065353216	1065353216	1065353216	1065353216	9492	0
63432	0	0	0	0	0	0	43010	0	0	0	1065353216	1065353216	1065353216	1065353216	9501	0
63433	0	0	0	0	0	0	43011	0	0	0	1065353216	1065353216	1065353216	1065353216	9508	0
63434	0	0	0	0	0	0	43012	0	0	0	1065353216	1065353216	1065353216	1065353216	9522	0
63436	0	0	0	0	0	0	43014	0	0	0	1065353216	1065353216	1065353216	1065353216	9532	0
63437	0	0	0	0	0	0	43015	0	0	0	1065353216	1065353216	1065353216	1065353216	9542	0
63438	0	0	0	0	0	0	43016	0	0	0	1065353216	1065353216	1065353216	1065353216	9552	0
63439	0	0	0	0	0	0	43017	0	0	0	1065353216	1065353216	1065353216	1065353216	9562	0
63440	0	0	0	0	0	0	43018	0	0	0	1065353216	1065353216	1065353216	1065353216	9572	0
63441	0	0	0	0	0	0	43019	0	0	0	1065353216	1065353216	1065353216	1065353216	9582	0
63442	0	0	0	0	0	0	43020	0	0	0	1065353216	1065353216	1065353216	1065353216	9592	0
63443	0	0	0	0	0	0	43021	0	0	0	1065353216	1065353216	1065353216	1065353216	9602	0
63444	0	0	0	11285	0	0	43022	0	0	0	1065353216	0	0	0	9612	3
63446	0	0	0	0	0	0	43024	0	0	0	1065353216	1065353216	1065353216	1065353216	9620	0
63448	0	0	0	0	0	0	43025	0	0	0	1065353216	1065353216	1065353216	1065353216	9629	0
63449	0	0	0	0	0	0	43026	0	0	0	1065353216	1065353216	1065353216	1065353216	9638	0
63450	0	0	0	0	0	0	43027	0	0	0	1065353216	1065353216	1065353216	1065353216	9647	0
63451	0	0	0	0	0	0	40189	0	0	0	1065353216	0	0	0	9656	0
63452	0	0	0	0	0	0	43028	0	0	0	1065353216	1065353216	1065353216	1065353216	9672	0
63453	0	0	0	0	0	0	43029	0	0	0	1065353216	1065353216	1065353216	1065353216	9681	0
63454	0	0	0	0	0	0	43030	0	0	0	1065353216	1065353216	1065353216	1065353216	9690	0
63455	0	0	0	0	0	0	43031	0	0	0	1065353216	1065353216	1065353216	1065353216	9699	0
63456	0	0	0	0	0	0	43032	0	0	0	1065353216	1065353216	1065353216	1065353216	9716	0
63457	0	0	0	0	0	0	43033	0	0	0	1065353216	1065353216	1065353216	1065353216	9733	0
63458	0	0	0	0	0	0	43034	0	0	0	1065353216	1065353216	1065353216	1065353216	9750	0
63459	0	0	0	0	0	0	43035	0	0	0	1065353216	1065353216	1065353216	1065353216	9767	0
63460	0	0	0	0	0	0	43038	0	0	0	1065353216	1065353216	1065353216	1065353216	9786	0
63461	0	0	0	0	0	0	43041	0	0	0	1065353216	1065353216	1065353216	1065353216	9805	0
63462	0	0	0	0	0	0	43042	0	0	0	1065353216	1065353216	1065353216	1065353216	9824	0
63463	0	0	0	0	0	0	43043	0	0	0	1065353216	1065353216	1065353216	1065353216	9843	0
63464	0	0	0	0	0	0	43044	0	0	0	1065353216	1065353216	1065353216	1065353216	9862	0
63468	0	0	0	0	0	0	43048	0	0	0	1065353216	1065353216	1065353216	1065353216	9879	0
63469	0	0	0	0	0	0	43049	0	0	0	1065353216	1065353216	1065353216	1065353216	9894	0
63471	0	0	0	0	0	0	43050	0	0	0	1065353216	1065353216	1065353216	1065353216	9911	0
63478	0	0	0	0	0	0	43064	0	0	0	1065353216	1065353216	1065353216	1065353216	9926	0
63479	0	0	0	0	0	0	43065	0	0	0	1065353216	1065353216	1065353216	1065353216	9943	0
63481	79272	0	0	0	0	0	43071	0	0	0	1065353216	1065353216	1065353216	1065353216	9960	0
63483	79272	0	0	0	0	0	43074	0	0	0	1065353216	1065353216	1065353216	1065353216	9977	0
63486	79272	0	0	0	0	0	43076	0	0	0	1065353216	1065353216	1065353216	1065353216	9994	0
63488	79272	0	0	0	0	0	43077	0	0	0	1065353216	1065353216	1065353216	1065353216	10011	0
63491	79272	0	0	0	0	0	43078	0	0	0	1065353216	1065353216	1065353216	1065353216	10028	0
63492	79272	0	0	0	0	0	43079	0	0	0	1065353216	1065353216	1065353216	1065353216	10047	0
63493	79272	0	0	0	0	0	43081	0	0	0	1065353216	1065353216	1065353216	1065353216	10066	0
63496	79272	0	0	0	0	0	43083	0	0	0	1065353216	1065353216	1065353216	1065353216	10085	0
63547	0	0	0	0	0	0	36585	0	0	0	1065353216	0	0	0	10104	0
63548	0	0	0	0	0	0	15469	5905	36617	36616	1065353216	1065353216	1065353216	1065353216	10119	0
63549	0	0	0	0	0	0	40712	0	0	0	1065353216	1065353216	1065353216	1065353216	10136	0
63550	0	0	0	0	0	0	36388	0	0	0	0	0	0	0	10153	0
63551	0	0	0	0	0	0	42757	0	0	0	0	0	0	0	10168	0
63555	0	0	0	0	0	0	4440	0	0	0	1065353216	0	0	0	10187	0
63557	0	0	0	0	0	0	6302	0	0	0	0	0	0	0	10199	0
63558	0	0	0	0	0	0	28998	0	0	0	0	0	0	0	10210	0
63560	0	0	0	0	0	0	43117	43129	43130	0	0	0	0	0	4449	0
63561	0	0	0	0	0	0	43173	43140	43173	0	1065353216	1065353216	1065353216	0	5354	0
63585	0	0	0	0	0	0	304	5369	43152	43153	1065353216	1065353216	1065353216	1065353216	10225	0
63621	0	0	0	0	0	0	43172	0	0	0	1065353216	1065353216	1065353216	1065353216	10242	0
