field0	field1	field2
3249	Season 19	4278255360
43649	This Color Hurts My Eyes	4294901760
44964	Now with extra description	16777215
60408	Season 9	4278255360
60409	Season 9	4278255360
60410	Season 9	4278255360
60411	Season 9	4278255360
60412	Season 9	4278255360
60413	Season 9	4278255360
60414	Season 9	4278255360
60415	Season 9	4278255360
60416	Season 9	4278255360
60417	Season 9	4278255360
60418	Season 9	4278255360
60419	Season 9	4278255360
60420	Season 9	4278255360
60421	Season 9	4278255360
60422	Season 9	4278255360
60423	Season 9	4278255360
60424	Season 9	4278255360
60425	Season 9	4278255360
60426	Season 9	4278255360
60427	Season 9	4278255360
60428	Season 9	4278255360
60429	Season 9	4278255360
60430	Season 9	4278255360
60431	Season 9	4278255360
60432	Season 9	4278255360
60433	Season 9	4278255360
60434	Season 9	4278255360
60435	Season 9	4278255360
60436	Season 9	4278255360
60437	Season 9	4278255360
60438	Season 9	4278255360
60439	Season 9	4278255360
60440	Season 9	4278255360
60441	Season 9	4278255360
60442	Season 9	4278255360
60443	Season 9	4278255360
60444	Season 9	4278255360
60445	Season 9	4278255360
60446	Season 9	4278255360
60447	Season 9	4278255360
60448	Season 9	4278255360
60449	Season 9	4278255360
60450	Season 9	4278255360
60451	Season 9	4278255360
60452	Season 9	4278255360
60453	Season 9	4278255360
60454	Season 9	4278255360
60455	Season 9	4278255360
60456	Season 9	4278255360
60457	Season 9	4278255360
60458	Season 9	4278255360
60459	Season 9	4278255360
60460	Season 9	4278255360
60461	Season 9	4278255360
60462	Season 9	4278255360
60463	Season 9	4278255360
60464	Season 9	4278255360
60465	Season 9	4278255360
60466	Season 9	4278255360
60467	Season 9	4278255360
60468	Season 9	4278255360
60469	Season 9	4278255360
60470	Season 9	4278255360
60471	Season 9	4278255360
60472	Season 9	4278255360
60473	Season 9	4278255360
60474	Season 9	4278255360
60475	Season 9	4278255360
60476	Season 9	4278255360
60477	Season 9	4278255360
60478	Season 9	4278255360
60479	Season 9	4278255360
60480	Season 9	4278255360
60481	Season 9	4278255360
60482	Season 9	4278255360
60505	Season 9	4278255360
60506	Season 9	4278255360
60507	Season 9	4278255360
60508	Season 9	4278255360
60509	Season 9	4278255360
60510	Season 9	4278255360
60512	Season 9	4278255360
60513	Season 9	4278255360
60514	Season 9	4278255360
60515	Season 9	4278255360
60516	Season 9	4278255360
60517	Season 9	4278255360
60518	Season 9	4278255360
60519	Season 9	4278255360
60520	Season 9	4278255360
60521	Season 9	4278255360
60522	Season 9	4278255360
60523	Season 9	4278255360
60524	Season 9	4278255360
60525	Season 9	4278255360
60526	Season 9	4278255360
60527	Season 9	4278255360
60528	Season 9	4278255360
60529	Season 9	4278255360
60533	Season 9	4278255360
60534	Season 9	4278255360
60535	Season 9	4278255360
60536	Season 9	4278255360
60537	Season 9	4278255360
60538	Season 9	4278255360
60539	Season 9	4278255360
60540	Season 9	4278255360
60541	Season 9	4278255360
60551	Season 9	4278255360
60552	Season 9	4278255360
60553	Season 9	4278255360
60554	Season 9	4278255360
60555	Season 9	4278255360
60556	Season 9	4278255360
60557	Season 9	4278255360
60558	Season 9	4278255360
60559	Season 9	4278255360
60560	Season 9	4278255360
60561	Season 9	4278255360
60562	Season 9	4278255360
60563	Season 9	4278255360
60564	Season 9	4278255360
60565	Season 9	4278255360
60566	Season 9	4278255360
60567	Season 9	4278255360
60568	Season 9	4278255360
60569	Season 9	4278255360
60570	Season 9	4278255360
60571	Season 9	4278255360
60580	Season 9	4278255360
60581	Season 9	4278255360
60582	Season 9	4278255360
60583	Season 9	4278255360
60584	Season 9	4278255360
60585	Season 9	4278255360
60586	Season 9	4278255360
60587	Season 9	4278255360
60588	Season 9	4278255360
60589	Season 9	4278255360
60590	Season 9	4278255360
60591	Season 9	4278255360
60592	Season 9	4278255360
60593	Season 9	4278255360
60594	Season 9	4278255360
60595	Season 9	4278255360
60596	Season 9	4278255360
60597	Season 9	4278255360
60598	Season 9	4278255360
60599	Season 9	4278255360
60600	Season 9	4278255360
60601	Season 9	4278255360
60602	Season 9	4278255360
60603	Season 9	4278255360
60604	Season 9	4278255360
60605	Season 9	4278255360
60606	Season 9	4278255360
60607	Season 9	4278255360
60608	Season 9	4278255360
60609	Season 9	4278255360
60610	Season 9	4278255360
60611	Season 9	4278255360
60612	Season 9	4278255360
60613	Season 9	4278255360
60614	Season 9	4278255360
60626	Season 9	4278255360
60627	Season 9	4278255360
60628	Season 9	4278255360
60629	Season 9	4278255360
60630	Season 9	4278255360
60631	Season 9	4278255360
60632	Season 9	4278255360
60633	Season 9	4278255360
60634	Season 9	4278255360
60635	Season 9	4278255360
60636	Season 9	4278255360
60637	Season 9	4278255360
60645	Season 9	4278255360
60646	Season 9	4278255360
60647	Season 9	4278255360
60648	Season 9	4278255360
60649	Season 9	4278255360
60650	Season 9	4278255360
60651	Season 9	4278255360
60652	Season 9	4278255360
60653	Season 9	4278255360
60654	Season 9	4278255360
60655	Season 9	4278255360
60656	Season 9	4278255360
60657	Season 9	4278255360
60658	Season 9	4278255360
60659	Season 9	4278255360
60660	Season 9	4278255360
60661	Season 9	4278255360
60662	Season 9	4278255360
60663	Season 9	4278255360
60664	Season 9	4278255360
60665	Season 9	4278255360
60666	Season 9	4278255360
60667	Season 9	4278255360
60668	Season 9	4278255360
60669	Season 9	4278255360
60670	Season 9	4278255360
60671	Season 9	4278255360
60672	Season 9	4278255360
60673	Season 9	4278255360
60674	Season 9	4278255360
60774	Season 9	4278255360
60775	Season 9	4278255360
60776	Season 9	4278255360
60777	Season 9	4278255360
60778	Season 9	4278255360
60779	Season 9	4278255360
60780	Season 9	4278255360
60781	Season 9	4278255360
60782	Season 9	4278255360
60783	Season 9	4278255360
60784	Season 9	4278255360
60785	Season 9	4278255360
60786	Season 9	4278255360
60787	Season 9	4278255360
60788	Season 9	4278255360
60794	Season 9	4278255360
60795	Season 9	4278255360
60796	Season 9	4278255360
60797	Season 9	4278255360
60798	Season 9	4278255360
60799	Season 9	4278255360
60800	Season 9	4278255360
60801	Season 9	4278255360
60802	Season 9	4278255360
60803	Season 9	4278255360
60804	Season 9	4278255360
60805	Season 9	4278255360
60806	Season 9	4278255360
60807	Season 9	4278255360
61026	Season 9	4278255360
61027	Season 9	4278255360
61028	Season 9	4278255360
61029	Season 9	4278255360
61030	Season 9	4278255360
61031	Season 9	4278255360
61032	Season 9	4278255360
61033	Season 9	4278255360
61034	Season 9	4278255360
61035	Season 9	4278255360
61045	Season 9	4278255360
61046	Season 9	4278255360
61047	Season 9	4278255360
61324	Season 9	4278255360
61325	Season 9	4278255360
61326	Season 9	4278255360
61327	Season 9	4278255360
61328	Season 9	4278255360
61329	Season 9	4278255360
61330	Season 9	4278255360
61331	Season 9	4278255360
61332	Season 9	4278255360
61333	Season 9	4278255360
61335	Season 9	4278255360
61336	Season 9	4278255360
61338	Season 9	4278255360
61339	Season 9	4278255360
61340	Season 9	4278255360
61341	Season 9	4278255360
61342	Season 9	4278255360
61343	Season 9	4278255360
61344	Season 9	4278255360
61345	Season 9	4278255360
61346	Season 9	4278255360
61347	Season 9	4278255360
61348	Season 9	4278255360
61350	Season 9	4278255360
61351	Season 9	4278255360
61353	Season 9	4278255360
61354	Season 9	4278255360
61355	Season 9	4278255360
61357	Season 9	4278255360
61358	Season 9	4278255360
61359	Season 9	4278255360
61360	Season 9	4278255360
61361	Season 9	4278255360
61388	Season 9	4278255360
61389	Season 9	4278255360
61390	Season 9	4278255360
61391	Season 9	4278255360
65518	Season 9 Elite	4278255360
65519	Season 9 Elite	4278255360
65520	Season 9 Elite	4278255360
65521	Season 9 Elite	4278255360
65522	Season 9 Elite	4278255360
65523	Season 9 Elite	4278255360
65524	Season 9 Elite	4278255360
65525	Season 9 Elite	4278255360
65526	Season 9 Elite	4278255360
65527	Season 9 Elite	4278255360
65528	Season 9 Elite	4278255360
65529	Season 9 Elite	4278255360
65530	Season 9 Elite	4278255360
65531	Season 9 Elite	4278255360
65532	Season 9 Elite	4278255360
65533	Season 9 Elite	4278255360
65534	Season 9 Elite	4278255360
65535	Season 9 Elite	4278255360
65536	Season 9 Elite	4278255360
65537	Season 9 Elite	4278255360
65538	Season 9 Elite	4278255360
65539	Season 9 Elite	4278255360
65540	Season 9 Elite	4278255360
65541	Season 9 Elite	4278255360
65542	Season 9 Elite	4278255360
65543	Season 9 Elite	4278255360
65544	Season 9 Elite	4278255360
65545	Season 9 Elite	4278255360
65546	Season 9 Elite	4278255360
65547	Season 9 Elite	4278255360
65548	Season 9 Elite	4278255360
65549	Season 9 Elite	4278255360
65550	Season 9 Elite	4278255360
65551	Season 9 Elite	4278255360
65552	Season 9 Elite	4278255360
65553	Season 9 Elite	4278255360
65554	Season 9 Elite	4278255360
65555	Season 9 Elite	4278255360
65556	Season 9 Elite	4278255360
65557	Season 9 Elite	4278255360
65558	Season 9 Elite	4278255360
65559	Season 9 Elite	4278255360
65560	Season 9 Elite	4278255360
65561	Season 9 Elite	4278255360
65562	Season 9 Elite	4278255360
65563	Season 9 Elite	4278255360
65564	Season 9 Elite	4278255360
65565	Season 9 Elite	4278255360
65566	Season 9 Elite	4278255360
65567	Season 9 Elite	4278255360
65568	Season 9 Elite	4278255360
65569	Season 9 Elite	4278255360
65570	Season 9 Elite	4278255360
65571	Season 9 Elite	4278255360
65572	Season 9 Elite	4278255360
65573	Season 9 Elite	4278255360
65574	Season 9 Elite	4278255360
65575	Season 9 Elite	4278255360
65576	Season 9 Elite	4278255360
65577	Season 9 Elite	4278255360
65578	Season 9 Elite	4278255360
65579	Season 9 Elite	4278255360
65580	Season 9 Elite	4278255360
65581	Season 9 Elite	4278255360
65582	Season 9 Elite	4278255360
65583	Season 9 Elite	4278255360
65584	Season 9 Elite	4278255360
65585	Season 9 Elite	4278255360
65586	Season 9 Elite	4278255360
65587	Season 9 Elite	4278255360
65588	Season 9 Elite	4278255360
65589	Season 9 Elite	4278255360
65590	Season 9 Elite	4278255360
65591	Season 9 Elite	4278255360
65592	Season 9 Elite	4278255360
65593	Season 9 Elite	4278255360
65594	Season 9 Elite	4278255360
65595	Season 9 Elite	4278255360
65596	Season 9 Elite	4278255360
65597	Season 9 Elite	4278255360
65598	Season 9 Elite	4278255360
65599	Season 9 Elite	4278255360
65600	Season 9 Elite	4278255360
65601	Season 9 Elite	4278255360
65602	Season 9 Elite	4278255360
65603	Season 9 Elite	4278255360
65604	Season 9 Elite	4278255360
65605	Season 9 Elite	4278255360
65606	Season 9 Elite	4278255360
65607	Season 9 Elite	4278255360
65608	Season 9 Elite	4278255360
65609	Season 9 Elite	4278255360
65610	Season 9 Elite	4278255360
65611	Season 9 Elite	4278255360
65612	Season 9 Elite	4278255360
67447	Season 9 Elite	4278255360
67448	Season 9 Elite	4278255360
67449	Season 9 Elite	4278255360
67450	Season 9 Elite	4278255360
67451	Season 9 Elite	4278255360
67452	Season 9 Elite	4278255360
67453	Season 9 Elite	4278255360
67454	Season 9 Elite	4278255360
67455	Season 9 Elite	4278255360
67456	Season 9 Elite	4278255360
67457	Season 9 Elite	4278255360
67458	Season 9 Elite	4278255360
67459	Season 9 Elite	4278255360
67460	Season 9 Elite	4278255360
67461	Season 9 Elite	4278255360
67462	Season 9 Elite	4278255360
67463	Season 9 Elite	4278255360
67464	Season 9 Elite	4278255360
67465	Season 9 Elite	4278255360
67466	Season 9 Elite	4278255360
67467	Season 9 Elite	4278255360
67468	Season 9 Elite	4278255360
67469	Season 9 Elite	4278255360
67470	Season 9 Elite	4278255360
67471	Season 9 Elite	4278255360
67472	Season 9 Elite	4278255360
67473	Season 9 Elite	4278255360
67474	Season 9 Elite	4278255360
67475	Season 9 Elite	4278255360
67476	Season 9 Elite	4278255360
67477	Season 9 Elite	4278255360
67478	Season 9 Elite	4278255360
67479	Season 9 Elite	4278255360
69781	Season 9	4278255360
69782	Season 9	4278255360
69783	Season 9	4278255360
69784	Season 9	4278255360
69785	Season 9	4278255360
69786	Season 9	4278255360
70178	Season 10 Elite	4278255360
70179	Season 10 Elite	4278255360
70180	Season 10 Elite	4278255360
70181	Season 10 Elite	4278255360
70182	Season 10 Elite	4278255360
70183	Season 10 Elite	4278255360
70184	Season 10 Elite	4278255360
70185	Season 10 Elite	4278255360
70186	Season 10 Elite	4278255360
70187	Season 10 Elite	4278255360
70188	Season 10 Elite	4278255360
70189	Season 10 Elite	4278255360
70190	Season 10 Elite	4278255360
70191	Season 10 Elite	4278255360
70192	Season 10 Elite	4278255360
70193	Season 10 Elite	4278255360
70194	Season 10 Elite	4278255360
70195	Season 10 Elite	4278255360
70196	Season 10 Elite	4278255360
70197	Season 10 Elite	4278255360
70198	Season 10 Elite	4278255360
70199	Season 10 Elite	4278255360
70200	Season 10 Elite	4278255360
70201	Season 10 Elite	4278255360
70202	Season 10 Elite	4278255360
70203	Season 10 Elite	4278255360
70204	Season 10 Elite	4278255360
70205	Season 10 Elite	4278255360
70206	Season 10 Elite	4278255360
70207	Season 10 Elite	4278255360
70208	Season 10 Elite	4278255360
70209	Season 10 Elite	4278255360
70210	Season 10 Elite	4278255360
70211	Season 10	4278255360
70212	Season 10	4278255360
70213	Season 10	4278255360
70214	Season 10	4278255360
70215	Season 10	4278255360
70216	Season 10	4278255360
70217	Season 10	4278255360
70218	Season 10	4278255360
70219	Season 10	4278255360
70220	Season 10	4278255360
70221	Season 10	4278255360
70222	Season 10	4278255360
70223	Season 10	4278255360
70224	Season 10	4278255360
70225	Season 10	4278255360
70226	Season 10	4278255360
70227	Season 10	4278255360
70228	Season 10	4278255360
70229	Season 10	4278255360
70230	Season 10	4278255360
70231	Season 10	4278255360
70232	Season 10	4278255360
70233	Season 10	4278255360
70234	Season 10	4278255360
70235	Season 10	4278255360
70236	Season 10	4278255360
70237	Season 10	4278255360
70238	Season 10	4278255360
70239	Season 10	4278255360
70240	Season 10	4278255360
70241	Season 10	4278255360
70242	Season 10	4278255360
70243	Season 10	4278255360
70244	Season 10	4278255360
70245	Season 10	4278255360
70246	Season 10	4278255360
70247	Season 10	4278255360
70248	Season 10	4278255360
70249	Season 10	4278255360
70250	Season 10	4278255360
70251	Season 10	4278255360
70252	Season 10	4278255360
70253	Season 10	4278255360
70254	Season 10	4278255360
70255	Season 10	4278255360
70256	Season 10	4278255360
70257	Season 10	4278255360
70258	Season 10	4278255360
70259	Season 10	4278255360
70260	Season 10	4278255360
70261	Season 10	4278255360
70262	Season 10	4278255360
70263	Season 10	4278255360
70264	Season 10	4278255360
70265	Season 10	4278255360
70266	Season 10	4278255360
70267	Season 10	4278255360
70268	Season 10	4278255360
70269	Season 10	4278255360
70270	Season 10	4278255360
70271	Season 10	4278255360
70272	Season 10	4278255360
70273	Season 10	4278255360
70274	Season 10	4278255360
70275	Season 10	4278255360
70276	Season 10	4278255360
70277	Season 10	4278255360
70278	Season 10	4278255360
70279	Season 10	4278255360
70280	Season 10	4278255360
70281	Season 10	4278255360
70282	Season 10	4278255360
70283	Season 10	4278255360
70284	Season 10	4278255360
70285	Season 10	4278255360
70286	Season 10	4278255360
70287	Season 10	4278255360
70288	Season 10	4278255360
70289	Season 10	4278255360
70290	Season 10	4278255360
70291	Season 10	4278255360
70292	Season 10	4278255360
70293	Season 10	4278255360
70294	Season 10	4278255360
70295	Season 10	4278255360
70296	Season 10	4278255360
70297	Season 10	4278255360
70298	Season 10	4278255360
70299	Season 10	4278255360
70300	Season 10	4278255360
70301	Season 10	4278255360
70302	Season 10	4278255360
70303	Season 10	4278255360
70304	Season 10	4278255360
70305	Season 10	4278255360
70306	Season 10	4278255360
70307	Season 10	4278255360
70308	Season 10	4278255360
70309	Season 10	4278255360
70310	Season 10	4278255360
70311	Season 10	4278255360
70312	Season 10	4278255360
70313	Season 10	4278255360
70314	Season 10	4278255360
70315	Season 10	4278255360
70316	Season 10	4278255360
70317	Season 10	4278255360
70318	Season 10	4278255360
70319	Season 10	4278255360
70320	Season 10	4278255360
70321	Season 10	4278255360
70322	Season 10	4278255360
70323	Season 10	4278255360
70324	Season 10	4278255360
70325	Season 10	4278255360
70326	Season 10	4278255360
70327	Season 10	4278255360
70328	Season 10	4278255360
70329	Season 10	4278255360
70330	Season 10	4278255360
70331	Season 10	4278255360
70332	Season 10	4278255360
70333	Season 10	4278255360
70334	Season 10	4278255360
70335	Season 10	4278255360
70336	Season 10	4278255360
70337	Season 10	4278255360
70338	Season 10	4278255360
70339	Season 10	4278255360
70340	Season 10	4278255360
70341	Season 10	4278255360
70342	Season 10	4278255360
70343	Season 10	4278255360
70344	Season 10	4278255360
70345	Season 10	4278255360
70346	Season 10	4278255360
70347	Season 10	4278255360
70348	Season 10	4278255360
70349	Season 10	4278255360
70350	Season 10	4278255360
70351	Season 10	4278255360
70352	Season 10	4278255360
70353	Season 10	4278255360
70354	Season 10	4278255360
70355	Season 10	4278255360
70356	Season 10	4278255360
70357	Season 10	4278255360
70358	Season 10	4278255360
70359	Season 10	4278255360
70360	Season 10	4278255360
70361	Season 10	4278255360
70362	Season 10	4278255360
70363	Season 10	4278255360
70364	Season 10	4278255360
70365	Season 10	4278255360
70366	Season 10	4278255360
70367	Season 10	4278255360
70368	Season 10	4278255360
70369	Season 10	4278255360
70370	Season 10	4278255360
70371	Season 10	4278255360
70372	Season 10	4278255360
70373	Season 10	4278255360
70374	Season 10	4278255360
70375	Season 10	4278255360
70376	Season 10	4278255360
70377	Season 10	4278255360
70378	Season 10	4278255360
70379	Season 10	4278255360
70380	Season 10	4278255360
70381	Season 10	4278255360
70382	Season 10	4278255360
70383	Season 10	4278255360
70384	Season 10	4278255360
70385	Season 10	4278255360
70386	Season 10	4278255360
70387	Season 10	4278255360
70388	Season 10	4278255360
70389	Season 10	4278255360
70390	Season 10	4278255360
70391	Season 10	4278255360
70392	Season 10	4278255360
70393	Season 10	4278255360
70394	Season 10	4278255360
70395	Season 10	4278255360
70396	Season 10	4278255360
70397	Season 10	4278255360
70398	Season 10	4278255360
70399	Season 10	4278255360
70400	Season 10	4278255360
70401	Season 10	4278255360
70402	Season 10	4278255360
70403	Season 10	4278255360
70404	Season 10	4278255360
70405	Season 10	4278255360
70406	Season 10	4278255360
70407	Season 10	4278255360
70408	Season 10	4278255360
70409	Season 10	4278255360
70410	Season 10	4278255360
70411	Season 10	4278255360
70412	Season 10	4278255360
70413	Season 10	4278255360
70414	Season 10	4278255360
70415	Season 10 Elite	4278255360
70416	Season 10 Elite	4278255360
70417	Season 10 Elite	4278255360
70418	Season 10 Elite	4278255360
70419	Season 10 Elite	4278255360
70420	Season 10 Elite	4278255360
70421	Season 10 Elite	4278255360
70422	Season 10 Elite	4278255360
70423	Season 10 Elite	4278255360
70424	Season 10 Elite	4278255360
70425	Season 10 Elite	4278255360
70426	Season 10 Elite	4278255360
70427	Season 10 Elite	4278255360
70428	Season 10 Elite	4278255360
70429	Season 10 Elite	4278255360
70430	Season 10 Elite	4278255360
70431	Season 10 Elite	4278255360
70432	Season 10 Elite	4278255360
70433	Season 10 Elite	4278255360
70434	Season 10 Elite	4278255360
70435	Season 10 Elite	4278255360
70436	Season 10 Elite	4278255360
70437	Season 10 Elite	4278255360
70438	Season 10 Elite	4278255360
70439	Season 10 Elite	4278255360
70440	Season 10 Elite	4278255360
70441	Season 10 Elite	4278255360
70442	Season 10 Elite	4278255360
70443	Season 10 Elite	4278255360
70444	Season 10 Elite	4278255360
70445	Season 10 Elite	4278255360
70446	Season 10 Elite	4278255360
70447	Season 10 Elite	4278255360
70448	Season 10 Elite	4278255360
70449	Season 10 Elite	4278255360
70450	Season 10 Elite	4278255360
70451	Season 10 Elite	4278255360
70452	Season 10 Elite	4278255360
70453	Season 10 Elite	4278255360
70454	Season 10 Elite	4278255360
70455	Season 10 Elite	4278255360
70456	Season 10 Elite	4278255360
70457	Season 10 Elite	4278255360
70458	Season 10 Elite	4278255360
70459	Season 10 Elite	4278255360
70460	Season 10 Elite	4278255360
70461	Season 10 Elite	4278255360
70462	Season 10 Elite	4278255360
70463	Season 10 Elite	4278255360
70464	Season 10 Elite	4278255360
70465	Season 10 Elite	4278255360
70466	Season 10 Elite	4278255360
70467	Season 10 Elite	4278255360
70468	Season 10 Elite	4278255360
70469	Season 10 Elite	4278255360
70470	Season 10 Elite	4278255360
70471	Season 10 Elite	4278255360
70472	Season 10 Elite	4278255360
70473	Season 10 Elite	4278255360
70474	Season 10 Elite	4278255360
70475	Season 10 Elite	4278255360
70476	Season 10 Elite	4278255360
70477	Season 10 Elite	4278255360
70478	Season 10 Elite	4278255360
70479	Season 10 Elite	4278255360
70480	Season 10 Elite	4278255360
70481	Season 10 Elite	4278255360
70482	Season 10 Elite	4278255360
70483	Season 10 Elite	4278255360
70484	Season 10 Elite	4278255360
70485	Season 10 Elite	4278255360
70486	Season 10 Elite	4278255360
70487	Season 10 Elite	4278255360
70488	Season 10 Elite	4278255360
70489	Season 10 Elite	4278255360
70490	Season 10 Elite	4278255360
70491	Season 10 Elite	4278255360
70492	Season 10 Elite	4278255360
70493	Season 10 Elite	4278255360
70494	Season 10 Elite	4278255360
70495	Season 10 Elite	4278255360
70496	Season 10 Elite	4278255360
70497	Season 10 Elite	4278255360
70498	Season 10 Elite	4278255360
70499	Season 10 Elite	4278255360
70500	Season 10 Elite	4278255360
70501	Season 10 Elite	4278255360
70502	Season 10 Elite	4278255360
70503	Season 10 Elite	4278255360
70504	Season 10 Elite	4278255360
70505	Season 10 Elite	4278255360
70506	Season 10 Elite	4278255360
70507	Season 10 Elite	4278255360
70508	Season 10 Elite	4278255360
70509	Season 10 Elite	4278255360
70511	Season 10	4278255360
70512	Season 10	4278255360
70513	Season 10	4278255360
70514	Season 10	4278255360
70515	Season 10	4278255360
70516	Season 10	4278255360
70517	Season 10	4278255360
70518	Season 10	4278255360
70519	Season 10	4278255360
70520	Season 10	4278255360
70521	Season 10	4278255360
70522	Season 10	4278255360
70523	Season 10	4278255360
70524	Season 10	4278255360
70525	Season 10	4278255360
70526	Season 10	4278255360
70527	Season 10	4278255360
70528	Season 10	4278255360
70529	Season 10	4278255360
70530	Season 10	4278255360
70531	Season 10	4278255360
70532	Season 10	4278255360
70533	Season 10	4278255360
70534	Season 10	4278255360
70535	Season 10	4278255360
70536	Season 10	4278255360
70537	Season 10	4278255360
70538	Season 10	4278255360
70539	Season 10	4278255360
70540	Season 10	4278255360
70541	Season 10	4278255360
70542	Season 10	4278255360
70543	Season 10	4278255360
70544	Season 10	4278255360
70545	Season 10	4278255360
70546	Season 10	4278255360
70547	Season 10	4278255360
70548	Season 10	4278255360
70549	Season 10	4278255360
70550	Season 10	4278255360
70551	Season 10	4278255360
70552	Season 10	4278255360
70553	Season 10	4278255360
70554	Season 10	4278255360
70555	Season 10	4278255360
70556	Season 10	4278255360
70557	Season 10	4278255360
70558	Season 10	4278255360
70559	Season 10	4278255360
70560	Season 10	4278255360
70561	Season 10	4278255360
70562	Season 10	4278255360
70563	Season 10	4278255360
70564	Season 10	4278255360
70565	Season 10	4278255360
70566	Season 10	4278255360
70567	Season 10	4278255360
70568	Season 10	4278255360
70569	Season 10	4278255360
70570	Season 10	4278255360
70571	Season 10	4278255360
70572	Season 10	4278255360
70573	Season 10	4278255360
70574	Season 10	4278255360
70575	Season 10	4278255360
70576	Season 10	4278255360
70577	Season 10	4278255360
70578	Season 10	4278255360
70579	Season 10	4278255360
70580	Season 10	4278255360
70581	Season 10	4278255360
70582	Season 10	4278255360
70583	Season 10	4278255360
70584	Season 10	4278255360
70585	Season 10	4278255360
70586	Season 10	4278255360
70587	Season 10	4278255360
70588	Season 10	4278255360
70589	Season 10	4278255360
70590	Season 10	4278255360
70591	Season 10	4278255360
70592	Season 10	4278255360
70593	Season 10	4278255360
70594	Season 10	4278255360
70595	Season 10	4278255360
70596	Season 10	4278255360
70597	Season 10	4278255360
70598	Season 10	4278255360
70599	Season 10	4278255360
70600	Season 10	4278255360
70601	Season 10	4278255360
70602	Season 10	4278255360
70603	Season 10	4278255360
70604	Season 10	4278255360
70605	Season 10	4278255360
70606	Season 10	4278255360
70607	Season 10	4278255360
70608	Season 10	4278255360
70609	Season 10	4278255360
70610	Season 10	4278255360
70611	Season 10	4278255360
70612	Season 10	4278255360
70613	Season 10	4278255360
70614	Season 10	4278255360
70615	Season 10	4278255360
70616	Season 10	4278255360
70617	Season 10	4278255360
70618	Season 10	4278255360
70619	Season 10	4278255360
70620	Season 10	4278255360
70621	Season 10	4278255360
70622	Season 10	4278255360
70623	Season 10	4278255360
70624	Season 10	4278255360
70625	Season 10	4278255360
70626	Season 10	4278255360
70627	Season 10	4278255360
70628	Season 10	4278255360
70629	Season 10	4278255360
70630	Season 10	4278255360
70631	Season 10	4278255360
70632	Season 10	4278255360
70633	Season 10	4278255360
70634	Season 10	4278255360
70635	Season 10	4278255360
70636	Season 10	4278255360
70637	Season 10	4278255360
70638	Season 10	4278255360
70639	Season 10	4278255360
70640	Season 10	4278255360
70641	Season 10	4278255360
70642	Season 10	4278255360
70643	Season 10	4278255360
70644	Season 10	4278255360
70645	Season 10	4278255360
70646	Season 10	4278255360
70647	Season 10	4278255360
70648	Season 10	4278255360
70649	Season 10	4278255360
70650	Season 10	4278255360
70651	Season 10	4278255360
70652	Season 10	4278255360
70653	Season 10	4278255360
70654	Season 10	4278255360
70655	Season 10	4278255360
70656	Season 10	4278255360
70657	Season 10	4278255360
70658	Season 10	4278255360
70659	Season 10	4278255360
70660	Season 10	4278255360
70661	Season 10	4278255360
70662	Season 10	4278255360
70663	Season 10	4278255360
70664	Season 10	4278255360
70665	Season 10	4278255360
70666	Season 10	4278255360
70667	Season 10	4278255360
70668	Season 10	4278255360
70669	Season 10	4278255360
70670	Season 10	4278255360
70671	Season 10	4278255360
70672	Season 10	4278255360
70673	Season 10	4278255360
70674	Season 10	4278255360
70675	Season 10	4278255360
72304	Season 11	4278255360
72305	Season 11	4278255360
72306	Season 11	4278255360
72307	Season 11	4278255360
72308	Season 11	4278255360
72309	Season 11	4278255360
72310	Season 11	4278255360
72311	Season 11	4278255360
72312	Season 11	4278255360
72313	Season 11	4278255360
72314	Season 11	4278255360
72315	Season 11	4278255360
72316	Season 11	4278255360
72317	Season 11	4278255360
72318	Season 11	4278255360
72319	Season 11	4278255360
72320	Season 11	4278255360
72321	Season 11	4278255360
72322	Season 11	4278255360
72323	Season 11	4278255360
72324	Season 11	4278255360
72325	Season 11	4278255360
72326	Season 11	4278255360
72327	Season 11	4278255360
72328	Season 11	4278255360
72329	Season 11	4278255360
72330	Season 11	4278255360
72331	Season 11	4278255360
72332	Season 11	4278255360
72333	Season 11	4278255360
72334	Season 11	4278255360
72335	Season 11	4278255360
72336	Season 11	4278255360
72337	Season 11	4278255360
72338	Season 11	4278255360
72339	Season 11	4278255360
72340	Season 11	4278255360
72341	Season 11	4278255360
72342	Season 11	4278255360
72343	Season 11	4278255360
72344	Season 11	4278255360
72345	Season 11	4278255360
72346	Season 11	4278255360
72347	Season 11	4278255360
72348	Season 11	4278255360
72349	Season 11	4278255360
72350	Season 11	4278255360
72351	Season 11	4278255360
72352	Season 11	4278255360
72353	Season 11	4278255360
72354	Season 11	4278255360
72355	Season 11	4278255360
72356	Season 11	4278255360
72357	Season 11	4278255360
72358	Season 11	4278255360
72359	Season 11	4278255360
72360	Season 11	4278255360
72361	Season 11	4278255360
72362	Season 11	4278255360
72363	Season 11	4278255360
72364	Season 11	4278255360
72365	Season 11	4278255360
72366	Season 11	4278255360
72367	Season 11	4278255360
72368	Season 11	4278255360
72369	Season 11	4278255360
72370	Season 11	4278255360
72371	Season 11	4278255360
72372	Season 11	4278255360
72373	Season 11	4278255360
72374	Season 11	4278255360
72375	Season 11	4278255360
72376	Season 11	4278255360
72377	Season 11	4278255360
72378	Season 11	4278255360
72379	Season 11	4278255360
72380	Season 11	4278255360
72381	Season 11	4278255360
72382	Season 11	4278255360
72383	Season 11	4278255360
72384	Season 11	4278255360
72385	Season 11	4278255360
72386	Season 11	4278255360
72387	Season 11	4278255360
72388	Season 11	4278255360
72389	Season 11	4278255360
72390	Season 11	4278255360
72391	Season 11	4278255360
72392	Season 11	4278255360
72393	Season 11	4278255360
72394	Season 11	4278255360
72395	Season 11	4278255360
72396	Season 11	4278255360
72397	Season 11	4278255360
72398	Season 11	4278255360
72399	Season 11	4278255360
72400	Season 11	4278255360
72401	Season 11	4278255360
72402	Season 11	4278255360
72403	Season 11	4278255360
72404	Season 11	4278255360
72405	Season 11	4278255360
72406	Season 11	4278255360
72407	Season 11	4278255360
72408	Season 11	4278255360
72409	Season 11	4278255360
72410	Season 11	4278255360
72411	Season 11	4278255360
72412	Season 11	4278255360
72413	Season 11	4278255360
72414	Season 11	4278255360
72415	Season 11	4278255360
72416	Season 11	4278255360
72417	Season 11	4278255360
72418	Season 11	4278255360
72419	Season 11	4278255360
72420	Season 11	4278255360
72421	Season 11	4278255360
72422	Season 11	4278255360
72423	Season 11	4278255360
72424	Season 11	4278255360
72425	Season 11	4278255360
72426	Season 11	4278255360
72427	Season 11	4278255360
72428	Season 11	4278255360
72429	Season 11	4278255360
72430	Season 11	4278255360
72431	Season 11	4278255360
72432	Season 11	4278255360
72433	Season 11	4278255360
72434	Season 11	4278255360
72435	Season 11	4278255360
72436	Season 11	4278255360
72437	Season 11	4278255360
72438	Season 11	4278255360
72439	Season 11	4278255360
72440	Season 11	4278255360
72441	Season 11	4278255360
72442	Season 11	4278255360
72443	Season 11	4278255360
72444	Season 11	4278255360
72445	Season 11	4278255360
72446	Season 11	4278255360
72447	Season 11	4278255360
72448	Season 11	4278255360
72449	Season 11	4278255360
72450	Season 11	4278255360
72451	Season 11	4278255360
72452	Season 11	4278255360
72453	Season 11	4278255360
72454	Season 11	4278255360
72455	Season 11	4278255360
72456	Season 11	4278255360
72457	Season 11	4278255360
72458	Season 11	4278255360
72459	Season 11	4278255360
72460	Season 11	4278255360
72461	Season 11	4278255360
72462	Season 11	4278255360
72463	Season 11	4278255360
72464	Season 11	4278255360
72465	Season 11	4278255360
72466	Season 11	4278255360
72467	Season 11	4278255360
72468	Season 11	4278255360
73412	Season 11 Elite	4278255360
73413	Season 11 Elite	4278255360
73414	Season 11 Elite	4278255360
73415	Season 11 Elite	4278255360
73416	Season 11 Elite	4278255360
73417	Season 11 Elite	4278255360
73418	Season 11 Elite	4278255360
73419	Season 11 Elite	4278255360
73420	Season 11 Elite	4278255360
73421	Season 11 Elite	4278255360
73422	Season 11 Elite	4278255360
73423	Season 11 Elite	4278255360
73424	Season 11 Elite	4278255360
73425	Season 11 Elite	4278255360
73426	Season 11 Elite	4278255360
73427	Season 11 Elite	4278255360
73428	Season 11 Elite	4278255360
73429	Season 11 Elite	4278255360
73430	Season 11 Elite	4278255360
73431	Season 11 Elite	4278255360
73432	Season 11 Elite	4278255360
73433	Season 11 Elite	4278255360
73434	Season 11 Elite	4278255360
73435	Season 11 Elite	4278255360
73436	Season 11 Elite	4278255360
73437	Season 11 Elite	4278255360
73438	Season 11 Elite	4278255360
73439	Season 11 Elite	4278255360
73440	Season 11 Elite	4278255360
73441	Season 11 Elite	4278255360
73442	Season 11 Elite	4278255360
73443	Season 11 Elite	4278255360
73444	Season 11 Elite	4278255360
73445	Season 11	4278255360
73446	Season 11	4278255360
73447	Season 11	4278255360
73448	Season 11	4278255360
73449	Season 11	4278255360
73450	Season 11	4278255360
73451	Season 11	4278255360
73452	Season 11	4278255360
73453	Season 11	4278255360
73454	Season 11	4278255360
73455	Season 11	4278255360
73456	Season 11	4278255360
73457	Season 11	4278255360
73458	Season 11	4278255360
73459	Season 11	4278255360
73460	Season 11	4278255360
73461	Season 11	4278255360
73462	Season 11	4278255360
73463	Season 11	4278255360
73464	Season 11	4278255360
73465	Season 11	4278255360
73466	Season 11	4278255360
73467	Season 11	4278255360
73468	Season 11	4278255360
73469	Season 11	4278255360
73470	Season 11	4278255360
73471	Season 11	4278255360
73472	Season 11	4278255360
73473	Season 11	4278255360
73474	Season 11	4278255360
73475	Season 11	4278255360
73476	Season 11	4278255360
73477	Season 11	4278255360
73478	Season 11	4278255360
73479	Season 11	4278255360
73480	Season 11	4278255360
73481	Season 11	4278255360
73482	Season 11	4278255360
73483	Season 11	4278255360
73484	Season 11	4278255360
73485	Season 11	4278255360
73486	Season 11	4278255360
73487	Season 11	4278255360
73488	Season 11	4278255360
73489	Season 11	4278255360
73490	Season 11	4278255360
73491	Season 11	4278255360
73492	Season 11	4278255360
73493	Season 11	4278255360
73494	Season 11	4278255360
73495	Season 11	4278255360
73496	Season 11	4278255360
73497	Season 11	4278255360
73498	Season 11	4278255360
73499	Season 11	4278255360
73500	Season 11	4278255360
73501	Season 11	4278255360
73502	Season 11	4278255360
73503	Season 11	4278255360
73504	Season 11	4278255360
73505	Season 11	4278255360
73506	Season 11	4278255360
73507	Season 11	4278255360
73508	Season 11	4278255360
73509	Season 11	4278255360
73510	Season 11	4278255360
73511	Season 11	4278255360
73512	Season 11	4278255360
73513	Season 11	4278255360
73514	Season 11	4278255360
73515	Season 11	4278255360
73516	Season 11	4278255360
73517	Season 11	4278255360
73518	Season 11	4278255360
73519	Season 11	4278255360
73520	Season 11	4278255360
73521	Season 11	4278255360
73522	Season 11	4278255360
73523	Season 11	4278255360
73524	Season 11	4278255360
73525	Season 11	4278255360
73526	Season 11	4278255360
73527	Season 11	4278255360
73528	Season 11	4278255360
73529	Season 11	4278255360
73530	Season 11	4278255360
73531	Season 11	4278255360
73532	Season 11	4278255360
73533	Season 11	4278255360
73534	Season 11	4278255360
73535	Season 11	4278255360
73536	Season 11	4278255360
73537	Season 11	4278255360
73538	Season 11	4278255360
73539	Season 11	4278255360
73540	Season 11	4278255360
73541	Season 11	4278255360
73542	Season 11	4278255360
73543	Season 11	4278255360
73544	Season 11	4278255360
73545	Season 11	4278255360
73546	Season 11	4278255360
73547	Season 11	4278255360
73548	Season 11	4278255360
73549	Season 11	4278255360
73550	Season 11	4278255360
73551	Season 11	4278255360
73552	Season 11	4278255360
73553	Season 11	4278255360
73554	Season 11	4278255360
73555	Season 11	4278255360
73556	Season 11	4278255360
73557	Season 11	4278255360
73558	Season 11	4278255360
73559	Season 11	4278255360
73560	Season 11	4278255360
73561	Season 11	4278255360
73562	Season 11	4278255360
73563	Season 11	4278255360
73564	Season 11	4278255360
73565	Season 11	4278255360
73566	Season 11	4278255360
73567	Season 11	4278255360
73568	Season 11	4278255360
73569	Season 11	4278255360
73570	Season 11	4278255360
73571	Season 11	4278255360
73572	Season 11	4278255360
73573	Season 11	4278255360
73574	Season 11	4278255360
73575	Season 11	4278255360
73576	Season 11	4278255360
73577	Season 11	4278255360
73578	Season 11	4278255360
73579	Season 11	4278255360
73580	Season 11	4278255360
73581	Season 11	4278255360
73582	Season 11	4278255360
73583	Season 11	4278255360
73584	Season 11	4278255360
73585	Season 11	4278255360
73586	Season 11	4278255360
73587	Season 11	4278255360
73588	Season 11	4278255360
73589	Season 11	4278255360
73590	Season 11	4278255360
73591	Season 11	4278255360
73592	Season 11	4278255360
73593	Season 11	4278255360
73594	Season 11	4278255360
73595	Season 11	4278255360
73596	Season 11	4278255360
73597	Season 11	4278255360
73598	Season 11	4278255360
73599	Season 11	4278255360
73600	Season 11	4278255360
73601	Season 11	4278255360
73602	Season 11	4278255360
73603	Season 11	4278255360
73604	Season 11	4278255360
73605	Season 11	4278255360
73606	Season 11	4278255360
73607	Season 11	4278255360
73608	Season 11	4278255360
73609	Season 11	4278255360
73610	Season 11	4278255360
73611	Season 11	4278255360
73612	Season 11	4278255360
73613	Season 11	4278255360
73614	Season 11	4278255360
73615	Season 11	4278255360
73616	Season 11	4278255360
73617	Season 11	4278255360
73618	Season 11	4278255360
73619	Season 11	4278255360
73620	Season 11	4278255360
73621	Season 11	4278255360
73622	Season 11	4278255360
73623	Season 11	4278255360
73624	Season 11	4278255360
73625	Season 11	4278255360
73626	Season 11	4278255360
73627	Season 11	4278255360
73628	Season 11	4278255360
73629	Season 11	4278255360
73630	Season 11	4278255360
73631	Season 11	4278255360
73632	Season 11	4278255360
73633	Season 11	4278255360
73634	Season 11	4278255360
73635	Season 11	4278255360
73636	Season 11	4278255360
73637	Season 11	4278255360
73638	Season 11	4278255360
73639	Season 11	4278255360
73640	Season 11	4278255360
73641	Season 11	4278255360
73642	Season 11	4278255360
73643	Season 11	4278255360
73644	Season 11	4278255360
73645	Season 11	4278255360
73646	Season 11	4278255360
73647	Season 11	4278255360
73648	Season 11	4278255360
73651	Season 11 Elite	4278255360
73652	Season 11 Elite	4278255360
73653	Season 11 Elite	4278255360
73654	Season 11 Elite	4278255360
73655	Season 11 Elite	4278255360
73656	Season 11 Elite	4278255360
73657	Season 11 Elite	4278255360
73658	Season 11 Elite	4278255360
73659	Season 11 Elite	4278255360
73660	Season 11 Elite	4278255360
73661	Season 11 Elite	4278255360
73662	Season 11 Elite	4278255360
73663	Season 11 Elite	4278255360
73664	Season 11 Elite	4278255360
73665	Season 11 Elite	4278255360
73666	Season 11 Elite	4278255360
73667	Season 11 Elite	4278255360
73668	Season 11 Elite	4278255360
73669	Season 11 Elite	4278255360
73670	Season 11 Elite	4278255360
73671	Season 11 Elite	4278255360
73672	Season 11 Elite	4278255360
73673	Season 11 Elite	4278255360
73674	Season 11 Elite	4278255360
73675	Season 11 Elite	4278255360
73676	Season 11 Elite	4278255360
73677	Season 11 Elite	4278255360
73678	Season 11 Elite	4278255360
73679	Season 11 Elite	4278255360
73680	Season 11 Elite	4278255360
73681	Season 11 Elite	4278255360
73682	Season 11 Elite	4278255360
73683	Season 11 Elite	4278255360
73684	Season 11 Elite	4278255360
73685	Season 11 Elite	4278255360
73686	Season 11 Elite	4278255360
73687	Season 11 Elite	4278255360
73688	Season 11 Elite	4278255360
73689	Season 11 Elite	4278255360
73690	Season 11 Elite	4278255360
73691	Season 11 Elite	4278255360
73692	Season 11 Elite	4278255360
73693	Season 11 Elite	4278255360
73694	Season 11 Elite	4278255360
73695	Season 11 Elite	4278255360
73696	Season 11 Elite	4278255360
73697	Season 11 Elite	4278255360
73698	Season 11 Elite	4278255360
73699	Season 11 Elite	4278255360
73700	Season 11 Elite	4278255360
73701	Season 11 Elite	4278255360
73702	Season 11 Elite	4278255360
73703	Season 11 Elite	4278255360
73704	Season 11 Elite	4278255360
73705	Season 11 Elite	4278255360
73706	Season 11 Elite	4278255360
73707	Season 11 Elite	4278255360
73708	Season 11 Elite	4278255360
73709	Season 11 Elite	4278255360
73710	Season 11 Elite	4278255360
73711	Season 11 Elite	4278255360
73712	Season 11 Elite	4278255360
73713	Season 11 Elite	4278255360
73714	Season 11 Elite	4278255360
73715	Season 11 Elite	4278255360
73716	Season 11 Elite	4278255360
73717	Season 11 Elite	4278255360
73718	Season 11 Elite	4278255360
73719	Season 11 Elite	4278255360
73720	Season 11 Elite	4278255360
73721	Season 11 Elite	4278255360
73722	Season 11 Elite	4278255360
73723	Season 11 Elite	4278255360
73724	Season 11 Elite	4278255360
73725	Season 11 Elite	4278255360
73726	Season 11 Elite	4278255360
73727	Season 11 Elite	4278255360
73728	Season 11 Elite	4278255360
73729	Season 11 Elite	4278255360
73730	Season 11 Elite	4278255360
73731	Season 11 Elite	4278255360
73732	Season 11 Elite	4278255360
73733	Season 11 Elite	4278255360
73734	Season 11 Elite	4278255360
73735	Season 11 Elite	4278255360
73736	Season 11 Elite	4278255360
73737	Season 11 Elite	4278255360
73738	Season 11 Elite	4278255360
73739	Season 11 Elite	4278255360
73740	Season 11 Elite	4278255360
73741	Season 11 Elite	4278255360
73742	Season 11 Elite	4278255360
73743	Season 11 Elite	4278255360
73744	Season 11 Elite	4278255360
73745	Season 11 Elite	4278255360
74783	Season 11 Elite	4278255360
74784	Season 11 Elite	4278255360
74785	Season 11 Elite	4278255360
74786	Season 11 Elite	4278255360
77969	Raid Finder	4278255360
77970	Raid Finder	4278255360
77971	Raid Finder	4278255360
77972	Raid Finder	4278255360
77973	Raid Finder	4278255360
77974	Raid Finder	4278255360
77975	Raid Finder	4278255360
77976	Raid Finder	4278255360
77977	Raid Finder	4278255360
77978	Raid Finder	4278255360
77979	Raid Finder	4278255360
77980	Raid Finder	4278255360
77981	Raid Finder	4278255360
77982	Raid Finder	4278255360
77983	Raid Finder	4278255360
77984	Raid Finder	4278255360
77985	Raid Finder	4278255360
77986	Raid Finder	4278255360
77987	Raid Finder	4278255360
77988	Raid Finder	4278255360
78374	Raid Finder	4278255360
78375	Raid Finder	4278255360
78376	Raid Finder	4278255360
78377	Raid Finder	4278255360
78378	Raid Finder	4278255360
78379	Raid Finder	4278255360
78380	Raid Finder	4278255360
78381	Raid Finder	4278255360
78382	Raid Finder	4278255360
78383	Raid Finder	4278255360
78384	Raid Finder	4278255360
78385	Raid Finder	4278255360
78386	Raid Finder	4278255360
78394	Raid Finder	4278255360
78395	Raid Finder	4278255360
78396	Raid Finder	4278255360
78397	Raid Finder	4278255360
78398	Raid Finder	4278255360
78399	Raid Finder	4278255360
78400	Raid Finder	4278255360
78407	Raid Finder	4278255360
78408	Raid Finder	4278255360
78409	Raid Finder	4278255360
78410	Raid Finder	4278255360
78411	Raid Finder	4278255360
78412	Raid Finder	4278255360
78421	Raid Finder	4278255360
78422	Raid Finder	4278255360
78423	Raid Finder	4278255360
78424	Raid Finder	4278255360
78425	Raid Finder	4278255360
78426	Raid Finder	4278255360
78427	Raid Finder	4278255360
78428	Raid Finder	4278255360
78437	Raid Finder	4278255360
78438	Raid Finder	4278255360
78439	Raid Finder	4278255360
78440	Raid Finder	4278255360
78441	Raid Finder	4278255360
78442	Raid Finder	4278255360
78443	Raid Finder	4278255360
78444	Raid Finder	4278255360
78453	Raid Finder	4278255360
78454	Raid Finder	4278255360
78455	Raid Finder	4278255360
78456	Raid Finder	4278255360
78457	Raid Finder	4278255360
78458	Raid Finder	4278255360
78459	Raid Finder	4278255360
78460	Raid Finder	4278255360
78466	Raid Finder	4278255360
78467	Raid Finder	4278255360
78468	Raid Finder	4278255360
78469	Raid Finder	4278255360
78470	Raid Finder	4278255360
78480	Raid Finder	4278255360
78481	Raid Finder	4278255360
78482	Raid Finder	4278255360
78483	Raid Finder	4278255360
78484	Raid Finder	4278255360
78485	Raid Finder	4278255360
78486	Raid Finder	4278255360
78487	Raid Finder	4278255360
78488	Raid Finder	4278255360
78494	Raid Finder	4278255360
78495	Raid Finder	4278255360
78496	Raid Finder	4278255360
78497	Raid Finder	4278255360
78498	Raid Finder	4278255360
78578	Raid Finder	4278255360
78579	Raid Finder	4278255360
78580	Raid Finder	4278255360
78581	Raid Finder	4278255360
78582	Raid Finder	4278255360
78583	Raid Finder	4278255360
78584	Raid Finder	4278255360
78585	Raid Finder	4278255360
78586	Raid Finder	4278255360
78587	Raid Finder	4278255360
78588	Raid Finder	4278255360
78589	Raid Finder	4278255360
78590	Raid Finder	4278255360
78591	Raid Finder	4278255360
78592	Raid Finder	4278255360
78593	Raid Finder	4278255360
78594	Raid Finder	4278255360
78595	Raid Finder	4278255360
78596	Raid Finder	4278255360
78597	Raid Finder	4278255360
78598	Raid Finder	4278255360
78599	Raid Finder	4278255360
78600	Raid Finder	4278255360
78601	Raid Finder	4278255360
78602	Raid Finder	4278255360
78603	Raid Finder	4278255360
78604	Raid Finder	4278255360
78605	Raid Finder	4278255360
78606	Raid Finder	4278255360
78607	Raid Finder	4278255360
78608	Raid Finder	4278255360
78609	Raid Finder	4278255360
78610	Raid Finder	4278255360
78611	Raid Finder	4278255360
78612	Raid Finder	4278255360
78613	Raid Finder	4278255360
78614	Raid Finder	4278255360
78615	Raid Finder	4278255360
78616	Raid Finder	4278255360
78617	Raid Finder	4278255360
78618	Raid Finder	4278255360
78619	Raid Finder	4278255360
78620	Raid Finder	4278255360
78621	Raid Finder	4278255360
78622	Raid Finder	4278255360
78623	Raid Finder	4278255360
78624	Raid Finder	4278255360
78625	Raid Finder	4278255360
78626	Raid Finder	4278255360
78627	Raid Finder	4278255360
78628	Raid Finder	4278255360
78629	Raid Finder	4278255360
78630	Raid Finder	4278255360
78631	Raid Finder	4278255360
78632	Raid Finder	4278255360
78633	Raid Finder	4278255360
78634	Raid Finder	4278255360
78635	Raid Finder	4278255360
78636	Raid Finder	4278255360
78637	Raid Finder	4278255360
78638	Raid Finder	4278255360
78639	Raid Finder	4278255360
78640	Raid Finder	4278255360
78641	Raid Finder	4278255360
78642	Raid Finder	4278255360
78643	Raid Finder	4278255360
78644	Raid Finder	4278255360
78645	Raid Finder	4278255360
78646	Raid Finder	4278255360
78647	Raid Finder	4278255360
78648	Raid Finder	4278255360
78649	Raid Finder	4278255360
78650	Raid Finder	4278255360
78651	Raid Finder	4278255360
78652	Raid Finder	4278255360
78653	Raid Finder	4278255360
78654	Raid Finder	4278255360
78655	Raid Finder	4278255360
78656	Raid Finder	4278255360
78752	Raid Finder	4278255360
78753	Raid Finder	4278255360
78754	Raid Finder	4278255360
78755	Raid Finder	4278255360
78756	Raid Finder	4278255360
78757	Raid Finder	4278255360
78758	Raid Finder	4278255360
78759	Raid Finder	4278255360
78760	Raid Finder	4278255360
78761	Raid Finder	4278255360
78762	Raid Finder	4278255360
78763	Raid Finder	4278255360
78764	Raid Finder	4278255360
78765	Raid Finder	4278255360
78766	Raid Finder	4278255360
78767	Raid Finder	4278255360
78768	Raid Finder	4278255360
78769	Raid Finder	4278255360
78770	Raid Finder	4278255360
78771	Raid Finder	4278255360
78772	Raid Finder	4278255360
78773	Raid Finder	4278255360
78774	Raid Finder	4278255360
78775	Raid Finder	4278255360
78776	Raid Finder	4278255360
78777	Raid Finder	4278255360
78778	Raid Finder	4278255360
78779	Raid Finder	4278255360
78780	Raid Finder	4278255360
78781	Raid Finder	4278255360
78782	Raid Finder	4278255360
78783	Raid Finder	4278255360
78784	Raid Finder	4278255360
78785	Raid Finder	4278255360
78786	Raid Finder	4278255360
78787	Raid Finder	4278255360
78788	Raid Finder	4278255360
78789	Raid Finder	4278255360
78790	Raid Finder	4278255360
78791	Raid Finder	4278255360
78792	Raid Finder	4278255360
78793	Raid Finder	4278255360
78794	Raid Finder	4278255360
78795	Raid Finder	4278255360
78796	Raid Finder	4278255360
78797	Raid Finder	4278255360
78798	Raid Finder	4278255360
78799	Raid Finder	4278255360
78800	Raid Finder	4278255360
78801	Raid Finder	4278255360
78802	Raid Finder	4278255360
78803	Raid Finder	4278255360
78804	Raid Finder	4278255360
78805	Raid Finder	4278255360
78806	Raid Finder	4278255360
78807	Raid Finder	4278255360
78808	Raid Finder	4278255360
78809	Raid Finder	4278255360
78810	Raid Finder	4278255360
78811	Raid Finder	4278255360
78812	Raid Finder	4278255360
78813	Raid Finder	4278255360
78814	Raid Finder	4278255360
78815	Raid Finder	4278255360
78816	Raid Finder	4278255360
78817	Raid Finder	4278255360
78818	Raid Finder	4278255360
78819	Raid Finder	4278255360
78820	Raid Finder	4278255360
78821	Raid Finder	4278255360
78822	Raid Finder	4278255360
78823	Raid Finder	4278255360
78824	Raid Finder	4278255360
78825	Raid Finder	4278255360
78826	Raid Finder	4278255360
78827	Raid Finder	4278255360
78828	Raid Finder	4278255360
78829	Raid Finder	4278255360
78830	Raid Finder	4278255360
78831	Raid Finder	4278255360
78832	Raid Finder	4278255360
78833	Raid Finder	4278255360
78834	Raid Finder	4278255360
78835	Raid Finder	4278255360
78836	Raid Finder	4278255360
78837	Raid Finder	4278255360
78838	Raid Finder	4278255360
78839	Raid Finder	4278255360
78840	Raid Finder	4278255360
78841	Raid Finder	4278255360
78842	Raid Finder	4278255360
78843	Raid Finder	4278255360
78844	Raid Finder	4278255360
78845	Raid Finder	4278255360
78846	Raid Finder	4278255360
78862	Raid Finder	4278255360
78863	Raid Finder	4278255360
78864	Raid Finder	4278255360
78865	Raid Finder	4278255360
78866	Raid Finder	4278255360
78867	Raid Finder	4278255360
78868	Raid Finder	4278255360
78869	Raid Finder	4278255360
78870	Raid Finder	4278255360
78871	Raid Finder	4278255360
78872	Raid Finder	4278255360
78873	Raid Finder	4278255360
78874	Raid Finder	4278255360
78875	Raid Finder	4278255360
78876	Raid Finder	4278255360
79715	Raid Finder	4278255360
81058	Heroic	65280
81059	Heroic	65280
81060	Heroic	65280
81061	Heroic	65280
81062	Heroic	65280
81063	Heroic	65280
81064	Heroic	65280
81065	Heroic	65280
81066	Heroic	65280
81067	Heroic	65280
81068	Heroic	65280
81069	Heroic	65280
81070	Heroic	65280
81071	Heroic	65280
81072	Heroic	65280
81073	Heroic	65280
81074	Heroic	65280
81075	Heroic	65280
81076	Heroic	65280
81077	Heroic	65280
81078	Heroic	65280
81079	Heroic	65280
81080	Heroic	65280
81081	Heroic	65280
81082	Heroic	65280
81083	Heroic	65280
81084	Heroic	65280
81085	Heroic	65280
81086	Heroic	65280
81087	Heroic	65280
81088	Heroic	65280
81089	Heroic	65280
81090	Heroic	65280
81091	Heroic	65280
81092	Heroic	65280
81093	Heroic	65280
81094	Heroic	65280
81095	Heroic	65280
81096	Heroic	65280
81097	Heroic	65280
81098	Heroic	65280
81099	Heroic	65280
81100	Heroic	65280
81101	Heroic	65280
81102	Heroic	65280
81103	Heroic	65280
81104	Heroic	65280
81105	Heroic	65280
81106	Heroic	65280
81107	Heroic	65280
81108	Heroic	65280
81109	Heroic	65280
81110	Heroic	65280
81111	Heroic	65280
81112	Heroic	65280
81113	Heroic	65280
81114	Heroic	65280
81123	Heroic	65280
81124	Heroic	65280
81125	Heroic	65280
81126	Heroic	65280
81127	Heroic	65280
81128	Heroic	65280
81129	Heroic	65280
81130	Heroic	65280
81131	Heroic	65280
81132	Heroic	65280
81133	Heroic	65280
81134	Heroic	65280
81135	Heroic	65280
81136	Heroic	65280
81138	Heroic	65280
81139	Heroic	65280
81140	Heroic	65280
81141	Heroic	65280
81179	Heroic	65280
81180	Heroic	65280
81181	Heroic	65280
81182	Heroic	65280
81184	Heroic	65280
81185	Heroic	65280
81186	Heroic	65280
81187	Heroic	65280
81188	Heroic	65280
81189	Heroic	65280
81190	Heroic	65280
81191	Heroic	65280
81192	Heroic	65280
81229	Heroic	65280
81230	Heroic	65280
81232	Heroic	65280
81233	Heroic	65280
81234	Heroic	65280
81235	Heroic	65280
81236	Heroic	65280
81237	Heroic	65280
81238	Heroic	65280
81239	Heroic	65280
81240	Heroic	65280
81241	Heroic	65280
81242	Heroic	65280
81243	Heroic	65280
81244	Heroic	65280
81245	Heroic	65280
81246	Heroic	65280
81247	Heroic	65280
81248	Heroic	65280
81249	Heroic	65280
81251	Heroic	65280
81252	Heroic	65280
81253	Heroic	65280
81254	Heroic	65280
81255	Heroic	65280
81256	Heroic	65280
81257	Heroic	65280
81262	Heroic	65280
81263	Heroic	65280
81264	Heroic	65280
81265	Heroic	65280
81266	Heroic	65280
81267	Heroic	65280
81268	Heroic	65280
81270	Heroic	65280
81271	Heroic	65280
81272	Heroic	65280
81273	Heroic	65280
81274	Heroic	65280
81275	Heroic	65280
81276	Heroic	65280
81277	Heroic	65280
81279	Heroic	65280
81280	Heroic	65280
81281	Heroic	65280
81282	Heroic	65280
81283	Heroic	65280
81284	Heroic	65280
81285	Heroic	65280
81286	Heroic	65280
81287	Heroic	65280
81288	Heroic	65280
81289	Heroic	65280
81290	Heroic	65280
81291	Heroic	65280
81292	Heroic	65280
81560	Heroic	65280
81561	Heroic	65280
81562	Heroic	65280
81563	Heroic	65280
81564	Heroic	65280
81565	Heroic	65280
81566	Heroic	65280
81567	Heroic	65280
81568	Heroic	65280
81569	Heroic	65280
81570	Heroic	65280
81571	Heroic	65280
81572	Heroic	65280
81573	Heroic	65280
81574	Heroic	65280
81575	Heroic	65280
81576	Heroic	65280
81577	Heroic	65280
81578	Heroic	65280
81687	Heroic	65280
81688	Heroic	65280
81689	Heroic	65280
81690	Heroic	65280
81691	Heroic	65280
81692	Heroic	65280
81693	Heroic	65280
81694	Heroic	65280
81695	Heroic	65280
81696	Heroic	65280
81697	Heroic	65280
81698	Heroic	65280
81699	Heroic	65280
81700	Heroic	65280
81906	Season 10 Elite	4294967295
82347	Season 10 Elite	4294967295
82348	Season 10 Elite	4294967295
82351	Season 10 Elite	4294967295
82352	Season 10 Elite	4294967295
82382	Season 10 Elite	4294967295
82421	Season 12	65280
82422	Season 12	65280
82423	Season 12	65280
82424	Season 12	65280
82425	Season 12	65280
82426	Season 12	65280
82427	Season 12	65280
82428	Season 12	65280
82429	Season 12	65280
82430	Season 12	65280
82431	Season 12	65280
82432	Season 12	65280
82433	Season 12	65280
82434	Season 12	65280
82435	Season 12	65280
82436	Season 12	65280
82770	Season 10 Elite	4294967295
82785	Season 10 Elite	4294967295
82788	Season 10 Elite	4294967295
82789	Season 10 Elite	4294967295
82812	Heroic	65280
82813	Heroic	65280
82814	Heroic	65280
82815	Heroic	65280
82816	Heroic	65280
82817	Heroic	65280
82818	Heroic	65280
82819	Heroic	65280
82820	Heroic	65280
82821	Heroic	65280
82822	Heroic	65280
82823	Heroic	65280
82824	Heroic	65280
82825	Heroic	65280
82826	Heroic	65280
82827	Heroic	65280
82828	Heroic	65280
82847	Heroic	65280
82848	Heroic	65280
82850	Heroic	65280
82851	Heroic	65280
82852	Heroic	65280
82853	Heroic	65280
82854	Heroic	65280
82855	Heroic	65280
82856	Heroic	65280
82857	Heroic	65280
82858	Heroic	65280
82859	Heroic	65280
82860	Heroic	65280
82861	Heroic	65280
82862	Heroic	65280
82943	Season 12	65280
82944	Season 12	65280
82945	Season 12	65280
82946	Season 12	65280
82947	Season 12	65280
82948	Season 12	65280
82949	Season 12	65280
82950	Season 12	65280
82951	Season 12	65280
82952	Season 12	65280
82953	Season 12	65280
82954	Season 12	65280
82955	Season 12	65280
82956	Season 12	65280
82957	Season 12	65280
82958	Season 12	65280
83081	Season 10 Elite	4294967295
83763	Tier 2	4294967295
83764	Tier 2	4294967295
83765	Tier 2	4294967295
84344	Season 12	65280
84345	Season 12	65280
84346	Season 12	65280
84347	Season 12	65280
84348	Season 12	65280
84349	Season 12	65280
84351	Season 12	65280
84352	Season 12	65280
84353	Season 12	65280
84354	Season 12	65280
84355	Season 12	65280
84356	Season 12	65280
84357	Season 12	65280
84358	Season 12	65280
84359	Season 12	65280
84360	Season 12	65280
84361	Season 12	65280
84362	Season 12	65280
84363	Season 12	65280
84364	Season 12	65280
84365	Season 12	65280
84366	Season 12	65280
84367	Season 12	65280
84369	Season 12	65280
84370	Season 12	65280
84371	Season 12	65280
84372	Season 12	65280
84373	Season 12	65280
84374	Season 12	65280
84375	Season 12	65280
84376	Season 12	65280
84377	Season 12	65280
84378	Season 12	65280
84379	Season 12	65280
84380	Season 12	65280
84381	Season 12	65280
84382	Season 12	65280
84383	Season 12	65280
84384	Season 12	65280
84385	Season 12	65280
84386	Season 12	65280
84387	Season 12	65280
84388	Season 12	65280
84389	Season 12	65280
84390	Season 12	65280
84391	Season 12	65280
84392	Season 12	65280
84393	Season 12	65280
84394	Season 12	65280
84395	Season 12	65280
84396	Season 12	65280
84397	Season 12	65280
84399	Season 12	65280
84400	Season 12	65280
84401	Season 12	65280
84402	Season 12	65280
84403	Season 12	65280
84404	Season 12	65280
84405	Season 12	65280
84406	Season 12	65280
84407	Season 12	65280
84408	Season 12	65280
84409	Season 12	65280
84410	Season 12	65280
84411	Season 12	65280
84412	Season 12	65280
84413	Season 12	65280
84414	Season 12	65280
84415	Season 12	65280
84416	Season 12	65280
84417	Season 12	65280
84418	Season 12	65280
84419	Season 12	65280
84420	Season 12	65280
84421	Season 12	65280
84422	Season 12	65280
84423	Season 12	65280
84424	Season 12	65280
84425	Season 12	65280
84426	Season 12	65280
84427	Season 12	65280
84428	Season 12	65280
84429	Season 12	65280
84430	Season 12	65280
84431	Season 12	65280
84432	Season 12	65280
84433	Season 12	65280
84434	Season 12	65280
84435	Season 12	65280
84436	Season 12	65280
84437	Season 12	65280
84438	Season 12	65280
84439	Season 12	65280
84440	Season 12	65280
84441	Season 12	65280
84442	Season 12	65280
84443	Season 12	65280
84444	Season 12	65280
84445	Season 12	65280
84446	Season 12	65280
84447	Season 12	65280
84448	Season 12	65280
84449	Season 12	65280
84450	Season 12	65280
84451	Season 12	65280
84452	Season 12	65280
84453	Season 12	65280
84454	Season 12	65280
84455	Season 12	65280
84456	Season 12	65280
84457	Season 12	65280
84458	Season 12	65280
84459	Season 12	65280
84460	Season 12	65280
84461	Season 12	65280
84462	Season 12	65280
84463	Season 12	65280
84464	Season 12	65280
84465	Season 12	65280
84466	Season 12	65280
84467	Season 12	65280
84468	Season 12	65280
84469	Season 12	65280
84470	Season 12	65280
84471	Season 12	65280
84472	Season 12	65280
84473	Season 12	65280
84474	Season 12	65280
84475	Season 12	65280
84476	Season 12	65280
84477	Season 12	65280
84478	Season 12	65280
84479	Season 12	65280
84480	Season 12	65280
84481	Season 12	65280
84482	Season 12	65280
84483	Season 12	65280
84484	Season 12	65280
84485	Season 12	65280
84486	Season 12	65280
84487	Season 12	65280
84488	Season 12	65280
84489	Season 12	65280
84490	Season 12	65280
84491	Season 12	65280
84492	Season 12	65280
84493	Season 12	65280
84494	Season 12	65280
84495	Season 12	65280
84497	Season 12	65280
84498	Season 12	65280
84499	Season 12	65280
84500	Season 12	65280
84501	Season 12	65280
84502	Season 12	65280
84503	Season 12	65280
84504	Season 12	65280
84505	Season 12	65280
84506	Season 12	65280
84507	Season 12	65280
84508	Season 12	65280
84543	Season 12	65280
84544	Season 12	65280
84545	Season 12	65280
84546	Season 12	65280
84547	Season 12	65280
84548	Season 12	65280
84549	Season 12	65280
84550	Season 12	65280
84551	Season 12	65280
84552	Season 12	65280
84677	Heroic	65280
84695	Season 12	4278255360
84696	Season 12	4278255360
84697	Season 12	4278255360
84698	Season 12	4278255360
84699	Season 12	4278255360
84700	Season 12	4278255360
84701	Season 12	4278255360
84702	Season 12	4278255360
84703	Season 12	4278255360
84704	Season 12	4278255360
84705	Season 12	4278255360
84706	Season 12	4278255360
84707	Season 12	4278255360
84708	Season 12	4278255360
84709	Season 12	4278255360
84710	Season 12	4278255360
84711	Season 12	4278255360
84712	Season 12	4278255360
84713	Season 12	4278255360
84714	Season 12	4278255360
84715	Season 12	4278255360
84716	Season 12	4278255360
84717	Season 12	4278255360
84718	Season 12	4278255360
84719	Season 12	4278255360
84720	Season 12	4278255360
84721	Season 12	4278255360
84722	Season 12	4278255360
84723	Season 12	4278255360
84724	Season 12	4278255360
84725	Season 12	4278255360
84785	Season 12	4278255360
84786	Season 12	4278255360
84787	Season 12	4278255360
84788	Season 12	4278255360
84789	Season 12	4278255360
84790	Season 12	4278255360
84791	Season 12	4278255360
84792	Season 12	65280
84793	Season 12	65280
84794	Season 12	65280
84795	Season 12	65280
84796	Season 12	65280
84797	Season 12	65280
84798	Season 12	65280
84799	Season 12	65280
84800	Season 12	65280
84801	Season 12	65280
84802	Season 12	65280
84803	Season 12	65280
84804	Season 12	65280
84805	Season 12	65280
84806	Season 12	65280
84807	Season 12	65280
84808	Season 12	65280
84809	Season 12	65280
84810	Season 12	65280
84811	Season 12	65280
84812	Season 12	65280
84813	Season 12	65280
84814	Season 12	65280
84815	Season 12	65280
84816	Season 12	65280
84817	Season 12	65280
84818	Season 12	65280
84819	Season 12	65280
84820	Season 12	65280
84821	Season 12	65280
84822	Season 12	65280
84823	Season 12	65280
84824	Season 12	65280
84825	Season 12	65280
84826	Season 12	65280
84827	Season 12	65280
84828	Season 12	65280
84829	Season 12	65280
84830	Season 12	65280
84831	Season 12	65280
84832	Season 12	65280
84833	Season 12	65280
84834	Season 12	65280
84835	Season 12	65280
84836	Season 12	65280
84837	Season 12	65280
84838	Season 12	65280
84839	Season 12	65280
84840	Season 12	65280
84841	Season 12	65280
84842	Season 12	65280
84843	Season 12	65280
84844	Season 12	65280
84845	Season 12	65280
84846	Season 12	65280
84847	Season 12	65280
84848	Season 12	65280
84849	Season 12	65280
84850	Season 12	65280
84851	Season 12	65280
84852	Season 12	65280
84853	Season 12	65280
84854	Season 12	65280
84855	Season 12	65280
84856	Season 12	65280
84857	Season 12	65280
84858	Season 12	65280
84859	Season 12	65280
84860	Season 12	65280
84861	Season 12	65280
84862	Season 12	65280
84863	Season 12	65280
84864	Season 12	65280
84865	Season 12	65280
84866	Season 12	4278255360
84867	Season 12	4278255360
84868	Season 12	65280
84869	Season 12	65280
84870	Season 12	65280
84871	Season 12	65280
84872	Season 12	65280
84873	Season 12	65280
84874	Season 12	65280
84875	Season 12	65280
84876	Season 12	65280
84877	Season 12	65280
84878	Season 12	65280
84879	Season 12	65280
84880	Season 12	65280
84881	Season 12	65280
84882	Season 12	65280
84883	Season 12	65280
84884	Season 12	65280
84885	Season 12	65280
84886	Season 12	65280
84887	Season 12	65280
84888	Season 12	65280
84889	Season 12	65280
84890	Season 12	65280
84891	Season 12	65280
84892	Season 12	65280
84893	Season 12	4278255360
84894	Season 12	4278255360
84895	Season 12	4278255360
84896	Season 12	4278255360
84897	Season 12	4278255360
84898	Season 12	4278255360
84899	Season 12	4278255360
84900	Season 12	4278255360
84901	Season 12	65280
84902	Season 12	65280
84903	Season 12	65280
84904	Season 12	65280
84905	Season 12	65280
84906	Season 12	65280
84907	Season 12	65280
84908	Season 12	65280
84909	Season 12	65280
84910	Season 12	4278255360
84911	Season 12	4278255360
84912	Season 12	4278255360
84913	Season 12	65280
84914	Season 12	65280
84915	Season 12	65280
84916	Season 12	65280
84917	Season 12	65280
84918	Season 12	65280
84919	Season 12	65280
84920	Season 12	65280
84921	Season 12	65280
84922	Season 12	65280
84923	Season 12	65280
84924	Season 12	65280
84925	Season 12	65280
84926	Season 12	65280
84927	Season 12	65280
84928	Season 12	65280
84929	Season 12	65280
84930	Season 12	65280
84931	Season 12	65280
84932	Season 12	65280
84933	Season 12	65280
84934	Season 12	65280
84935	Season 12	65280
84936	Season 12	65280
84937	Season 12	65280
84938	Season 12	65280
84939	Season 12	65280
84940	Season 12	65280
84941	Season 12	65280
84942	Season 12	65280
84943	Season 12	65280
84944	Season 12	65280
84945	Season 12	65280
84946	Season 12	65280
84947	Season 12	65280
84948	Season 12	65280
84949	Season 12	65280
84950	Season 12	65280
84951	Season 12	65280
84952	Season 12	65280
84953	Season 12	65280
84954	Season 12	65280
84955	Season 12	65280
84956	Season 12	65280
84957	Season 12	65280
84958	Season 12	65280
84959	Season 12	65280
84960	Season 12	65280
84961	Season 12	4278255360
84962	Season 12	4278255360
84963	Season 12	4278255360
84964	Season 12	4278255360
84965	Season 12	4278255360
84966	Season 12	4278255360
84967	Season 12	4278255360
84968	Season 12	4278255360
84969	Season 12	4278255360
84970	Season 12	4278255360
84971	Season 12	4278255360
84972	Season 12	65280
84973	Season 12	65280
84974	Season 12	65280
84975	Season 12	65280
84976	Season 12	65280
84977	Season 12	65280
84978	Season 12	65280
84979	Season 12	65280
84980	Season 12	65280
84981	Season 12	65280
84982	Season 12	65280
84983	Season 12	65280
84984	Season 12	65280
84985	Season 12	65280
84986	Season 12	65280
84987	Season 12 Elite	65280
84988	Season 12 Elite	65280
84989	Season 12 Elite	65280
84990	Season 12 Elite	65280
84991	Season 12 Elite	65280
84992	Season 12 Elite	65280
84993	Season 12 Elite	65280
84994	Season 12 Elite	65280
84995	Season 12 Elite	65280
84996	Season 12 Elite	65280
84997	Season 12 Elite	65280
84998	Season 12 Elite	65280
84999	Season 12 Elite	65280
85000	Season 12 Elite	65280
85001	Season 12 Elite	65280
85002	Season 12 Elite	65280
85003	Season 12 Elite	65280
85004	Season 12 Elite	65280
85005	Season 12 Elite	65280
85006	Season 12 Elite	65280
85007	Season 12 Elite	65280
85008	Season 12 Elite	65280
85009	Season 12 Elite	65280
85010	Season 12 Elite	65280
85011	Season 12 Elite	65280
85012	Season 12 Elite	65280
85013	Season 12 Elite	65280
85014	Season 12 Elite	65280
85015	Season 12 Elite	65280
85016	Season 12 Elite	65280
85017	Season 12 Elite	65280
85018	Season 12 Elite	65280
85019	Season 12 Elite	65280
85020	Season 12 Elite	65280
85021	Season 12 Elite	65280
85022	Season 12 Elite	65280
85023	Season 12 Elite	65280
85024	Season 12 Elite	65280
85025	Season 12 Elite	65280
85026	Season 12 Elite	65280
85027	Season 12 Elite	65280
85028	Season 12 Elite	65280
85029	Season 12 Elite	65280
85030	Season 12 Elite	65280
85031	Season 12 Elite	65280
85032	Season 12 Elite	65280
85033	Season 12 Elite	65280
85034	Season 12 Elite	65280
85035	Season 12 Elite	65280
85036	Season 12 Elite	65280
85037	Season 12 Elite	65280
85038	Season 12 Elite	65280
85039	Season 12 Elite	65280
85040	Season 12 Elite	65280
85041	Season 12 Elite	65280
85042	Season 12 Elite	65280
85043	Season 12 Elite	65280
85044	Season 12 Elite	65280
85045	Season 12 Elite	65280
85046	Season 12 Elite	65280
85047	Season 12 Elite	65280
85048	Season 12 Elite	65280
85049	Season 12 Elite	65280
85050	Season 12 Elite	65280
85051	Season 12 Elite	65280
85052	Season 12 Elite	65280
85053	Season 12 Elite	65280
85054	Season 12 Elite	65280
85055	Season 12 Elite	65280
85056	Season 12 Elite	65280
85057	Season 12 Elite	65280
85058	Season 12 Elite	65280
85059	Season 12 Elite	65280
85060	Season 12 Elite	65280
85061	Season 12 Elite	65280
85062	Season 12 Elite	65280
85063	Season 12 Elite	65280
85064	Season 12 Elite	65280
85065	Season 12 Elite	65280
85066	Season 12 Elite	65280
85067	Season 12 Elite	65280
85068	Season 12 Elite	65280
85069	Season 12 Elite	65280
85070	Season 12 Elite	65280
85071	Season 12 Elite	65280
85072	Season 12 Elite	65280
85073	Season 12 Elite	65280
85074	Season 12 Elite	65280
85075	Season 12 Elite	65280
85076	Season 12 Elite	65280
85077	Season 12 Elite	65280
85078	Season 12 Elite	65280
85079	Season 12 Elite	65280
85080	Season 12 Elite	65280
85081	Season 12 Elite	65280
85082	Season 12 Elite	65280
85083	Season 12 Elite	65280
85084	Season 12 Elite	65280
85085	Season 12 Elite	65280
85086	Season 12 Elite	65280
85087	Season 12 Elite	65280
85088	Season 12 Elite	65280
85089	Season 12 Elite	65280
85090	Season 12 Elite	65280
85091	Season 12 Elite	65280
85092	Season 12 Elite	65280
85093	Season 12 Elite	65280
85094	Season 12 Elite	65280
85095	Season 12 Elite	65280
85096	Season 12 Elite	65280
85097	Season 12 Elite	65280
85098	Season 12 Elite	65280
85099	Season 12 Elite	65280
85100	Season 12 Elite	65280
85101	Season 12 Elite	65280
85102	Season 12 Elite	65280
85103	Season 12 Elite	65280
85104	Season 12 Elite	65280
85105	Season 12 Elite	65280
85106	Season 12 Elite	65280
85107	Season 12 Elite	4278255360
85108	Season 12 Elite	4278255360
85109	Season 12 Elite	4278255360
85110	Season 12 Elite	4278255360
85111	Season 12 Elite	4278255360
85112	Season 12 Elite	4278255360
85113	Season 12 Elite	4278255360
85114	Season 12 Elite	4278255360
85115	Season 12 Elite	4278255360
85116	Season 12 Elite	4278255360
85117	Season 12 Elite	4278255360
85118	Season 12 Elite	4278255360
85119	Season 12 Elite	4278255360
85120	Season 12 Elite	4278255360
85121	Season 12 Elite	4278255360
85122	Season 12 Elite	4278255360
85123	Season 12 Elite	4278255360
85124	Season 12 Elite	4278255360
85125	Season 12 Elite	4278255360
85126	Season 12 Elite	4278255360
85127	Season 12 Elite	4278255360
85128	Season 12 Elite	4278255360
85129	Season 12 Elite	4278255360
85130	Season 12 Elite	4278255360
85131	Season 12 Elite	4278255360
85132	Season 12 Elite	4278255360
85133	Season 12 Elite	4278255360
85134	Season 12 Elite	4278255360
85135	Season 12 Elite	4278255360
85136	Season 12 Elite	4278255360
85137	Season 12 Elite	4278255360
85175		65280
85176		65280
85177		65280
85178		65280
85179		65280
85181		65280
85182		65280
85184		65280
85186		65280
85187		65280
85188		65280
85190		65280
85191		65280
85192		65280
85193		65280
85194		65280
85477	Pristine	4278255360
85568	Tier 1	4294967295
85569	Tier 1	4294967295
85570	Tier 1	4294967295
85789	Season 12	65280
85790	Season 12	65280
85791	Season 12	65280
85792	Season 12	65280
85793	Season 12	65280
85794	Season 12	65280
85795	Season 12	65280
85796	Season 12	65280
85797	Season 12	65280
85798	Season 12	65280
85799	Season 12	65280
85800	Season 12	65280
85801	Season 12	65280
85802	Season 12	65280
85803	Season 12	65280
85804	Season 12	65280
85805	Season 12	65280
85806	Season 12	65280
85807	Season 12	65280
85808	Season 12	65280
85809	Season 12	65280
85810	Season 12	65280
85811	Season 12	65280
85812	Season 12	65280
85813	Season 12	65280
85814	Season 12	65280
85815	Season 12	65280
85816	Season 12	65280
85817	Season 12	65280
85818	Season 12	65280
85819	Season 12	65280
85820	Season 12	65280
