m_id	m_encounterId	m_modelId	m_index	field4	m_name	field6	358	89	37410	0	522228	"Glubtok"	0
359	90	33002	0	522234	"Helix Gearbreaker"	0
630	90	33003	1	523206	"Lumbering Oaf"	0
360	91	35606	0	522225	"Foe Reaper 5000"	0
361	92	35739	0	522189	"Admiral Ripsnarl"	0
362	93	1305	0	522210	"\"Captain\" Cookie"	0
365	95	32806	0	522278	"Vanessa VanCleef"	0
366	96	34610	0	522205	"Baron Ashbury"	0
367	97	37288	0	522206	"Baron Silverlaine"	0
368	98	37287	0	522213	"Commander Springvale"	0
369	99	34612	0	522249	"Lord Walden"	0
370	100	34611	0	522247	"Lord Godfrey"	0
371	101	34342	0	522245	"Lady Naz\'jar"	0
372	102	33792	0	522214	"Commander Ulthok"	0
373	103	32259	0	522253	"Mindbender Ghur\'sha"	0
374	104	34135	0	522259	"Ozumat"	0
375	105	33147	0	522266	"Rom\'ogg Bonecrusher"	0
376	106	31546	0	522216	"Corla, Herald of Twilight"	0
377	107	31710	0	522244	"Karsh Steelbender"	0
378	108	34433	0	522207	"Beauty"	0
379	109	36465	0	522201	"Ascendant Lord Obsidius"	0
380	110	33477	0	522215	"Corborus"	0
381	111	36476	0	522271	"Slabhide"	0
382	112	36475	0	522258	"Ozruk"	0
383	113	26448	0	522237	"High Priestess Azil"	0
384	114	35181	0	522229	"Grand Vizier Ertan"	0
385	115	34265	0	522192	"Altairus"	0
386	116	35388	0	522200	"Asaad"	0
387	117	34743	0	523205	"General Husam"	0
389	118	33438	0	522246	"Lockmaw"	0
388	118	37339	1	522203	"Augh"	0
390	119	34744	0	522239	"High Prophet Barim"	0
394	122	35231	0	522269	"Siamat"	0
424	124	35067	0	522272	"Temple Guardian Anhuur"	0
425	125	31450	0	522219	"Earthrager Ptah"	0
426	126	34580	0	522195	"Anraphet"	0
427	127	33465	0	522241	"Isiset"	0
428	128	32943	0	522194	"Ammunae"	0
429	129	33055	0	522267	"Setesh"	0
430	130	33177	0	522262	"Rajh"	0
431	131	31498	0	522227	"General Umbriss"	0
432	132	33429	0	522226	"Forgemaster Throngus"	0
433	133	31792	0	522218	"Dragha Shadowburner"	0
434	133	31795	1	522276	"Valiona"	0
435	134	33428	0	522222	"Erudax"	0
463	139	35426	0	522198	"Argaloth"	0
464	140	37876	0	523207	"Occu\'thar"	0
556	154	35233	0	522196	"Anshal"	642
555	154	35232	1	522256	"Nezir"	670
557	154	35234	2	522265	"Rohash"	700
558	155	35248	0	522191	"Al\'akir"	0
559	156	34816	0	522232	"Halfus Wyrmbreaker"	0
561	157	34813	0	522274	"Theralion"	0
560	157	34812	1	522277	"Valiona"	0
565	158	34822	0	522224	"Feludius"	768
564	158	34821	1	522240	"Ignacious"	808
566	158	34823	2	522199	"Arion"	844
562	158	34824	3	522273	"Terrastra"	882
563	158	34825	4	522221	"Elementium Monstrosity"	935
587	167	34576	0	522212	"Cho\'gall"	0
588	168	34335	0	522270	"Sinestra"	0
591	169	32685	0	522250	"Magmatron"	0
592	169	32687	1	522197	"Arcanotron"	0
589	169	32688	2	522220	"Electron"	0
590	169	32684	3	522275	"Toxitron"	0
593	170	37993	0	522251	"Magmaw"	0
594	171	34547	0	522202	"Atramedes"	0
595	172	33308	0	522211	"Chimaeron"	0
596	173	33186	0	522252	"Maloriak"	0
600	174	32716	0	522255	"Nefarian"	0
599	174	32569	1	522257	"Onyxia"	0
601	175	37788	0	522236	"High Priest Venoxis"	0
602	176	37816	0	522209	"Bloodlord Mandokir"	0
603	177	8390	0	522230	"Gri\'lek"	0
604	178	37832	0	522233	"Hazza\'rah"	0
605	179	37830	0	522263	"Renataki"	0
606	180	37831	0	522279	"Wushoolay"	0
607	181	37805	0	522238	"High Priestess Kilnara"	0
616	184	37813	0	522280	"Zanzil"	0
617	185	37789	0	522243	"Jin\'do the Godbreaker"	0
618	186	21630	0	522190	"Akil\'zon"	0
619	187	21631	0	522254	"Nalorakk"	0
620	188	21633	0	522242	"Jan\'alai"	0
621	189	21632	0	522231	"Halazzi"	0
622	190	22332	0	522235	"Hex Lord Malacrass"	0
623	191	38118	0	522217	"Daakara"	0
624	192	38227	0	522208	"Beth\'tilac"	0
625	193	38414	0	522248	"Lord Rhyolith"	0
626	194	38446	0	522193	"Alysrazor"	0
627	195	38448	0	522268	"Shannox"	0
770	196	38621	0	522204	"Baleroc"	0
628	197	37953	0	522223	"Majordomo Staghelm"	0
629	198	37875	0	522261	"Ragnaros"	0
817	283	39617	0	571749	"Echo of Tyrande"	0
903	285	38802	0	571745	"Echo of Jaina"	0
827	289	38931	0	536059	"Murozond"	1387
895	290	39182	0	536060	"Peroth\'arn"	0
865	291	39391	0	571747	"Queen Azshara"	0
913	292	38996	0	571746	"Mannoroth"	0
914	292	39127	1	571746	"Captain Varo\'then"	0
881	311	39094	0	536058	"Morchok"	0
856	317	39318	0	536057	"Hagara the Stormbinder"	0
855	318	35268	0	536056	"Deathwing"	0
862	322	35978	0	571743	"Arcurion"	0
864	323	38655	0	571748	"Echo of Sylvanas"	0
867	324	39138	0	536061	"Warlord Zon\'ozz"	0
876	325	39101	0	536062	"Yor\'sahj the Unsleeping"	0
875	331	39099	0	571750	"Ultraxion"	0
877	332	39399	0	571752	"Warmaster Blackhorn"	0
905	333	40087	0	536055	"Deathwing"	0
896	339	21252	0	571742	"Alizabal"	0
900	340	38791	0	571744	"Echo of Baine"	0
899	341	38991	0	536053	"Archbishop Benedictus"	0
904	342	38995	0	536054	"Asira Dawnslayer"	0
