m_id	m_encounterId	m_itemId	m_difficulty	newField1	
3148	89	2169	1	-1
3149	89	5195	1	-1
3150	89	65163	2	-1
3151	89	63467	2	-1
3152	89	5444	1	-1
3153	89	63468	2	-1
3154	89	63470	2	-1
3155	89	63471	2	-1
3156	90	5200	1	-1
3157	90	63473	2	-1
3158	90	63474	2	-1
3159	90	63475	2	-1
3160	90	5443	1	-1
3161	90	63476	2	-1
3162	90	5191	1	-1
3163	90	65164	2	-1
3164	90	5199	1	-1
3165	91	5201	1	-1
3166	91	1937	1	-1
3167	91	5187	1	-1
3168	91	65165	2	-1
3169	91	65166	2	-1
3170	91	65167	2	-1
3171	92	872	1	-1
3172	92	65168	2	-1
3173	92	65169	2	-1
3174	92	65170	2	-1
3175	92	1156	1	-1
3176	92	5196	1	-1
3177	93	5202	1	-1
3178	93	65171	2	-1
3179	93	65172	2	-1
3180	93	65173	2	-1
3181	93	65174	2	-1
3182	93	5192	1	-1
3183	93	65177	2	-1
3184	93	5193	1	-1
3185	93	5197	1	-1
3186	93	5198	1	-1
3196	95	63478	2	-1
3197	95	63479	2	-1
3198	95	63480	2	-1
3199	95	63482	2	-1
3200	95	65178	2	-1
3201	95	63483	2	-1
3202	95	63484	2	-1
3203	95	63485	2	-1
3204	95	63486	2	-1
3205	95	63487	2	-1
3206	96	63433	2	-1
3207	96	6314	1	-1
3208	96	63434	2	-1
3209	96	6323	1	-1
3210	96	63435	2	-1
3211	96	6324	1	-1
3212	96	63436	2	-1
3213	96	63437	2	-1
3214	97	63440	2	-1
3215	97	63441	2	-1
3216	97	6321	1	-1
3217	97	63444	2	-1
3218	97	5254	1	-1
3219	97	5943	1	-1
3220	97	63438	2	-1
3221	97	63439	2	-1
3222	97	6319	1	-1
3223	98	6320	1	-1
3224	98	63448	2	-1
3226	98	63449	2	-1
3227	98	63445	2	-1
3228	98	63446	2	-1
3229	98	3191	1	-1
3230	98	63447	2	-1
3231	99	6642	1	-1
3232	99	6341	1	-1
3233	99	63450	2	-1
3234	99	63452	2	-1
3235	99	1292	1	-1
3236	99	63453	2	-1
3237	99	63454	2	-1
3238	99	3230	1	-1
3239	99	63455	2	-1
3240	100	63456	2	-1
3241	100	63457	2	-1
3242	100	6641	1	-1
3243	100	63458	2	-1
3244	100	63459	2	-1
3245	100	63460	2	-1
3246	100	3748	1	-1
3247	100	63461	2	-1
3248	100	63462	2	-1
3249	100	63463	2	-1
3250	100	63464	2	-1
3251	100	63465	2	-1
3252	100	6220	1	-1
3253	100	6318	1	-1
3254	101	55201	1	-1
3255	101	55202	1	-1
3256	101	55203	1	-1
3257	101	56266	2	-1
3258	101	55195	1	-1
3259	101	56267	2	-1
3260	101	56268	2	-1
3261	101	56269	2	-1
3262	101	56270	2	-1
3263	101	55198	1	-1
3264	102	56272	2	-1
3265	102	56273	2	-1
3266	102	56274	2	-1
3267	102	56275	2	-1
3268	102	55204	1	-1
3269	102	55205	1	-1
3270	102	55206	1	-1
3271	102	55207	1	-1
3272	102	55228	1	-1
3273	102	56271	2	-1
3274	103	55248	1	-1
3275	103	55235	1	-1
3276	103	56276	2	-1
3277	103	55236	1	-1
3278	103	56277	2	-1
3279	103	55237	1	-1
3280	103	56278	2	-1
3281	103	56279	2	-1
3282	103	56280	2	-1
3283	103	55229	1	-1
3284	104	56288	2	-1
3285	104	56289	2	-1
3286	104	56290	2	-1
3287	104	56291	2	-1
3288	104	55249	1	-1
3289	104	55250	1	-1
3290	104	55251	1	-1
3291	104	55252	1	-1
3292	104	55253	1	-1
3293	104	55254	1	-1
3294	104	55255	1	-1
3295	104	55256	1	-1
3296	104	56281	2	-1
3297	104	56282	2	-1
3298	104	55258	1	-1
3299	104	56283	2	-1
3300	104	55259	1	-1
3301	104	56284	2	-1
3302	104	56285	2	-1
3303	104	56286	2	-1
3304	105	55776	1	-1
3305	105	55777	1	-1
3306	105	55778	1	-1
3307	105	56310	2	-1
3308	105	56311	2	-1
3309	105	56312	2	-1
3310	105	56313	2	-1
3311	105	56314	2	-1
3312	105	55278	1	-1
3313	105	55279	1	-1
3314	106	55264	1	-1
3315	106	55265	1	-1
3316	106	55266	1	-1
3317	106	55267	1	-1
3318	106	56295	2	-1
3319	106	56296	2	-1
3320	106	56297	2	-1
3321	106	56298	2	-1
3322	106	56299	2	-1
3323	106	55263	1	-1
3324	107	56304	2	-1
3325	107	55268	1	-1
3326	107	55269	1	-1
3327	107	55270	1	-1
3328	107	55271	1	-1
3329	107	55272	1	-1
3330	107	56300	2	-1
3331	107	56301	2	-1
3332	107	56302	2	-1
3333	107	56303	2	-1
3334	108	56305	2	-1
3335	108	56306	2	-1
3336	108	56307	2	-1
3337	108	56308	2	-1
3338	108	56309	2	-1
3339	108	55273	1	-1
3340	108	55274	1	-1
3341	108	55275	1	-1
3342	108	55276	1	-1
3343	108	55277	1	-1
3344	109	56320	2	-1
3345	109	56321	2	-1
3346	109	56322	2	-1
3347	109	55779	1	-1
3348	109	56323	2	-1
3349	109	55780	1	-1
3350	109	56324	2	-1
3351	109	55781	1	-1
3352	109	55782	1	-1
3353	109	55783	1	-1
3354	109	55784	1	-1
3355	109	55785	1	-1
3356	109	55786	1	-1
3357	109	55787	1	-1
3358	109	55788	1	-1
3359	109	56315	2	-1
3360	109	56316	2	-1
3361	109	56317	2	-1
3362	109	56318	2	-1
3363	109	56319	2	-1
3364	110	55792	1	-1
3365	110	55793	1	-1
3366	110	55794	1	-1
3367	110	55795	1	-1
3368	110	55796	1	-1
3369	110	56328	2	-1
3370	110	56329	2	-1
3371	110	56330	2	-1
3372	110	56331	2	-1
3373	110	56332	2	-1
3374	111	56336	2	-1
3375	111	56337	2	-1
3376	111	63043	3	-1
3377	111	55797	1	-1
3378	111	55798	1	-1
3379	111	55799	1	-1
3380	111	55800	1	-1
3381	111	55801	1	-1
3382	111	56333	2	-1
3383	111	56334	2	-1
3384	111	56335	2	-1
3385	112	56338	2	-1
3386	112	55810	1	-1
3387	112	56339	2	-1
3388	112	55811	1	-1
3389	112	56340	2	-1
3390	112	56341	2	-1
3391	112	56342	2	-1
3392	112	55802	1	-1
3393	112	55803	1	-1
3394	112	55804	1	-1
3395	113	56352	2	-1
3396	113	55812	1	-1
3397	113	55813	1	-1
3398	113	55814	1	-1
3399	113	55815	1	-1
3400	113	55816	1	-1
3401	113	55817	1	-1
3402	113	55818	1	-1
3403	113	55819	1	-1
3404	113	55820	1	-1
3405	113	55821	1	-1
3406	113	56343	2	-1
3407	113	56344	2	-1
3408	113	56345	2	-1
3409	113	56346	2	-1
3410	113	56347	2	-1
3411	113	56348	2	-1
3412	113	56349	2	-1
3413	113	56350	2	-1
3414	113	56351	2	-1
3415	114	56356	2	-1
3416	114	56357	2	-1
3417	114	56358	2	-1
3418	114	55830	1	-1
3419	114	56359	2	-1
3420	114	55831	1	-1
3421	114	55832	1	-1
3422	114	56360	2	-1
3423	114	55833	1	-1
3424	114	55834	1	-1
3425	115	55840	1	-1
3426	115	63040	3	-1
3427	115	55841	1	-1
3428	115	56361	2	-1
3429	115	56362	2	-1
3430	115	56363	2	-1
3431	115	55835	1	-1
3432	115	56364	2	-1
3433	115	56365	2	-1
3434	115	55838	1	-1
3435	115	55839	1	-1
3436	116	55842	1	-1
3437	116	55844	1	-1
3438	116	55845	1	-1
3439	116	55846	1	-1
3440	116	55847	1	-1
3441	116	55848	1	-1
3442	116	55849	1	-1
3443	116	55850	1	-1
3444	116	55851	1	-1
3445	116	55852	1	-1
3446	116	55853	1	-1
3447	116	56366	2	-1
3448	116	56367	2	-1
3449	116	56368	2	-1
3450	116	56369	2	-1
3451	116	56370	2	-1
3452	116	56371	2	-1
3453	116	56372	2	-1
3454	116	56373	2	-1
3455	116	56374	2	-1
3456	116	56375	2	-1
3457	116	56376	2	-1
3458	117	55856	1	-1
3459	117	55857	1	-1
3460	117	55858	1	-1
3461	117	55859	1	-1
3462	117	55860	1	-1
3463	117	56379	2	-1
3464	117	56380	2	-1
3465	117	56381	2	-1
3466	117	56382	2	-1
3467	117	56383	2	-1
5369	118	56389	-14	-1
5370	118	56390	-14	-1
5371	118	56391	-14	-1
5372	118	56392	-14	-1
5373	118	56393	-14	-1
5374	118	55866	-15	-1
5375	118	55867	-15	-1
5376	118	55868	-15	-1
5377	118	55869	-15	-1
5378	118	55870	-15	-1
5379	119	56384	-14	-1
5380	119	56385	-14	-1
5381	119	56386	-14	-1
5382	119	56387	-14	-1
5383	119	56388	-14	-1
5384	119	55861	-15	-1
5385	119	55862	-15	-1
5386	119	55863	-15	-1
5387	119	55864	-15	-1
5388	119	55865	-15	-1
3508	122	55872	1	-1
3509	122	55873	1	-1
3510	122	55874	1	-1
3511	122	55875	1	-1
3512	122	55876	1	-1
3513	122	55877	1	-1
3514	122	55878	1	-1
3515	122	55879	1	-1
3516	122	55880	1	-1
3517	122	56394	2	-1
3518	122	56395	2	-1
3519	122	56396	2	-1
3520	122	56397	2	-1
3521	122	56398	2	-1
3522	122	56399	2	-1
3523	122	56400	2	-1
3524	122	56401	2	-1
3525	122	56402	2	-1
3526	122	56403	2	-1
3527	122	55871	1	-1
3528	124	55888	1	-1
3529	124	55889	1	-1
3530	124	55890	1	-1
3531	124	56407	2	-1
3532	124	56408	2	-1
3533	124	56409	2	-1
3534	124	56410	2	-1
3535	124	56411	2	-1
3536	124	55886	1	-1
3537	124	55887	1	-1
3538	125	56096	1	-1
3539	125	56097	1	-1
3540	125	56422	2	-1
3541	125	56423	2	-1
3542	125	56424	2	-1
3543	125	56425	2	-1
3544	125	56426	2	-1
3545	125	56093	1	-1
3546	125	56094	1	-1
3547	125	56095	1	-1
3548	126	57856	1	-1
3549	126	57857	1	-1
3550	126	57858	1	-1
3551	126	57860	1	-1
3552	126	57866	2	-1
3553	126	57867	2	-1
3554	126	57868	2	-1
3555	126	57869	2	-1
3556	126	57870	2	-1
3557	126	57855	1	-1
3558	127	56416	2	-1
3559	127	55992	1	-1
3560	127	55993	1	-1
3561	127	55994	1	-1
3562	127	55995	1	-1
3563	127	56412	2	-1
3564	127	55996	1	-1
3565	127	56413	2	-1
3566	127	56414	2	-1
3567	127	56415	2	-1
3568	128	56000	1	-1
3569	128	56417	2	-1
3570	128	56001	1	-1
3571	128	56418	2	-1
3572	128	56419	2	-1
3573	128	56420	2	-1
3574	128	56421	2	-1
3575	128	55997	1	-1
3576	128	55998	1	-1
3577	128	55999	1	-1
3578	129	57872	2	-1
3579	129	57873	2	-1
3580	129	57874	2	-1
3581	129	57875	2	-1
3582	129	57861	1	-1
3583	129	57862	1	-1
3584	129	57863	1	-1
3585	129	57864	1	-1
3586	129	57865	1	-1
3587	129	57871	2	-1
3588	130	56098	1	-1
3589	130	56099	1	-1
3590	130	56100	1	-1
3591	130	56101	1	-1
3592	130	56102	1	-1
3593	130	56104	1	-1
3594	130	56105	1	-1
3595	130	56106	1	-1
3596	130	56427	2	-1
3597	130	56107	1	-1
3598	130	56428	2	-1
3599	130	56108	1	-1
3600	130	56429	2	-1
3601	130	56430	2	-1
3602	130	56431	2	-1
3603	130	56432	2	-1
3604	130	56433	2	-1
3605	130	56434	2	-1
3606	130	56435	2	-1
3607	130	56436	2	-1
3608	131	56112	1	-1
3609	131	56113	1	-1
3610	131	56114	1	-1
3611	131	56115	1	-1
3612	131	56116	1	-1
3613	131	56440	2	-1
3614	131	56441	2	-1
3615	131	56442	2	-1
3616	131	56443	2	-1
3617	131	56444	2	-1
3618	132	56448	2	-1
3619	132	56449	2	-1
3620	132	56118	1	-1
3621	132	56119	1	-1
3622	132	56120	1	-1
3623	132	56121	1	-1
3624	132	56122	1	-1
3625	132	56445	2	-1
3626	132	56446	2	-1
3627	132	56447	2	-1
3628	133	56450	2	-1
3629	133	56451	2	-1
3630	133	56452	2	-1
3631	133	56453	2	-1
3632	133	56454	2	-1
3633	133	56123	1	-1
3634	133	56124	1	-1
3635	133	56125	1	-1
3636	133	56126	1	-1
3637	133	56127	1	-1
3638	134	56128	1	-1
3639	134	56129	1	-1
3640	134	56130	1	-1
3641	134	56131	1	-1
3642	134	56132	1	-1
3643	134	56133	1	-1
3644	134	56455	2	-1
3645	134	56135	1	-1
3646	134	56456	2	-1
3647	134	56136	1	-1
3648	134	56457	2	-1
3649	134	56137	1	-1
3650	134	56458	2	-1
3651	134	56138	1	-1
3652	134	56459	2	-1
3653	134	56460	2	-1
3654	134	56461	2	-1
3655	134	56462	2	-1
3656	134	56463	2	-1
3657	134	56464	2	-1
3664	139	60416	15	-1
3665	139	60288	15	-1
3666	139	60290	15	-1
3667	139	60419	15	-1
3668	139	60421	15	-1
3669	139	60424	15	-1
3670	139	60426	15	-1
3671	139	60298	15	-1
3672	139	60554	15	-1
3673	139	60555	15	-1
3674	139	60300	15	-1
3675	139	60429	15	-1
3676	139	60557	15	-1
3677	139	60431	15	-1
3678	139	60305	15	-1
3679	139	60434	15	-1
3680	139	60307	15	-1
3681	139	60436	15	-1
3682	139	60564	15	-1
3683	139	60310	15	-1
3684	139	60439	15	-1
3685	139	60567	15	-1
3686	139	60312	15	-1
3687	139	60441	15	-1
3688	139	60314	15	-1
3689	139	60443	15	-1
3690	139	60316	15	-1
3691	139	60445	15	-1
3692	139	60319	15	-1
3693	139	60448	15	-1
3694	139	60321	15	-1
3695	139	60450	15	-1
3696	139	60324	15	-1
3697	139	60580	15	-1
3698	139	60453	15	-1
3699	139	60581	15	-1
3700	139	60326	15	-1
3701	139	60455	15	-1
3702	139	60583	15	-1
3703	139	60330	15	-1
3704	139	60586	15	-1
3705	139	60459	15	-1
3706	139	60587	15	-1
3707	139	60332	15	-1
3708	139	60461	15	-1
3709	139	60589	15	-1
3710	139	60463	15	-1
3711	139	60465	15	-1
3712	139	60593	15	-1
3713	139	60468	15	-1
3714	139	60340	15	-1
3715	139	60470	15	-1
3716	139	60342	15	-1
3717	139	60473	15	-1
3718	139	60345	15	-1
3719	139	60602	15	-1
3720	139	60475	15	-1
3721	139	60347	15	-1
3722	139	60604	15	-1
3723	139	60350	15	-1
3724	139	60478	15	-1
3725	139	60607	15	-1
3726	139	60480	15	-1
3727	139	60352	15	-1
3728	139	60355	15	-1
3729	139	60612	15	-1
3730	139	60357	15	-1
3731	139	60613	15	-1
3732	139	60361	15	-1
3733	139	60363	15	-1
3734	139	60626	15	-1
3735	139	60628	15	-1
3736	139	60245	15	-1
3737	139	60630	15	-1
3738	139	60247	15	-1
3739	139	60248	15	-1
3740	139	60505	15	-1
3741	139	60250	15	-1
3742	139	60634	15	-1
3743	139	60508	15	-1
3744	139	60636	15	-1
3745	139	60637	15	-1
3746	139	60509	15	-1
3747	139	60255	15	-1
3748	139	60257	15	-1
3749	139	60513	15	-1
3750	139	60516	15	-1
3751	139	60261	15	-1
3752	139	60521	15	-1
3753	139	60275	15	-1
3754	139	60533	15	-1
3755	139	60278	15	-1
3756	139	60534	15	-1
3757	139	60280	15	-1
3758	139	60536	15	-1
3759	139	60409	15	-1
3760	139	60411	15	-1
3761	139	60283	15	-1
3762	139	60539	15	-1
3763	139	60540	15	-1
3764	139	60285	15	-1
3765	139	60414	15	-1
4840	139	60673	-1	-1
4841	139	61026	-1	-1
4842	139	61031	-1	-1
4843	139	61032	-1	-1
4844	139	60776	-1	-1
4845	139	61033	-1	-1
4846	139	60778	-1	-1
4847	139	60779	-1	-1
4848	139	60783	-1	-1
4849	139	60786	-1	-1
4850	139	60787	-1	-1
4851	139	60788	-1	-1
4852	139	61047	-1	-1
4853	139	60794	-1	-2
4854	139	60799	-1	-2
4855	139	60800	-1	-2
4856	139	60801	-1	-3
4857	139	60806	-1	-3
4858	139	60807	-1	-3
4859	139	60645	-1	-1
4860	139	60647	-1	-1
4861	139	60649	-1	-1
4862	139	60650	-1	-1
4863	139	60651	-1	-1
4864	139	60658	-1	-1
4865	139	60659	-1	-1
4866	139	60661	-1	-1
4867	139	60662	-1	-1
4868	139	60664	-1	-1
4869	139	60668	-1	-1
4870	139	60669	-1	-1
4871	139	60670	-1	-1
4667	140	70942	15	-1
4668	140	70943	15	-1
4669	140	70947	15	-1
4670	140	70949	15	-1
4671	140	70952	15	-1
4672	140	70953	15	-1
4673	140	70245	15	-1
4674	140	71271	15	-1
4675	140	70247	15	-1
4676	140	71273	15	-1
4677	140	70250	15	-1
4678	140	71276	15	-1
4679	140	70252	15	-1
4680	140	71278	15	-1
4681	140	70255	15	-1
4682	140	71281	15	-1
4683	140	70257	15	-1
4684	140	71283	15	-1
4685	140	70260	15	-1
4686	140	71286	15	-1
4687	140	70262	15	-1
4688	140	71288	15	-1
4689	140	70265	15	-1
4690	140	70267	15	-1
4691	140	71292	15	-1
4692	140	70270	15	-1
4693	140	71294	15	-1
4694	140	70272	15	-1
4695	140	71297	15	-1
4696	140	70275	15	-1
4697	140	71299	15	-1
4698	140	70277	15	-1
4699	140	71302	15	-1
4700	140	71046	15	-1
4701	140	70279	15	-1
4702	140	71048	15	-1
4703	140	71304	15	-1
4704	140	70281	15	-1
4705	140	71050	15	-1
4706	140	71052	15	-1
4707	140	70284	15	-1
4708	140	70286	15	-1
4709	140	70289	15	-1
4710	140	71059	15	-1
4711	140	70291	15	-1
4712	140	71061	15	-1
4713	140	70295	15	-1
4714	140	71064	15	-1
4715	140	70297	15	-1
4716	140	71066	15	-1
4717	140	70299	15	-1
4718	140	71069	15	-1
4719	140	70301	15	-1
4720	140	71071	15	-1
4721	140	70304	15	-1
4722	140	70306	15	-1
4723	140	70309	15	-1
4724	140	70311	15	-1
4725	140	70314	15	-1
4726	140	70316	15	-1
4727	140	70319	15	-1
4728	140	70320	15	-1
4729	140	70321	15	-1
4730	140	70322	15	-1
4731	140	70323	15	-1
4732	140	70324	15	-1
4733	140	71092	15	-1
4734	140	70325	15	-1
4735	140	70326	15	-1
4736	140	71094	15	-1
4737	140	70327	15	-1
4738	140	70328	15	-1
4739	140	70329	15	-1
4740	140	71097	15	-1
4741	140	70330	15	-1
4742	140	70331	15	-1
4743	140	71099	15	-1
4744	140	70332	15	-1
4745	140	70333	15	-1
4746	140	70334	15	-1
4747	140	71102	15	-1
4748	140	70335	15	-1
4749	140	70336	15	-1
4750	140	71104	15	-1
4751	140	70337	15	-1
4752	140	70338	15	-1
4753	140	70339	15	-1
4754	140	71107	15	-1
4755	140	70340	15	-1
4756	140	70341	15	-1
4757	140	71109	15	-1
4758	140	70342	15	-1
4759	140	70343	15	-1
4760	140	70344	15	-1
4761	140	70345	15	-1
4762	140	70346	15	-1
4763	140	70347	15	-1
4764	140	70348	15	-1
4765	140	70349	15	-1
4766	140	70350	15	-1
4767	140	70351	15	-1
4768	140	70352	15	-1
4769	140	70354	15	-1
4770	140	70356	15	-1
4771	140	70358	15	-1
4772	140	70359	15	-1
4773	140	70360	15	-1
4774	140	70361	15	-1
4775	140	70362	15	-1
4776	140	70363	15	-1
4777	140	70364	15	-1
4778	140	70365	15	-1
4779	140	70366	15	-1
4780	140	70367	15	-1
4781	140	70368	15	-1
4782	140	70369	15	-1
4783	140	70370	15	-1
4784	140	70371	15	-1
4785	140	70372	15	-1
4786	140	70373	15	-1
4787	140	70374	15	-1
4788	140	70375	15	-1
4789	140	70376	15	-1
4790	140	70377	15	-1
4791	140	70378	15	-1
4792	140	70379	15	-1
4793	140	70380	15	-1
4794	140	70381	15	-1
4795	140	70382	15	-1
4796	140	70383	15	-1
4797	140	70384	15	-1
4798	140	70385	15	-1
4799	140	70386	15	-1
4800	140	70387	15	-1
4801	140	70388	15	-1
4802	140	70389	15	-1
4872	140	70400	-1	-1
4873	140	70401	-1	-1
4874	140	70402	-1	-1
4875	140	70403	-1	-1
4876	140	70404	-1	-1
4877	140	70390	-1	-2
4878	140	70391	-1	-2
4879	140	70392	-1	-2
4880	140	70393	-1	-3
4881	140	70394	-1	-3
4882	140	70395	-1	-3
4883	140	70396	-1	-1
4884	140	70397	-1	-1
4885	140	70398	-1	-1
4886	140	70399	-1	-1
3831	154	63488	3	-1
3832	154	65376	12	-1
3833	154	63489	3	-1
3834	154	65377	12	-1
3835	154	63490	3	-1
3836	154	63491	3	-1
3837	154	63492	3	-1
3838	154	63493	3	-1
3839	154	63494	3	-1
3840	154	63495	3	-1
3841	154	63496	3	-1
3842	154	63497	3	-1
3843	154	63498	3	-1
3844	154	65367	12	-1
3845	154	65368	12	-1
3846	154	65369	12	-1
3847	154	65370	12	-1
3848	154	65371	12	-1
3849	154	65372	12	-1
3850	154	65373	12	-1
3851	154	65374	12	-1
3852	154	65375	12	-1
3853	155	65088	12	-1
3854	155	65089	12	-1
3855	155	63682	3	-1
3856	155	63683	3	-1
3857	155	69827	3	-1
3858	155	63684	3	-1
3859	155	69828	3	-1
3860	155	69829	3	-1
3861	155	69830	3	-1
3862	155	69831	3	-1
3863	155	69833	3	-1
3864	155	69834	3	-1
3865	155	69835	3	-1
3866	155	63499	3	-1
3867	155	63500	3	-1
3868	155	63501	3	-1
3869	155	63502	3	-1
3870	155	63503	3	-1
3871	155	63504	3	-1
3872	155	63505	3	-1
3873	155	63506	3	-1
3874	155	63507	3	-1
3875	155	68127	3	-1
3876	155	68128	3	-1
3877	155	68129	3	-1
3878	155	65378	12	-1
3879	155	68130	12	-1
3880	155	65379	12	-1
3881	155	68131	12	-1
3882	155	65380	12	-1
3883	155	68132	12	-1
3884	155	65381	12	-1
3885	155	65382	12	-1
3886	155	65383	12	-1
3887	155	65384	12	-1
3888	155	65000	12	-1
3889	155	65385	12	-1
3890	155	65001	12	-1
3891	155	65386	12	-1
3892	155	65002	12	-1
3893	155	69878	12	-1
3894	155	66998	12	-1
3895	155	69879	12	-1
3896	155	69880	12	-1
3897	155	69881	12	-1
3898	155	64314	3	-1
3899	155	69882	12	-1
3900	155	64315	3	-1
3901	155	69883	12	-1
3902	155	64316	3	-1
3903	155	69884	12	-1
3904	155	69885	12	-1
3905	155	65087	12	-1
5242	155	63041	-1	-1
3906	156	67424	12	-1
3907	156	67425	12	-1
3908	156	59469	3	-1
3909	156	65133	12	-1
3910	156	59470	3	-1
3911	156	65134	12	-1
3912	156	59471	3	-1
3913	156	65135	12	-1
3914	156	59472	3	-1
3915	156	65136	12	-1
3916	156	59473	3	-1
3917	156	65137	12	-1
3918	156	59474	3	-1
3919	156	65138	12	-1
3920	156	65139	12	-1
3921	156	59475	3	-1
3922	156	65140	12	-1
3923	156	59476	3	-1
3924	156	65141	12	-1
3925	156	65142	12	-1
3926	156	65143	12	-1
3927	156	65144	12	-1
3928	156	59481	3	-1
3929	156	59482	3	-1
3930	156	59483	3	-1
3931	156	59484	3	-1
3932	156	67423	12	-1
3933	157	65091	12	-1
3934	157	65092	12	-1
3935	157	65093	12	-1
3936	157	65094	12	-1
3937	157	65095	12	-1
3938	157	65096	12	-1
3939	157	63531	3	-1
3940	157	63532	3	-1
3941	157	63533	3	-1
3942	157	63534	3	-1
3943	157	63535	3	-1
3944	157	63536	3	-1
3945	157	65105	12	-1
3946	157	65106	12	-1
3947	157	65107	12	-1
3948	157	65108	12	-1
3949	157	65109	12	-1
3950	157	59512	3	-1
3951	157	65112	12	-1
3952	157	59515	3	-1
3953	157	59516	3	-1
3954	157	59517	3	-1
3955	157	59518	3	-1
3956	157	59519	3	-1
4446	158	65120	12	-1
4447	158	65121	12	-1
4448	158	65122	12	-1
4449	158	59502	3	-1
4450	158	59503	3	-1
4451	158	59504	3	-1
4452	158	59505	3	-1
4453	158	59506	3	-1
4454	158	59507	3	-1
4455	158	59508	3	-1
4456	158	59509	3	-1
4457	158	59510	3	-1
4458	158	65110	12	-1
4459	158	59511	3	-1
4460	158	65111	12	-1
4461	158	59513	3	-1
4462	158	65113	12	-1
4463	158	59514	3	-1
4464	158	65114	12	-1
4465	158	65115	12	-1
4466	158	65116	12	-1
4467	158	65117	12	-1
4468	158	65118	12	-1
4469	158	65119	12	-1
3966	167	63680	3	-1
3967	167	65088	12	-1
3968	167	65089	12	-1
3969	167	59330	3	-1
3970	167	59490	3	-1
3971	167	65090	12	-1
3972	167	65123	12	-1
3973	167	65124	12	-1
3974	167	65125	12	-1
3975	167	59494	3	-1
3976	167	65126	12	-1
3977	167	59495	3	-1
3978	167	65127	12	-1
3979	167	65128	12	-1
3980	167	59497	3	-1
3981	167	65129	12	-1
3982	167	59498	3	-1
3983	167	65130	12	-1
3984	167	59499	3	-1
3985	167	65131	12	-1
3986	167	59500	3	-1
3987	167	65132	12	-1
3988	167	59501	3	-1
3989	167	68600	12	-1
3990	167	65145	12	-1
3991	167	64314	3	-1
3992	167	64315	3	-1
3993	167	64316	3	-1
3994	167	59485	3	-1
3995	167	59486	3	-1
3996	167	59487	3	-1
3997	167	65087	12	-1
3998	168	60226	12	-1
3999	168	60227	12	-1
4000	168	60228	12	-1
4001	168	60229	12	-1
4002	168	60230	12	-1
4003	168	60231	12	-1
4004	168	60232	12	-1
4005	168	60233	12	-1
4006	168	60234	12	-1
4007	168	60235	12	-1
4008	168	60236	12	-1
4009	168	60237	12	-1
4010	168	60238	12	-1
4011	169	65004	12	-1
4012	169	59117	3	-1
4013	169	59118	3	-1
4014	169	59119	3	-1
4015	169	59216	3	-1
4016	169	59120	3	-1
4017	169	59217	3	-1
4018	169	59121	3	-1
4019	169	59122	3	-1
4020	169	59218	3	-1
4021	169	59219	3	-1
4022	169	63540	3	-1
4023	169	59220	3	-1
4024	169	65076	12	-1
4025	169	65077	12	-1
4026	169	65078	12	-1
4027	169	65079	12	-1
4028	169	65080	12	-1
4029	169	65081	12	-1
4030	169	65082	12	-1
4031	169	65083	12	-1
4032	169	65084	12	-1
4033	169	65085	12	-1
4034	169	65086	12	-1
4035	170	59328	3	-1
4036	170	59329	3	-1
4037	170	59331	3	-1
4038	170	59492	3	-1
4039	170	59332	3	-1
4040	170	59333	3	-1
4041	170	59334	3	-1
4042	170	59335	3	-1
4043	170	59336	3	-1
4044	170	59340	3	-1
4045	170	59341	3	-1
4046	170	65007	12	-1
4047	170	65041	12	-1
4048	170	65042	12	-1
4049	170	65044	12	-1
4050	170	65045	12	-1
4051	170	65046	12	-1
4052	170	65047	12	-1
4053	170	65048	12	-1
4054	170	65049	12	-1
4055	170	65050	12	-1
4056	170	65051	12	-1
4057	170	59452	3	-1
4058	170	65020	12	-1
4059	171	65056	12	-1
4060	171	65058	12	-1
4061	171	65059	12	-1
4062	171	65060	12	-1
4063	171	65061	12	-1
4064	171	67429	12	-1
4065	171	65062	12	-1
4066	171	67430	12	-1
4067	171	65063	12	-1
4068	171	67431	12	-1
4069	171	65066	12	-1
4070	171	59312	3	-1
4071	171	59315	3	-1
4072	171	59316	3	-1
4073	171	59317	3	-1
4074	171	59318	3	-1
4075	171	59319	3	-1
4076	171	59320	3	-1
4077	171	59322	3	-1
4078	171	59324	3	-1
4079	171	65052	12	-1
4080	171	59325	3	-1
4081	171	65053	12	-1
4082	171	59326	3	-1
4083	171	65054	12	-1
4084	171	59327	3	-1
4085	171	65055	12	-1
4086	172	59233	3	-1
4087	172	59234	3	-1
4088	172	65028	12	-1
4089	172	65064	12	-1
4090	172	65065	12	-1
4091	172	65067	12	-1
4092	172	65068	12	-1
4093	172	65069	12	-1
4094	172	59310	3	-1
4095	172	65070	12	-1
4096	172	65071	12	-1
4097	172	59311	3	-1
4098	172	65072	12	-1
4099	172	65073	12	-1
4100	172	59313	3	-1
4101	172	59314	3	-1
4102	172	65075	12	-1
4103	172	59221	3	-1
4104	172	59223	3	-1
4105	172	59224	3	-1
4106	172	59225	3	-1
4107	172	59355	3	-1
4108	172	59451	3	-1
4109	172	65021	12	-1
4110	173	67426	12	-1
4111	173	67427	12	-1
4112	173	67428	12	-1
4113	173	65029	12	-1
4114	173	65030	12	-1
4115	173	65031	12	-1
4116	173	65032	12	-1
4117	173	65033	12	-1
4118	173	65034	12	-1
4119	173	65035	12	-1
4120	173	65036	12	-1
4121	173	65037	12	-1
4122	173	65038	12	-1
4123	173	59342	3	-1
4124	173	65039	12	-1
4125	173	59343	3	-1
4126	173	65040	12	-1
4127	173	59344	3	-1
4128	173	59346	3	-1
4129	173	59347	3	-1
4130	173	59348	3	-1
4131	173	59349	3	-1
4132	173	59350	3	-1
4133	173	59351	3	-1
4134	173	59352	3	-1
4135	173	59353	3	-1
4136	173	59354	3	-1
4137	174	65024	12	-1
4138	174	59457	3	-1
4139	174	65025	12	-1
4140	174	65057	12	-1
4141	174	63682	3	-1
4142	174	65026	12	-1
4143	174	63683	3	-1
4144	174	59459	3	-1
4145	174	65027	12	-1
4146	174	63684	3	-1
4147	174	65000	12	-1
4148	174	59337	3	-1
4149	174	65001	12	-1
4150	174	65002	12	-1
4151	174	65003	12	-1
4152	174	59441	3	-1
4153	174	59442	3	-1
4154	174	65074	12	-1
4155	174	59443	3	-1
4156	174	65043	12	-1
4157	174	59444	3	-1
4158	174	59222	3	-1
4159	174	59321	3	-1
4160	174	65017	12	-1
4161	174	59450	3	-1
4162	174	65018	12	-1
4163	174	65019	12	-1
4164	174	59356	3	-1
4165	174	59454	3	-1
4166	174	65022	12	-1
4167	174	63679	3	-1
4168	174	65023	12	-1
4169	175	69600	15	-1
4170	175	69601	15	-1
4171	175	69602	15	-1
4172	175	69603	15	-1
4173	175	69604	15	-1
4174	176	69608	15	-1
4175	176	69609	15	-1
4176	176	69605	15	-1
4177	176	69606	15	-1
4178	176	69607	15	-1
4179	177	69632	15	-1
4180	177	69633	15	-1
4181	177	69634	15	-1
4182	177	69635	15	-1
4183	177	69630	15	-1
4184	177	69631	15	-1
4185	178	69632	15	-1
4186	178	69633	15	-1
4187	178	69636	15	-1
4188	178	69637	15	-1
4189	178	69630	15	-1
4190	178	69631	15	-1
4191	179	69632	15	-1
4192	179	69633	15	-1
4193	179	69630	15	-1
4194	179	69638	15	-1
4195	179	69631	15	-1
4196	179	69639	15	-1
4197	180	69632	15	-1
4198	180	69640	15	-1
4199	180	69633	15	-1
4200	180	69641	15	-1
4201	180	69630	15	-1
4202	180	69631	15	-1
4203	181	69610	15	-1
4204	181	69611	15	-1
4205	181	69612	15	-1
4206	181	69613	15	-1
4207	181	69614	15	-1
4210	184	69616	15	-1
4211	184	69617	15	-1
4212	184	69618	15	-1
4213	184	69619	15	-1
4214	184	69615	15	-1
4215	185	69620	15	-1
4216	185	69621	15	-1
4217	185	69622	15	-1
4218	185	69623	15	-1
4219	185	69624	15	-1
4220	185	69625	15	-1
4221	185	69626	15	-1
4222	185	69627	15	-1
4223	185	69628	15	-1
4224	185	69629	15	-1
4225	186	69552	15	-1
4226	186	69553	15	-1
4227	186	69549	15	-1
4228	186	69550	15	-1
4229	186	69551	15	-1
4230	187	69554	15	-1
4231	187	69555	15	-1
4232	187	69556	15	-1
4233	187	69557	15	-1
4234	187	69558	15	-1
4235	188	69560	15	-1
4236	188	69561	15	-1
4237	188	69562	15	-1
4238	188	69563	15	-1
4239	188	69559	15	-1
4240	189	69568	15	-1
4241	189	69564	15	-1
4242	189	69565	15	-1
4243	189	69566	15	-1
4244	189	69567	15	-1
4245	190	70080	15	-1
4246	190	69569	15	-1
4247	190	69570	15	-1
4248	190	69571	15	-1
4249	190	69572	15	-1
4250	190	69573	15	-1
4251	191	69574	15	-1
4252	191	69575	15	-1
4253	191	69576	15	-1
4254	191	69577	15	-1
4255	191	69578	15	-1
4256	191	69579	15	-1
4257	191	69580	15	-1
4258	191	69581	15	-1
4259	191	69582	15	-1
4260	191	69583	15	-1
4470	192	71040	3	-1
4471	192	71041	3	-1
4472	192	70914	3	-1
4473	192	71042	3	-1
4474	192	71043	3	-1
4475	192	71044	3	-1
4476	192	71401	12	-1
4477	192	70922	3	-1
4478	192	71402	12	-1
4479	192	71403	12	-1
4480	192	71404	12	-1
4481	192	71405	12	-1
4482	192	71406	12	-1
4483	192	71407	12	-1
4484	192	71408	12	-1
4485	192	71409	12	-1
4486	192	69138	12	-1
4487	192	71410	12	-1
4488	192	71411	12	-1
4489	192	71412	12	-1
4490	192	68981	3	-1
4491	192	71029	3	-1
4492	192	71413	12	-1
4493	192	71030	3	-1
4494	192	71031	3	-1
4495	192	71032	3	-1
4496	192	71038	3	-1
4497	192	71039	3	-1
4525	192	71617	12	-1
5321	192	71774	-4	-1
5322	192	71775	-13	-1
5323	192	71776	-13	-1
5324	192	71777	-4	-1
5325	192	71778	-4	-1
5326	192	71779	-13	-1
5327	192	71780	-13	-1
5328	192	71781	-4	-1
5329	192	71782	-13	-1
5330	192	71783	-4	-1
5331	192	71784	-4	-1
5332	192	71785	-13	-1
5333	192	71786	-4	-1
5334	192	71787	-13	-1
5335	192	69237	-1	-1
4498	193	70912	3	-1
4499	193	71424	12	-1
4500	193	71009	3	-1
4501	193	71425	12	-1
4502	193	71617	12	-1
4503	193	71010	3	-1
4504	193	71426	12	-1
4505	193	71011	3	-1
4506	193	71012	3	-1
4507	193	70991	3	-1
4508	193	70992	3	-1
4509	193	70993	3	-1
4510	193	71414	12	-1
4511	193	71415	12	-1
4512	193	71416	12	-1
4513	193	71417	12	-1
4514	193	71418	12	-1
4515	193	71419	12	-1
4516	193	71003	3	-1
4517	193	71420	12	-1
4518	193	71004	3	-1
4519	193	71005	3	-1
4520	193	71421	12	-1
4521	193	71006	3	-1
4522	193	71422	12	-1
4523	193	71007	3	-1
4524	193	71423	12	-1
5354	193	71774	-4	-1
5355	193	71775	-13	-1
5356	193	71776	-13	-1
5357	193	71777	-4	-1
5358	193	71778	-4	-1
5359	193	71779	-13	-1
5360	193	71780	-13	-1
5361	193	71781	-4	-1
5362	193	71782	-13	-1
5363	193	71783	-4	-1
5364	193	71784	-4	-1
5365	193	71785	-13	-1
5366	193	71786	-4	-1
5367	193	71787	-13	-1
5368	193	69237	-1	-1
4526	194	71617	12	-1
4527	194	71427	12	-1
4528	194	71428	12	-1
4529	194	71429	12	-1
4530	194	71430	12	-1
4531	194	71431	12	-1
4532	194	71432	12	-1
4533	194	71433	12	-1
4534	194	70985	3	-1
4535	194	70986	3	-1
4536	194	71434	12	-1
4537	194	70987	3	-1
4538	194	71435	12	-1
4539	194	70988	3	-1
4540	194	71436	12	-1
4541	194	70989	3	-1
4542	194	70733	3	-1
4543	194	71437	12	-1
4544	194	70990	3	-1
4545	194	70734	3	-1
4546	194	71438	12	-1
4547	194	70735	3	-1
4548	194	71439	12	-1
4549	194	70736	3	-1
4550	194	70737	3	-1
4551	194	70738	3	-1
4552	194	70739	3	-1
4553	194	68983	3	-1
4554	194	69149	12	-1
5303	194	71686	-4	-1
5304	194	71774	-4	-1
5305	194	71775	-13	-1
5306	194	71776	-13	-1
5307	194	71777	-4	-1
5308	194	71778	-4	-1
5309	194	71779	-13	-1
5310	194	71780	-13	-1
5311	194	71781	-4	-1
5312	194	71782	-13	-1
5313	194	71783	-4	-1
5314	194	71784	-4	-1
5315	194	71785	-13	-1
5316	194	71786	-4	-1
5317	194	71787	-13	-1
5318	194	69237	-1	-1
5319	194	71672	-4	-1
5320	194	71679	-4	-1
4555	195	70913	3	-1
4556	195	71617	12	-1
4557	195	71013	3	-1
4558	195	71014	3	-1
4559	195	71018	3	-1
4560	195	71019	3	-1
4561	195	71020	3	-1
4562	195	71021	3	-1
4563	195	71022	3	-1
4564	195	71023	3	-1
4565	195	71024	3	-1
4566	195	71440	12	-1
4567	195	71025	3	-1
4568	195	71441	12	-1
4569	195	71026	3	-1
4570	195	71442	12	-1
4571	195	71027	3	-1
4572	195	71443	12	-1
4573	195	71444	12	-1
4574	195	71028	3	-1
4575	195	71445	12	-1
4576	195	71446	12	-1
4577	195	71447	12	-1
4578	195	71448	12	-1
4579	195	71449	12	-1
4580	195	71450	12	-1
4581	195	71451	12	-1
4582	195	71452	12	-1
4583	195	71453	12	-1
5336	195	71685	-4	-1
5337	195	71774	-4	-1
5338	195	71775	-13	-1
5339	195	71776	-13	-1
5340	195	71777	-4	-1
5341	195	71778	-4	-1
5342	195	71779	-13	-1
5343	195	71780	-13	-1
5344	195	71781	-4	-1
5345	195	71782	-13	-1
5346	195	71783	-4	-1
5347	195	71784	-4	-1
5348	195	71785	-13	-1
5349	195	71786	-4	-1
5350	195	71787	-13	-1
5351	195	69237	-1	-1
5352	195	71671	-4	-1
5353	195	71678	-4	-1
4584	196	71456	12	-1
4585	196	71457	12	-1
4586	196	71617	12	-1
4587	196	71458	12	-1
4588	196	71459	12	-1
4589	196	70915	3	-1
4590	196	71460	12	-1
4591	196	70916	3	-1
4592	196	70917	3	-1
4593	196	71461	12	-1
4594	196	71462	12	-1
4595	196	71463	12	-1
4596	196	71464	12	-1
4597	196	71465	12	-1
4598	196	71340	3	-1
4599	196	71341	3	-1
4600	196	71342	3	-1
4601	196	71343	3	-1
4602	196	71312	3	-1
4603	196	71345	3	-1
4604	196	71314	3	-1
4605	196	71315	3	-1
4606	196	69139	12	-1
4607	196	68982	3	-1
4608	196	71323	3	-1
4609	196	71454	12	-1
4610	196	71455	12	-1
5285	196	71683	-4	-1
5286	196	71774	-4	-1
5287	196	71775	-13	-1
5288	196	71776	-13	-1
5289	196	71777	-4	-1
5290	196	71778	-4	-1
5291	196	71779	-13	-1
5292	196	71780	-13	-1
5293	196	71781	-4	-1
5294	196	71782	-13	-1
5295	196	71783	-4	-1
5296	196	71784	-4	-1
5297	196	71785	-13	-1
5298	196	71786	-4	-1
5299	196	71787	-13	-1
5300	196	69237	-1	-1
5301	196	71669	-4	-1
5302	196	71676	-4	-1
4611	197	71617	12	-1
4612	197	70920	3	-1
4613	197	69897	3	-1
4614	197	71466	12	-1
4615	197	71467	12	-1
4616	197	71468	12	-1
4617	197	71469	12	-1
4618	197	71470	12	-1
4619	197	71471	12	-1
4620	197	71344	3	-1
4621	197	71472	12	-1
4622	197	71313	3	-1
4623	197	71473	12	-1
4624	197	71346	3	-1
4625	197	71474	12	-1
4626	197	71347	3	-1
4627	197	71475	12	-1
4628	197	71348	3	-1
4629	197	71349	3	-1
4630	197	71350	3	-1
4631	197	71351	3	-1
4632	197	69111	12	-1
4633	197	69112	12	-1
4634	197	68926	3	-1
4635	197	68927	3	-1
5243	197	71680	-4	-1
5244	197	71681	-13	-1
5245	197	71687	-4	-1
5246	197	71688	-13	-1
5247	197	71774	-4	-1
5248	197	71775	-13	-1
5249	197	71776	-13	-1
5250	197	71777	-4	-1
5251	197	71778	-4	-1
5252	197	71779	-13	-1
5253	197	71780	-13	-1
5254	197	71781	-4	-1
5255	197	71782	-13	-1
5256	197	71783	-4	-1
5257	197	71784	-4	-1
5258	197	71785	-13	-1
5259	197	71786	-4	-1
5260	197	71787	-13	-1
5261	197	69237	-1	-1
5262	197	71673	-4	-1
5263	197	71674	-13	-1
4636	198	71616	12	-1
4637	198	71617	12	-1
4638	198	68994	3	-1
4639	198	70723	12	-1
4640	198	68995	3	-1
4641	198	69224	15	-1
4642	198	70921	3	-1
4643	198	69167	12	-1
4644	198	69110	12	-1
4645	198	71352	3	-1
4646	198	71353	3	-1
4647	198	71610	12	-1
4648	198	71354	3	-1
4649	198	71611	12	-1
4650	198	71355	3	-1
4651	198	71612	12	-1
4652	198	71356	3	-1
4653	198	71357	3	-1
4654	198	68925	3	-1
4655	198	71613	12	-1
4656	198	69150	12	-1
4657	198	71358	3	-1
4658	198	71614	12	-1
4659	198	71615	12	-1
5091	198	71797	-4	-1
5092	198	71798	-13	-1
5264	198	71682	-13	-1
5265	198	71684	-4	-1
5266	198	71774	-4	-1
5267	198	71775	-13	-1
5268	198	71776	-13	-1
5269	198	71777	-4	-1
5270	198	71778	-4	-1
5271	198	71779	-13	-1
5272	198	71780	-13	-1
5273	198	71781	-4	-1
5274	198	71782	-13	-1
5275	198	71783	-4	-1
5276	198	71784	-4	-1
5277	198	71785	-13	-1
5278	198	71786	-4	-1
5279	198	71787	-13	-1
5280	198	71668	-13	-1
5281	198	69237	-1	-1
5282	198	71670	-4	-1
5283	198	71675	-13	-1
5284	198	71677	-4	-1
5476	283	72803	-1	-1
5477	283	72804	-1	-1
5478	283	72812	-1	-1
5479	283	72805	-1	-1
5480	283	72813	-1	-1
5481	283	72806	-1	-1
5482	283	72807	-1	-1
5490	283	72800	-1	-1
5491	283	72801	-1	-1
5492	283	72802	-1	-1
5493	283	72798	-1	-1
5494	283	72799	-1	-1
5191	285	72808	-1	-1
5192	285	72809	-1	-1
5464	285	72800	-1	-1
5465	285	72801	-1	-1
5466	285	72802	-1	-1
5467	285	72798	-1	-1
5468	285	72799	-1	-1
5500	285	72803	-1	-1
5501	285	72804	-1	-1
5502	285	72805	-1	-1
5503	285	72806	-1	-1
5504	285	72807	-1	-1
5421	289	72816	-1	-1
5422	289	72817	-1	-1
5423	289	72897	-1	-1
5424	289	72818	-1	-1
5425	289	72819	-1	-1
5426	289	72820	-1	-1
5427	289	72821	-1	-1
5428	289	72822	-1	-1
5429	289	72823	-1	-1
5430	289	72824	-1	-1
5431	289	72825	-1	-1
5432	289	72826	-1	-1
5212	290	72832	-1	-1
5213	290	72827	-1	-1
5214	290	72828	-1	-1
5215	290	72829	-1	-1
5216	290	72830	-1	-1
5217	290	72831	-1	-1
5230	291	72833	-1	-1
5231	291	72834	-1	-1
5232	291	72835	-1	-1
5233	291	72836	-1	-1
5234	291	72837	-1	-1
5235	291	72838	-1	-1
5218	292	72848	-1	-1
5219	292	72898	-1	-1
5220	292	72899	-1	-1
5221	292	72839	-1	-1
5222	292	72840	-1	-1
5223	292	72841	-1	-1
5224	292	72842	-1	-1
5225	292	72843	-1	-1
5226	292	72844	-1	-1
5227	292	72845	-1	-1
5228	292	72846	-1	-1
5229	292	72847	-1	-1
5831	311	77207	-29	-1
5832	311	77208	-29	-1
5833	311	78489	-20	-1
5834	311	77209	-29	-1
5835	311	78361	-20	-1
5836	311	78490	-20	-1
5837	311	77210	-29	-1
5838	311	78362	-20	-1
5839	311	77979	-16	-1
5840	311	78491	-20	-1
5841	311	77211	-29	-1
5842	311	78363	-20	-1
5843	311	77980	-16	-1
5844	311	78492	-20	-1
5845	311	77212	-29	-1
5846	311	78364	-20	-1
5847	311	78493	-20	-1
5848	311	77213	-29	-1
5849	311	78365	-20	-1
5850	311	77981	-16	-1
5851	311	77982	-16	-1
5852	311	78494	-16	-1
5853	311	77214	-29	-1
5854	311	78366	-20	-1
5855	311	78495	-16	-1
5856	311	78367	-20	-1
5857	311	77983	-16	-1
5858	311	78496	-16	-1
5859	311	78368	-20	-1
5860	311	78497	-16	-1
5861	311	78369	-20	-1
5862	311	78498	-16	-1
5863	311	78370	-20	-1
5864	311	78371	-20	-1
5865	311	78372	-20	-1
5866	311	78373	-20	-1
5867	311	78374	-16	-1
5868	311	78375	-16	-1
5869	311	78376	-16	-1
5870	311	78377	-16	-1
5871	311	78378	-16	-1
5872	311	78380	-16	-1
5873	311	77228	-29	-1
5874	311	78381	-16	-1
5875	311	77229	-29	-1
5876	311	78382	-16	-1
5877	311	77230	-29	-1
5878	311	77999	-20	-1
5879	311	77231	-29	-1
5880	311	78000	-20	-1
5881	311	78384	-16	-1
5882	311	77232	-29	-1
5883	311	78001	-20	-1
5884	311	78385	-16	-1
5885	311	78002	-20	-1
5886	311	78386	-16	-1
5887	311	78003	-20	-1
5888	311	77261	-29	-1
5889	311	77262	-29	-1
5890	311	77263	-29	-1
5891	311	77265	-29	-1
5892	311	77266	-29	-1
5893	311	77267	-29	-1
5894	311	77268	-29	-1
5895	311	77269	-29	-1
5896	311	77270	-29	-1
5897	311	77271	-29	-1
5898	311	71998	-17	-1
8877	311	78862	-16	-1
8878	311	78863	-16	-1
8879	311	78864	-16	-1
8880	311	78865	-16	-1
8881	311	78866	-16	-1
8882	311	78867	-16	-1
8883	311	78868	-16	-1
8884	311	78869	-16	-1
8885	311	78870	-16	-1
8886	311	78871	-16	-1
8887	311	78872	-16	-1
8888	311	78873	-16	-1
8889	311	78874	-16	-1
8890	311	78875	-16	-1
8891	311	78876	-16	-1
5941	317	78496	-16	-1
5942	317	78497	-16	-1
5943	317	78498	-16	-1
5945	317	52078	-16	-1
5946	317	78421	-16	-1
5947	317	78422	-16	-1
5948	317	78423	-16	-1
5949	317	78424	-16	-1
5950	317	78425	-16	-1
5951	317	78874	-16	-1
5952	317	77979	-16	-1
5953	317	78875	-16	-1
5954	317	78427	-16	-1
5955	317	77980	-16	-1
5956	317	78876	-16	-1
5957	317	78428	-16	-1
5958	317	77981	-16	-1
5959	317	77982	-16	-1
5960	317	78494	-16	-1
5961	317	77983	-16	-1
5962	317	78495	-16	-1
6090	317	77248	-29	-1
6091	317	77249	-29	-1
6092	317	77250	-29	-1
6093	317	77251	-29	-1
6094	317	77207	-29	-1
6095	317	77208	-29	-1
6096	317	77209	-29	-1
6097	317	78170	-29	-1
6098	317	77210	-29	-1
6099	317	77211	-29	-1
6100	317	78175	-29	-1
6101	317	78180	-29	-1
6102	317	77220	-29	-1
6103	317	77228	-29	-1
6104	317	77229	-29	-1
6105	317	77230	-29	-1
6106	317	77231	-29	-1
6107	317	77232	-29	-1
6108	317	78011	-29	-1
6109	317	78012	-29	-1
6110	317	71998	-17	-1
6218	317	78859	-20	-1
6219	317	78860	-20	-1
6220	317	78413	-20	-1
6221	317	78861	-20	-1
6222	317	78414	-20	-1
6223	317	78415	-20	-1
6224	317	78416	-20	-1
6225	317	78417	-20	-1
6226	317	78418	-20	-1
6227	317	78419	-20	-1
6228	317	78420	-20	-1
6229	317	78489	-20	-1
6230	317	78490	-20	-1
6231	317	78491	-20	-1
6232	317	78492	-20	-1
6233	317	78493	-20	-1
6234	317	77999	-20	-1
6235	317	78000	-20	-1
6236	317	78001	-20	-1
6237	317	78002	-20	-1
6238	317	78003	-20	-1
8863	317	77221	-29	-1
8865	317	78862	-16	-1
8866	317	78863	-16	-1
8867	317	78864	-16	-1
8868	317	78865	-16	-1
8869	317	78866	-16	-1
8870	317	78867	-16	-1
8871	317	78868	-16	-1
8872	317	78869	-16	-1
8873	317	78870	-16	-1
8874	317	78871	-16	-1
8875	317	78872	-16	-1
8876	317	78873	-16	-1
6007	318	78466	-16	-1
6008	318	78467	-16	-1
6009	318	78468	-16	-1
6010	318	78469	-16	-1
6011	318	77974	-16	-1
6012	318	78470	-16	-1
6013	318	77975	-16	-1
6014	318	77976	-16	-1
6015	318	77977	-16	-1
6016	318	77978	-16	-1
6154	318	77197	-29	-1
6155	318	77198	-29	-1
6156	318	77199	-29	-1
6157	318	77200	-29	-1
6158	318	77201	-29	-1
6159	318	77235	-29	-1
6160	318	77236	-29	-1
6161	318	77237	-29	-1
6162	318	78357	-29	-1
6163	318	77238	-29	-1
6164	318	71998	-17	-1
6283	318	78464	-20	-1
6284	318	78465	-20	-1
6285	318	77994	-20	-1
6286	318	77995	-20	-1
6287	318	77996	-20	-1
6288	318	77997	-20	-1
6289	318	77998	-20	-1
6290	318	78461	-20	-1
6291	318	78462	-20	-1
6292	318	78463	-20	-1
5433	322	72849	-1	-1
5434	322	72850	-1	-1
5435	322	72851	-1	-1
5436	322	72853	-1	-1
5437	322	72854	-1	-1
5438	322	76150	-1	-1
5469	323	72810	-1	-1
5470	323	72803	-1	-1
5471	323	72811	-1	-1
5472	323	72804	-1	-1
5473	323	72805	-1	-1
5474	323	72806	-1	-1
5475	323	72807	-1	-1
5505	323	72800	-1	-1
5506	323	72801	-1	-1
5507	323	72802	-1	-1
5508	323	72798	-1	-1
5509	323	72799	-1	-1
5899	324	78496	-16	-1
5900	324	78400	-16	-1
5901	324	78497	-16	-1
5902	324	78498	-16	-1
5903	324	77969	-16	-1
5904	324	78865	-16	-1
5905	324	78866	-16	-1
5906	324	78867	-16	-1
5907	324	78395	-16	-1
5908	324	77979	-16	-1
5909	324	77980	-16	-1
5910	324	78396	-16	-1
5911	324	78397	-16	-1
5912	324	77981	-16	-1
5913	324	78494	-16	-1
5914	324	78398	-16	-1
5915	324	77982	-16	-1
5916	324	78495	-16	-1
5917	324	78399	-16	-1
5919	324	77983	-16	-1
6026	324	77255	-29	-1
6027	324	77257	-29	-1
6028	324	77258	-29	-1
6029	324	77259	-29	-1
6030	324	77260	-29	-1
6031	324	77204	-29	-1
6032	324	77207	-29	-1
6033	324	77208	-29	-1
6034	324	77209	-29	-1
6035	324	77210	-29	-1
6036	324	77211	-29	-1
6037	324	78173	-29	-1
6038	324	77216	-29	-1
6039	324	78178	-29	-1
6040	324	78183	-29	-1
6041	324	77228	-29	-1
6042	324	77229	-29	-1
6043	324	77230	-29	-1
6044	324	77231	-29	-1
6045	324	77232	-29	-1
6046	324	71998	-17	-1
6197	324	78853	-20	-1
6198	324	78854	-20	-1
6199	324	78855	-20	-1
6200	324	78489	-20	-1
6201	324	78490	-20	-1
6202	324	78491	-20	-1
6203	324	78492	-20	-1
6204	324	78493	-20	-1
6205	324	77989	-20	-1
6206	324	77999	-20	-1
6207	324	78000	-20	-1
6208	324	78001	-20	-1
6209	324	78002	-20	-1
6210	324	78003	-20	-1
6211	324	78387	-20	-1
6212	324	78388	-20	-1
6213	324	78389	-20	-1
6214	324	78390	-20	-1
6215	324	78391	-20	-1
6216	324	78392	-20	-1
6217	324	78393	-20	-1
8862	324	77215	-29	-1
8904	324	78862	-16	-1
8905	324	78863	-16	-1
8906	324	78864	-16	-1
8907	324	78868	-16	-1
8908	324	78869	-16	-1
8909	324	78870	-16	-1
8910	324	78871	-16	-1
8911	324	78872	-16	-1
8912	324	78873	-16	-1
8913	324	78874	-16	-1
8914	324	78875	-16	-1
8915	324	78876	-16	-1
5920	325	78496	-16	-1
5922	325	78497	-16	-1
5924	325	78498	-16	-1
5926	325	78408	-16	-1
5927	325	78411	-16	-1
5928	325	78412	-16	-1
5929	325	77970	-16	-1
5930	325	77971	-16	-1
5931	325	78871	-16	-1
5932	325	78872	-16	-1
5933	325	78873	-16	-1
5934	325	77979	-16	-1
5935	325	77980	-16	-1
5936	325	77981	-16	-1
5937	325	77982	-16	-1
5938	325	78494	-16	-1
5939	325	77983	-16	-1
5940	325	78495	-16	-1
6068	325	77252	-29	-1
6069	325	77253	-29	-1
6070	325	77254	-29	-1
6071	325	77203	-29	-1
6072	325	77206	-29	-1
6073	325	77207	-29	-1
6074	325	77208	-29	-1
6075	325	77209	-29	-1
6076	325	77210	-29	-1
6077	325	78171	-29	-1
6078	325	77211	-29	-1
6079	325	78176	-29	-1
6080	325	77217	-29	-1
6081	325	77218	-29	-1
6082	325	77219	-29	-1
6083	325	78181	-29	-1
6084	325	77228	-29	-1
6085	325	77229	-29	-1
6086	325	77230	-29	-1
6087	325	77231	-29	-1
6088	325	77232	-29	-1
6089	325	71998	-17	-1
6176	325	78401	-20	-1
6177	325	78402	-20	-1
6178	325	78403	-20	-1
6179	325	78404	-20	-1
6180	325	78405	-20	-1
6181	325	78406	-20	-1
6182	325	78856	-20	-1
6183	325	78857	-20	-1
6184	325	78858	-20	-1
6185	325	78489	-20	-1
6186	325	78490	-20	-1
6187	325	78491	-20	-1
6188	325	78492	-20	-1
6189	325	78493	-20	-1
6190	325	77990	-20	-1
6191	325	77991	-20	-1
6192	325	77999	-20	-1
6193	325	78000	-20	-1
6194	325	78001	-20	-1
6195	325	78002	-20	-1
6196	325	78003	-20	-1
8928	325	78862	-16	-1
8929	325	78863	-16	-1
8930	325	78864	-16	-1
8931	325	78865	-16	-1
8932	325	78866	-16	-1
8933	325	78867	-16	-1
8934	325	78868	-16	-1
8935	325	78869	-16	-1
8936	325	78870	-16	-1
8937	325	78874	-16	-1
8938	325	78875	-16	-1
8939	325	78876	-16	-1
5963	331	78496	-16	-1
5964	331	78497	-16	-1
5965	331	78498	-16	-1
5966	331	78438	-16	-1
5967	331	78439	-16	-1
5969	331	78440	-16	-1
5970	331	78441	-16	-1
5971	331	78442	-16	-1
5972	331	78443	-16	-1
5973	331	78444	-16	-1
5974	331	78862	-16	-1
5975	331	78863	-16	-1
5976	331	78864	-16	-1
5977	331	77972	-16	-1
5978	331	77979	-16	-1
5979	331	77980	-16	-1
5980	331	77981	-16	-1
5981	331	77982	-16	-1
5982	331	78494	-16	-1
5983	331	77983	-16	-1
5984	331	78495	-16	-1
6111	331	77205	-29	-1
6112	331	77207	-29	-1
6113	331	77208	-29	-1
6114	331	77209	-29	-1
6115	331	77210	-29	-1
6116	331	77211	-29	-1
6117	331	78174	-29	-1
6118	331	78179	-29	-1
6119	331	78184	-29	-1
6120	331	77228	-29	-1
6121	331	77229	-29	-1
6122	331	77230	-29	-1
6123	331	77231	-29	-1
6124	331	77232	-29	-1
6125	331	77242	-29	-1
6126	331	77243	-29	-1
6127	331	77244	-29	-1
6128	331	78013	-29	-1
6129	331	77245	-29	-1
6130	331	71998	-17	-1
6131	331	77246	-29	-1
6132	331	77247	-29	-1
6239	331	78848	-20	-1
6240	331	78849	-20	-1
6241	331	78489	-20	-1
6242	331	78490	-20	-1
6243	331	78491	-20	-1
6244	331	78492	-20	-1
6245	331	78493	-20	-1
6246	331	77992	-20	-1
6247	331	77999	-20	-1
6248	331	78000	-20	-1
6249	331	78001	-20	-1
6250	331	78002	-20	-1
6251	331	78003	-20	-1
6252	331	78429	-20	-1
6253	331	78430	-20	-1
6254	331	78431	-20	-1
6255	331	78432	-20	-1
6256	331	78433	-20	-1
6257	331	78434	-20	-1
6258	331	78435	-20	-1
6259	331	78436	-20	-1
6260	331	78847	-20	-1
8864	331	77223	-29	-1
8892	331	78865	-16	-1
8893	331	78866	-16	-1
8894	331	78867	-16	-1
8895	331	78868	-16	-1
8896	331	78869	-16	-1
8897	331	78870	-16	-1
8898	331	78871	-16	-1
8899	331	78872	-16	-1
8900	331	78873	-16	-1
8901	331	78874	-16	-1
8902	331	78875	-16	-1
8903	331	78876	-16	-1
5985	332	78496	-16	-1
5986	332	78497	-16	-1
5987	332	78498	-16	-1
5988	332	77224	-29	-1
5989	332	77225	-29	-1
5990	332	78868	-16	-1
5991	332	77973	-16	-1
5992	332	78869	-16	-1
5993	332	78454	-16	-1
5994	332	78870	-16	-1
5995	332	78455	-16	-1
5996	332	78456	-16	-1
5997	332	78457	-16	-1
5998	332	78458	-16	-1
5999	332	77979	-16	-1
6000	332	77980	-16	-1
6001	332	78460	-16	-1
6002	332	77981	-16	-1
6003	332	77982	-16	-1
6004	332	78494	-16	-1
6005	332	77983	-16	-1
6006	332	78495	-16	-1
6133	332	78177	-29	-1
6134	332	78182	-29	-1
6135	332	77226	-29	-1
6136	332	77227	-29	-1
6137	332	77202	-29	-1
6138	332	77234	-29	-1
6139	332	77239	-29	-1
6140	332	77240	-29	-1
6141	332	77241	-29	-1
6142	332	78172	-29	-1
6143	332	77207	-29	-1
6144	332	77208	-29	-1
6145	332	77209	-29	-1
6146	332	77210	-29	-1
6147	332	77211	-29	-1
6148	332	77228	-29	-1
6149	332	77229	-29	-1
6150	332	77230	-29	-1
6151	332	77231	-29	-1
6152	332	77232	-29	-1
6153	332	71998	-17	-1
6261	332	78850	-20	-1
6262	332	78851	-20	-1
6263	332	78852	-20	-1
6264	332	78489	-20	-1
6265	332	78490	-20	-1
6266	332	78491	-20	-1
6267	332	78492	-20	-1
6268	332	78493	-20	-1
6269	332	77993	-20	-1
6270	332	77999	-20	-1
6271	332	78000	-20	-1
6272	332	78001	-20	-1
6273	332	78002	-20	-1
6274	332	78003	-20	-1
6275	332	78445	-20	-1
6276	332	78446	-20	-1
6277	332	78447	-20	-1
6278	332	78448	-20	-1
6279	332	78449	-20	-1
6280	332	78450	-20	-1
6281	332	78451	-20	-1
6282	332	78452	-20	-1
8916	332	78862	-16	-1
8917	332	78863	-16	-1
8918	332	78864	-16	-1
8919	332	78865	-16	-1
8920	332	78866	-16	-1
8921	332	78867	-16	-1
8922	332	78871	-16	-1
8923	332	78872	-16	-1
8924	332	78873	-16	-1
8925	332	78874	-16	-1
8926	332	78875	-16	-1
8927	332	78876	-16	-1
6017	333	78480	-16	-1
6018	333	78481	-16	-1
6019	333	78482	-16	-1
6020	333	78483	-16	-1
6021	333	78484	-16	-1
6022	333	78485	-16	-1
6023	333	78486	-16	-1
6024	333	78487	-16	-1
6025	333	78488	-16	-1
6165	333	77188	-29	-1
6166	333	77189	-29	-1
6167	333	77190	-29	-1
6168	333	77191	-29	-1
6169	333	77193	-29	-1
6170	333	77194	-29	-1
6171	333	77195	-29	-1
6172	333	77067	-29	-1
6173	333	77196	-29	-1
6174	333	78359	-29	-1
6175	333	71998	-17	-1
6293	333	78471	-20	-1
6294	333	78472	-20	-1
6295	333	78473	-20	-1
6296	333	78474	-20	-1
6297	333	78475	-20	-1
6298	333	78476	-20	-1
6299	333	78477	-20	-1
6300	333	77069	-20	-1
6301	333	78478	-20	-1
6302	333	78479	-20	-1
5545	339	73479	-1	-1
5546	339	73481	-1	-1
5547	339	73485	-1	-1
5548	339	73487	-1	-1
5549	339	73488	-1	-1
5550	339	73489	-1	-1
5551	339	73491	-1	-1
5552	339	73492	-1	-1
5553	339	73493	-1	-1
5554	339	73494	-1	-1
5555	339	73495	-1	-1
5556	339	73496	-1	-1
5557	339	73497	-1	-1
5558	339	73498	-1	-1
5559	339	73503	-1	-1
5560	339	73505	-1	-1
5561	339	73507	-1	-1
5562	339	73509	-1	-1
5563	339	73511	-1	-1
5564	339	73514	-1	-1
5565	339	73516	-1	-1
5566	339	73518	-1	-1
5567	339	73519	-1	-1
5568	339	73520	-1	-1
5569	339	73521	-1	-1
5570	339	73522	-1	-1
5571	339	73524	-1	-1
5572	339	76341	-1	-1
5573	339	73526	-1	-1
5574	339	76343	-1	-1
5575	339	73528	-1	-1
5576	339	73529	-1	-1
5577	339	76346	-1	-1
5578	339	73530	-1	-1
5579	339	73531	-1	-1
5580	339	73532	-1	-1
5581	339	76348	-1	-1
5582	339	73533	-1	-1
5583	339	73534	-1	-3
5584	339	73535	-1	-2
5585	339	73536	-1	-2
5586	339	73537	-1	-3
5587	339	73538	-1	-3
5588	339	73539	-1	-2
5589	339	76357	-1	-1
5590	339	73542	-1	-1
5591	339	76359	-1	-1
5592	339	73544	-1	-1
5593	339	73547	-1	-1
5594	339	76875	-1	-1
5595	339	76877	-1	-1
5596	339	73549	-1	-1
5597	339	73550	-1	-1
5598	339	73551	-1	-1
5599	339	73552	-1	-1
5600	339	73553	-1	-1
5601	339	73554	-1	-1
5602	339	73555	-1	-1
5603	339	73557	-1	-1
5604	339	73559	-1	-1
5605	339	73561	-1	-1
5606	339	73562	-1	-1
5607	339	73563	-1	-1
5608	339	73564	-1	-1
5609	339	73565	-1	-1
5610	339	73566	-1	-1
5611	339	73568	-1	-1
5612	339	73570	-1	-1
5613	339	73574	-1	-1
5614	339	73576	-1	-1
5615	339	73581	-1	-1
5616	339	73583	-1	-1
5617	339	73585	-1	-1
5618	339	73586	-1	-1
5619	339	73587	-1	-1
5620	339	73588	-1	-1
5621	339	73589	-1	-1
5622	339	73590	-1	-1
5623	339	73591	-1	-1
5624	339	73592	-1	-1
5625	339	73593	-1	-1
5626	339	73597	-1	-1
5627	339	73599	-1	-1
5628	339	73600	-1	-1
5629	339	73601	-1	-1
5630	339	73602	-1	-1
5631	339	73605	-1	-1
5632	339	73607	-1	-1
5633	339	73608	-1	-1
5634	339	73609	-1	-1
5635	339	73610	-1	-1
5636	339	73613	-1	-1
5637	339	73615	-1	-1
5638	339	73617	-1	-1
5639	339	73619	-1	-1
5640	339	73621	-1	-1
5641	339	73622	-1	-1
5642	339	73623	-1	-1
5643	339	73625	-1	-1
5644	339	73626	-1	-1
5645	339	73627	-1	-1
5646	339	73628	-1	-1
5647	339	73629	-1	-1
5648	339	73630	-1	-1
5649	339	73631	-1	-1
5650	339	73632	-1	-1
5651	339	73633	-1	-1
5652	339	73634	-1	-1
5653	339	73635	-1	-1
5654	339	73636	-1	-1
5655	339	73637	-1	-1
5656	339	73638	-1	-1
5657	339	73639	-1	-1
5658	339	73640	-1	-1
5659	339	73641	-1	-1
5660	339	73643	-1	-1
5661	339	73644	-1	-1
5662	339	73645	-1	-1
5663	339	73646	-1	-1
5664	339	73647	-1	-1
5665	339	76975	-1	-1
5666	339	73648	-1	-1
5667	339	76977	-1	-1
5668	339	76212	-1	-1
5669	339	76214	-1	-1
5670	339	76985	-1	-1
5671	339	76986	-1	-1
5672	339	76989	-1	-1
5673	339	76991	-1	-1
5674	339	77004	-1	-1
5675	339	76749	-1	-1
5676	339	77006	-1	-1
5677	339	76751	-1	-1
5678	339	77009	-1	-1
5679	339	77011	-1	-1
5680	339	76757	-1	-1
5681	339	77014	-1	-1
5682	339	76759	-1	-1
5683	339	77016	-1	-1
5684	339	77018	-1	-1
5685	339	77020	-1	-1
5686	339	76766	-1	-1
5687	339	76768	-1	-1
5688	339	77024	-1	-1
5689	339	77026	-1	-1
5690	339	77029	-1	-1
5691	339	77031	-1	-1
5692	339	77036	-1	-1
5693	339	77038	-1	-1
5694	339	77041	-1	-1
5695	339	77043	-1	-1
5483	340	72800	-1	-1
5484	340	72801	-1	-1
5485	340	72802	-1	-1
5486	340	72798	-1	-1
5487	340	72814	-1	-1
5488	340	72799	-1	-1
5489	340	72815	-1	-1
5495	340	72803	-1	-1
5496	340	72804	-1	-1
5497	340	72805	-1	-1
5498	340	72806	-1	-1
5499	340	72807	-1	-1
5445	341	72864	-1	-1
5446	341	72865	-1	-1
5447	341	72866	-1	-1
5448	341	72867	-1	-1
5449	341	72868	-1	-1
5450	341	72900	-1	-1
5451	341	72869	-1	-1
5452	341	72901	-1	-1
5453	341	72870	-1	-1
5454	341	72861	-1	-1
5455	341	72862	-1	-1
5456	341	72863	-1	-1
5439	342	72856	-1	-1
5440	342	72857	-1	-1
5441	342	72859	-1	-1
5442	342	72860	-1	-1
5443	342	72855	-1	-1
5444	342	76151	-1	-1
6431	368	6907	-1	-1
6432	368	6908	-1	-1
6433	369	11624	-1	-1
6434	369	22240	-1	-1
6435	369	11625	-1	-1
6436	369	11626	-1	-1
6437	370	11632	-1	-1
6438	370	22234	-1	-1
6439	370	22397	-1	-1
6440	370	11631	-1	-1
6441	371	11627	-1	-1
6442	371	11628	-1	-1
6443	371	11629	-1	-1
6444	371	11623	-1	-1
8798	372	11728	-1	-1
8799	372	11824	-1	-1
8800	372	11665	-1	-1
8801	372	11729	-1	-1
8802	372	11633	-1	-1
8803	372	22257	-1	-1
8804	372	11634	-1	-1
8805	372	11635	-1	-1
8806	372	22266	-1	-1
8807	372	11726	-1	-1
8808	372	11662	-1	-1
8809	372	22271	-1	-1
8812	372	11685	-1	-1
8813	372	11686	-1	-1
8814	372	11722	-1	-1
8815	372	11730	-1	-1
8816	372	11731	-1	-1
8817	372	11702	-1	-1
8818	372	11703	-1	-1
8819	372	11675	-1	-1
8820	372	11677	-1	-1
8821	372	11678	-1	-1
8822	372	22270	-1	-1
8823	372	11679	-1	-1
6445	373	11747	-1	-1
6446	373	11748	-1	-1
6447	373	11749	-1	-1
6448	373	11750	-1	-1
6449	374	11764	-1	-1
6450	374	11765	-1	-1
6451	374	11766	-1	-1
6452	374	11767	-1	-1
6453	375	11784	-1	-1
6454	375	22241	-1	-1
6455	375	11782	-1	-1
6456	375	11783	-1	-1
6457	376	11841	-1	-1
6458	376	11842	-1	-1
6459	376	11839	-1	-1
6460	376	22223	-1	-1
6461	377	11802	-1	-1
6462	377	11803	-1	-1
6463	377	11805	-1	-1
6464	377	11807	-1	-1
6465	378	11816	-1	-1
6466	378	11817	-1	-1
6467	378	11810	-1	-1
6468	378	11820	-1	-1
6469	378	11821	-1	-1
6470	379	11819	-1	-1
6471	379	11669	-1	-1
6472	379	11822	-1	-1
6473	379	11823	-1	-1
6474	380	18043	-1	-1
6475	380	22275	-1	-1
6476	380	18044	-1	-1
6477	380	11735	-1	-1
6478	381	11744	-1	-1
6479	381	11745	-1	-1
6480	381	22212	-1	-1
6481	382	11612	-1	-1
6482	382	11742	-1	-1
6483	383	12793	-1	-1
6484	383	18653	-1	-1
6485	383	12791	-1	-1
6486	384	11808	-1	-1
6487	384	11832	-1	-1
6488	384	11809	-1	-1
6489	384	11812	-1	-1
6490	384	11814	-1	-1
6491	385	11920	-1	-1
6492	385	11921	-1	-1
6493	385	11929	-1	-1
6494	385	11922	-1	-1
6495	385	11923	-1	-1
6496	385	11925	-1	-1
6497	385	11926	-1	-1
6498	385	11927	-1	-1
6499	386	22208	-1	-1
6500	386	22400	-1	-1
6501	386	11746	-1	-1
6502	386	22395	-1	-1
6503	386	11935	-1	-1
6504	387	11924	-1	-1
6505	387	11684	-1	-1
6506	387	11815	-1	-1
6507	387	11928	-1	-1
6508	387	11930	-1	-1
6509	387	11931	-1	-1
6510	387	11932	-1	-1
6511	387	22204	-1	-1
6512	387	11933	-1	-1
6513	387	11934	-1	-1
6514	387	22207	-1	-1
6515	388	13168	-1	-1
6516	388	13169	-1	-1
6517	388	13170	-1	-1
6518	388	13166	-1	-1
6519	388	13167	-1	-1
8795	388	16670	-1	-1
6520	389	13257	-1	-1
6521	389	12626	-1	-1
6522	389	12651	-1	-1
6523	389	12653	-1	-1
6524	389	13255	-1	-1
8796	389	16712	-1	-1
6525	390	13177	-1	-1
6526	390	13179	-1	-1
6527	390	12582	-1	-1
6528	390	22231	-1	-1
8792	390	28972	-1	-1
8797	390	16676	-1	-1
6529	391	13244	-1	-1
6530	391	13213	-1	-1
6531	391	13183	-1	-1
8793	391	68673	-1	-1
8794	391	16715	-1	-1
6532	392	22232	-1	-1
6533	392	13258	-1	-1
6534	392	13178	-1	-1
6535	392	13259	-1	-1
6536	393	13252	-1	-1
6537	393	13253	-1	-1
8810	393	12264	-1	-1
6538	394	22313	-1	-1
6539	394	13210	-1	-1
6540	394	13211	-1	-1
6541	394	13212	-1	-1
6542	395	13208	-1	-1
6543	395	13205	-1	-1
6544	395	13206	-1	-1
8811	395	16718	-1	-1
6545	396	13161	-1	-1
6546	396	22321	-1	-1
6547	396	13162	-1	-1
6548	396	13163	-1	-1
6549	396	13143	-1	-1
6550	397	12905	-1	-1
6551	397	12929	-1	-1
6552	397	12926	-1	-1
6553	397	12927	-1	-1
8824	397	16672	-1	-1
6554	398	12609	-1	-1
6556	398	12603	-1	-1
6557	398	12589	-1	-1
6558	398	12606	-1	-1
8825	398	16695	-1	-1
6559	399	18102	-1	-1
6560	399	18103	-1	-1
6561	399	12583	-1	-1
6562	399	12935	-1	-1
6563	399	22247	-1	-1
6564	399	12936	-1	-1
6565	399	18104	-1	-1
6566	399	12587	-1	-1
6567	399	12939	-1	-1
6568	399	12940	-1	-1
6569	399	12590	-1	-1
8826	399	12960	-1	-1
8827	399	12871	-1	-1
8828	399	22225	-1	-1
8829	399	12952	-1	-1
8830	399	12953	-1	-1
8831	399	16733	-1	-1
8832	399	16669	-1	-1
6570	400	12968	-1	-1
6571	400	12969	-1	-1
6572	400	12963	-1	-1
6573	400	12964	-1	-1
6574	400	12965	-1	-1
6575	400	12709	-1	-1
6576	400	12966	-1	-1
6577	400	12967	-1	-1
8833	400	22311	-1	-1
8834	400	16729	-1	-1
6578	401	12592	-1	-1
6579	401	13141	-1	-1
6580	401	13142	-1	-1
6581	401	13098	-1	-1
6582	401	12602	-1	-1
6583	401	22267	-1	-1
6584	401	22268	-1	-1
6585	401	22253	-1	-1
6586	401	22269	-1	-1
6587	402	18313	-1	-1
6588	402	18306	-1	-1
6589	402	18323	-1	-1
6590	402	18308	-1	-1
6591	402	18319	-1	-1
6592	403	18305	-1	-1
6593	403	18322	-1	-1
6594	403	18307	-1	-1
6595	403	18324	-1	-1
6596	403	18317	-1	-1
6597	404	18301	-1	-1
6598	404	18325	-1	-1
6599	404	18302	-1	-1
6600	404	18311	-1	-1
6601	405	18321	-1	-1
6602	405	18309	-1	-1
6603	405	18326	-1	-1
6604	405	18310	-1	-1
6605	405	18327	-1	-1
6606	405	18312	-1	-1
6607	405	18328	-1	-1
6608	405	18314	-1	-1
6609	405	18315	-1	-1
6610	405	18318	-1	-1
6611	406	18352	-1	-1
6612	406	18353	-1	-1
6613	406	18393	-1	-1
6614	406	18390	-1	-1
6615	407	18386	-1	-1
6616	407	18347	-1	-1
6617	407	18349	-1	-1
6618	407	18383	-1	-1
6619	408	18371	-1	-1
6620	408	18397	-1	-1
6621	408	18350	-1	-1
6622	408	18374	-1	-1
6623	408	18351	-1	-1
6624	409	18384	-1	-1
6625	409	18385	-1	-1
6626	409	18370	-1	-1
6627	409	18372	-1	-1
6628	409	18389	-1	-1
6629	409	18391	-1	-1
6630	409	18377	-1	-1
6631	409	18394	-1	-1
6632	409	18379	-1	-1
6633	409	18381	-1	-1
6634	410	18388	-1	-1
6635	410	18373	-1	-1
6636	410	18375	-1	-1
6637	410	18376	-1	-1
6638	410	18392	-1	-1
6639	410	18378	-1	-1
6640	410	18395	-1	-1
6641	410	18396	-1	-1
6642	410	18380	-1	-1
6643	410	18382	-1	-1
6644	411	18464	-1	-1
6645	411	18496	-1	-1
6646	411	18497	-1	-1
6647	411	18498	-1	-1
6648	411	18450	-1	-1
6649	411	18451	-1	-1
6650	411	18458	-1	-1
6651	411	18459	-1	-1
6652	411	18460	-1	-1
6653	411	18493	-1	-1
6654	411	18462	-1	-1
6655	411	18494	-1	-1
6656	411	18463	-1	-1
6657	412	18425	-1	-1
6658	413	18464	-1	-1
6659	413	18496	-1	-1
6660	413	18497	-1	-1
6661	413	18498	-1	-1
6662	413	18450	-1	-1
6663	413	18451	-1	-1
6664	413	18458	-1	-1
6665	413	18459	-1	-1
6666	413	18460	-1	-1
6667	413	18493	-1	-1
6668	413	18462	-1	-1
6669	413	18494	-1	-1
6670	413	18463	-1	-1
6671	414	18464	-1	-1
6672	414	18496	-1	-1
6673	414	18497	-1	-1
6674	414	18498	-1	-1
6675	414	18450	-1	-1
6676	414	18451	-1	-1
6677	414	18458	-1	-1
6678	414	18459	-1	-1
6679	414	18460	-1	-1
6680	414	18493	-1	-1
6681	414	18462	-1	-1
6682	414	18494	-1	-1
6683	414	18463	-1	-1
6684	415	18505	-1	-1
6685	415	18507	-1	-1
6686	415	18502	-1	-1
6687	415	18503	-1	-1
6688	416	18490	-1	-1
6689	416	18483	-1	-1
6690	416	18484	-1	-1
6691	416	18485	-1	-1
6692	417	18520	-1	-1
6693	417	18521	-1	-1
6694	417	18522	-1	-1
6695	417	18523	-1	-1
6696	417	18524	-1	-1
6697	417	18525	-1	-1
6698	417	18526	-1	-1
6699	417	18527	-1	-1
6700	418	9449	-1	-1
6701	418	9450	-1	-1
6702	419	9445	-1	-1
6703	420	9452	-1	-1
6704	420	9453	-1	-1
6705	420	9454	-1	-1
6706	421	9448	-1	-1
6707	421	9446	-1	-1
6708	421	9447	-1	-1
6709	422	9458	-1	-1
6710	422	9459	-1	-1
6711	422	9492	-1	-1
6712	422	9461	-1	-1
6713	423	17744	-1	-1
6714	423	17745	-1	-1
6715	423	17746	-1	-1
6716	424	17748	-1	-1
6717	424	17749	-1	-1
6718	424	17750	-1	-1
6719	424	17751	-1	-1
6720	425	17717	-1	-1
6721	425	17718	-1	-1
6722	425	17719	-1	-1
6723	426	6905	-1	-1
6724	426	6906	-1	-1
6725	427	17752	-1	-1
6726	427	17754	-1	-1
6727	427	17755	-1	-1
6728	428	17738	-1	-1
6729	428	17739	-1	-1
6730	428	17740	-1	-1
6731	429	17736	-1	-1
6732	429	17737	-1	-1
6733	429	17734	-1	-1
6734	429	17943	-1	-1
6735	430	17728	-1	-1
6736	430	17730	-1	-1
6737	430	17732	-1	-1
6738	431	17713	-1	-1
6739	431	17714	-1	-1
6740	431	17707	-1	-1
6741	431	17715	-1	-1
6742	431	17780	-1	-1
6743	431	17710	-1	-1
6744	431	17766	-1	-1
6745	431	17711	-1	-1
8835	432	10776	-1	-1
8836	432	10777	-1	-1
8837	432	10775	-1	-1
6746	433	10769	-1	-1
6747	433	10770	-1	-1
6748	433	10771	-1	-1
6749	434	10772	-1	-1
6750	434	10774	-1	-1
6751	435	10761	-1	-1
6752	435	10762	-1	-1
6753	435	10763	-1	-1
6754	435	10764	-1	-1
6755	435	10765	-1	-1
6818	436	888	-1	-1
6819	436	11121	-1	-1
6820	436	3078	-1	-1
6756	437	1155	-1	-1
6757	437	6903	-1	-1
6758	438	2816	-1	-1
6759	438	6682	-1	-1
6760	438	6685	-1	-1
6761	439	6681	-1	-1
6762	440	6686	-1	-1
6763	440	6687	-1	-1
6764	441	6690	-1	-1
6765	441	6691	-1	-1
6766	442	6692	-1	-1
6767	442	6693	-1	-1
6768	442	6694	-1	-1
6769	443	13384	-1	-1
6770	443	13378	-1	-1
6771	443	13379	-1	-1
6772	443	13383	-1	-1
6773	444	6909	-1	-1
6774	444	6910	-1	-1
6775	444	6911	-1	-1
6776	445	13400	-1	-1
6777	445	13401	-1	-1
6778	445	13402	-1	-1
6779	445	13403	-1	-1
6780	446	18721	-1	-1
6781	446	22403	-1	-1
6782	446	22404	-1	-1
6783	446	13380	-1	-1
6784	446	22405	-1	-1
6785	446	13381	-1	-1
6786	446	22406	-1	-1
6787	446	13382	-1	-1
6788	446	22407	-1	-1
6789	447	6904	-1	-1
6790	447	6901	-1	-1
6791	447	6902	-1	-1
6792	448	13385	-1	-1
6793	448	13386	-1	-1
6794	448	13387	-1	-1
6795	448	18716	-1	-1
6796	449	13360	-1	-1
6797	449	18720	-1	-1
6798	449	13348	-1	-1
6799	449	12103	-1	-1
6800	449	13353	-1	-1
6801	449	13369	-1	-1
6802	449	18717	-1	-1
6803	449	13358	-1	-1
6804	449	18718	-1	-1
6805	449	13359	-1	-1
6806	450	13408	-1	-1
6807	450	13409	-1	-1
6808	450	13404	-1	-1
6809	450	13405	-1	-1
6810	451	18728	-1	-1
6811	451	18729	-1	-1
6812	451	13537	-1	-1
6813	451	18730	-1	-1
6814	451	13538	-1	-1
6815	451	13539	-1	-1
6816	451	13534	-1	-1
6817	451	13535	-1	-1
6821	452	13529	-1	-1
6822	452	18738	-1	-1
6823	452	13530	-1	-1
6824	452	18739	-1	-1
6825	452	13531	-1	-1
6826	452	18740	-1	-1
6827	452	13532	-1	-1
6828	452	13533	-1	-1
6829	453	13528	-1	-1
6830	453	18737	-1	-1
6831	453	13524	-1	-1
6832	453	13525	-1	-1
6833	453	18734	-1	-1
6834	453	13526	-1	-1
6835	453	18735	-1	-1
6836	453	13527	-1	-1
6837	454	13376	-1	-1
6838	454	18722	-1	-1
6839	454	18725	-1	-1
6840	454	18726	-1	-1
6841	454	23198	-1	-1
6842	454	18727	-1	-1
6843	455	13515	-1	-1
6844	455	18723	-1	-1
6845	455	13372	-1	-1
6846	455	13373	-1	-1
6847	455	13374	-1	-1
6848	455	13375	-1	-1
6849	456	13344	-1	-1
6850	456	13345	-1	-1
6851	456	13505	-1	-1
6852	456	13346	-1	-1
6853	456	13349	-1	-1
6854	456	16709	-1	-1
6855	456	16678	-1	-1
6856	456	22408	-1	-1
6857	456	22409	-1	-1
6858	456	22410	-1	-1
6859	456	22411	-1	-1
6860	456	22412	-1	-1
6861	456	16687	-1	-1
6862	456	16719	-1	-1
6863	456	13361	-1	-1
6864	456	16694	-1	-1
6865	456	13335	-1	-1
6866	456	16728	-1	-1
6867	456	13368	-1	-1
6868	456	16699	-1	-1
6869	456	13340	-1	-1
6870	456	16732	-1	-1
6871	456	16668	-1	-1
6872	457	10842	-1	-1
6873	457	10843	-1	-1
6874	457	10844	-1	-1
6875	457	10845	-1	-1
6876	457	10838	-1	-1
6877	457	10846	-1	-1
6878	457	12462	-1	-1
6879	458	10808	-1	-1
6880	458	10806	-1	-1
6881	458	10807	-1	-1
6882	459	12464	-1	-1
6883	459	12465	-1	-1
6884	459	12466	-1	-1
6885	459	10795	-1	-1
6886	459	12243	-1	-1
6887	459	10796	-1	-1
6888	459	10797	-1	-1
6889	459	12463	-1	-1
6890	460	12464	-1	-1
6891	460	12465	-1	-1
6892	460	12466	-1	-1
6893	460	10795	-1	-1
6894	460	12243	-1	-1
6895	460	10796	-1	-1
6896	460	10797	-1	-1
6897	460	12463	-1	-1
6898	461	12464	-1	-1
6899	461	12465	-1	-1
6900	461	12466	-1	-1
6901	461	10795	-1	-1
6902	461	12243	-1	-1
6903	461	10796	-1	-1
6904	461	10797	-1	-1
6905	461	12463	-1	-1
6906	462	12464	-1	-1
6907	462	12465	-1	-1
6908	462	12466	-1	-1
6909	462	10795	-1	-1
6910	462	12243	-1	-1
6911	462	10796	-1	-1
6912	462	10797	-1	-1
6913	462	12463	-1	-1
6914	463	10833	-1	-1
6915	463	10835	-1	-1
6916	463	10828	-1	-1
6917	463	10836	-1	-1
6918	463	10829	-1	-1
6919	463	10837	-1	-1
6920	463	10847	-1	-1
6921	464	2168	-1	-1
6922	464	1934	-1	-1
6923	464	1959	-1	-1
6924	465	1929	-1	-1
6925	465	4676	-1	-1
6926	465	5967	-1	-1
6927	466	63344	-1	-1
6928	466	63345	-1	-1
6929	466	63346	-1	-1
6930	467	9387	-1	-1
6931	467	9388	-1	-1
6932	467	9389	-1	-1
6933	467	9390	-1	-1
6934	468	9394	-1	-1
6935	468	9398	-1	-1
6936	468	9400	-1	-1
6937	468	9401	-1	-1
6938	468	9403	-1	-1
6939	468	9404	-1	-1
6940	469	9408	-1	-1
6941	469	9409	-1	-1
6942	469	9407	-1	-1
6943	470	9410	-1	-1
6944	470	9411	-1	-1
6945	471	9419	-1	-1
6946	471	9412	-1	-1
6947	471	11310	-1	-1
6948	471	11311	-1	-1
6949	472	9416	-1	-1
6950	472	9414	-1	-1
6951	472	9415	-1	-1
6952	473	9418	-1	-1
6953	473	9413	-1	-1
6954	473	11118	-1	-1
6955	474	10412	-1	-1
6956	474	5404	-1	-1
6957	474	6446	-1	-1
6958	475	6465	-1	-1
6959	475	10410	-1	-1
6960	475	6460	-1	-1
6961	476	6472	-1	-1
6962	476	6473	-1	-1
6963	477	13245	-1	-1
6964	477	6447	-1	-1
6965	478	6448	-1	-1
6966	478	6449	-1	-1
6967	479	5970	-1	-1
6968	479	6459	-1	-1
6969	479	10411	-1	-1
6970	479	6469	-1	-1
6971	480	6629	-1	-1
6972	480	6630	-1	-1
6973	480	6631	-1	-1
6974	481	6627	-1	-1
6975	481	6461	-1	-1
6976	481	6463	-1	-1
6977	483	9467	-1	-1
6978	483	9469	-1	-1
6979	484	9640	-1	-1
6980	484	9641	-1	-1
6981	484	9379	-1	-1
6982	484	9639	-1	-1
6983	486	18082	-1	-1
6984	486	18083	-1	-1
6989	489	9476	-1	-1
6990	489	9477	-1	-1
6991	489	9478	-1	-1
6992	489	11086	-1	-1
6993	489	9479	-1	-1
7509	523	27408	-31	-1
7510	523	27409	-31	-1
7511	523	27410	-31	-1
7512	523	25964	-31	-1
7513	523	26055	-31	-1
7529	523	27493	-30	-1
7530	523	27845	-30	-1
7531	523	27846	-30	-1
7532	523	27847	-30	-1
7533	523	27865	-30	-1
7534	523	27866	-30	-1
7514	524	27872	-30	-1
7515	524	27523	-30	-1
7516	524	27411	-31	-1
7517	524	27412	-31	-1
7518	524	27413	-31	-1
7519	524	27414	-31	-1
7520	524	27415	-31	-1
7521	524	27416	-31	-1
7522	524	29257	-30	-1
7523	524	29354	-30	-1
7524	524	27867	-30	-1
7525	524	29244	-30	-1
7526	524	27869	-30	-1
7527	524	27870	-30	-1
7528	524	27871	-30	-1
7577	527	24020	-31	-1
7578	527	24021	-31	-1
7579	527	24022	-31	-1
7580	527	27447	-30	-1
7581	527	24023	-31	-1
7582	527	27448	-30	-1
7583	527	24024	-31	-1
7584	527	27449	-30	-1
7585	527	27450	-30	-1
7586	527	27451	-30	-1
7587	528	24096	-31	-1
7588	528	27906	-30	-1
7589	528	24069	-31	-1
7590	528	27462	-30	-1
7591	528	27463	-30	-1
7592	528	27464	-30	-1
7593	528	24073	-31	-1
7594	528	27465	-30	-1
7595	528	27466	-30	-1
7596	528	27467	-30	-1
7597	528	27539	-30	-1
7598	528	27476	-30	-1
7599	528	27477	-30	-1
7600	528	27478	-30	-1
7601	528	27895	-30	-1
7602	528	24090	-31	-1
7603	528	24091	-31	-1
7604	528	24094	-31	-1
7605	529	27456	-30	-1
7606	529	24064	-31	-1
7607	529	29264	-30	-1
7608	529	29346	-30	-1
7609	529	29238	-30	-1
7610	529	27452	-30	-1
7611	529	24044	-31	-1
7612	529	27453	-30	-1
7613	529	24045	-31	-1
7614	529	32077	-30	-1
7615	529	24046	-31	-1
7616	529	27454	-30	-1
7617	529	27455	-30	-1
7618	529	24063	-31	-1
7619	530	34697	-31	-1
7620	530	34601	-30	-1
7621	530	34602	-30	-1
7622	530	34698	-31	-1
7623	530	34603	-30	-1
7624	530	34699	-31	-1
7625	530	34604	-30	-1
7626	530	34700	-31	-1
7627	530	34701	-31	-1
7628	530	34702	-31	-1
7629	531	34704	-31	-1
7630	531	34608	-30	-1
7631	531	34705	-31	-1
7632	531	34706	-31	-1
7633	531	34707	-31	-1
7634	531	34708	-31	-1
7635	531	34605	-30	-1
7636	531	34606	-30	-1
7637	531	34607	-30	-1
7638	531	34703	-31	-1
7639	532	34788	-31	-1
7640	532	34789	-31	-1
7641	532	34470	-30	-1
7642	532	34790	-31	-1
7643	532	34791	-31	-1
7644	532	34471	-30	-1
7645	532	34472	-30	-1
7646	532	34792	-31	-1
7647	532	34473	-30	-1
7648	532	34783	-31	-1
7649	533	34625	-31	-1
7650	533	34793	-31	-1
7651	533	34794	-31	-1
7652	533	35275	-30	-1
7653	533	34795	-31	-1
7654	533	34796	-31	-1
7655	533	34797	-31	-1
7656	533	34798	-31	-1
7657	533	34799	-31	-1
7658	533	35504	-30	-1
7659	533	34609	-30	-1
7660	533	34610	-30	-1
7661	533	34611	-30	-1
7662	533	34612	-30	-1
7663	533	34613	-30	-1
7664	533	34614	-30	-1
7665	533	34807	-31	-1
7666	533	34615	-30	-1
7667	533	34808	-31	-1
7668	533	34616	-30	-1
7669	533	35513	-30	-1
7670	533	34809	-31	-1
7671	533	34810	-31	-1
7672	534	25939	-31	-1
7673	534	25940	-31	-1
7674	534	27813	-30	-1
7675	534	25941	-31	-1
7676	534	27814	-30	-1
7677	534	28166	-31	-1
7678	534	25942	-31	-1
7679	534	25943	-31	-1
7680	534	27815	-30	-1
7681	534	27816	-30	-1
7682	534	27817	-30	-1
7683	534	27818	-30	-1
7684	535	25952	-31	-1
7685	535	27824	-30	-1
7686	535	27825	-30	-1
7687	535	27826	-30	-1
7688	535	25944	-31	-1
7689	535	25945	-31	-1
7690	535	25946	-31	-1
7691	535	25947	-31	-1
7692	535	27821	-30	-1
7693	535	27822	-30	-1
7694	535	25950	-31	-1
7695	535	27823	-30	-1
7696	536	31920	-30	-1
7697	536	31921	-30	-1
7698	536	31922	-30	-1
7699	536	31554	-30	-1
7700	536	31570	-30	-1
7701	536	31923	-30	-1
7702	536	31924	-30	-1
7703	536	31578	-30	-1
7704	536	31562	-30	-1
7705	536	31919	-30	-1
7706	537	27840	-30	-1
7707	537	25953	-31	-1
7708	537	27842	-30	-1
7709	537	25954	-31	-1
7710	537	27843	-30	-1
7711	537	25955	-31	-1
7712	537	27844	-30	-1
7713	537	25956	-31	-1
7714	537	25957	-31	-1
7715	537	30535	-30	-1
7716	537	29352	-30	-1
7717	537	25962	-31	-1
7718	537	28400	-30	-1
7719	537	32082	-30	-1
7720	537	27827	-30	-1
7721	537	27828	-30	-1
7722	537	27829	-30	-1
7723	537	27798	-30	-1
7724	537	27831	-30	-1
7725	537	29240	-30	-1
7726	537	27835	-30	-1
7727	537	27837	-30	-1
7728	538	28210	-30	-1
7729	538	28211	-30	-1
7730	538	28212	-30	-1
7731	538	28213	-30	-1
7732	538	28214	-30	-1
7733	538	28215	-30	-1
7734	538	27417	-31	-1
7735	538	27418	-31	-1
7736	538	27436	-31	-1
7737	538	27420	-31	-1
7738	538	27423	-31	-1
7739	539	27424	-31	-1
7740	539	27426	-31	-1
7741	539	27427	-31	-1
7742	539	27428	-31	-1
7743	539	27430	-31	-1
7744	539	28216	-30	-1
7745	539	28217	-30	-1
7746	539	28218	-30	-1
7747	539	28219	-30	-1
7748	539	28220	-30	-1
7749	539	28221	-30	-1
7750	540	27904	-30	-1
7751	540	28224	-30	-1
7752	540	28225	-30	-1
7753	540	28226	-30	-1
7754	540	29250	-30	-1
7755	540	28227	-30	-1
7756	540	30534	-30	-1
7757	540	27911	-30	-1
7758	540	27431	-31	-1
7759	540	27432	-31	-1
7760	540	30536	-30	-1
7761	540	28233	-30	-1
7762	540	27433	-31	-1
7763	540	27434	-31	-1
7764	540	27440	-31	-1
7765	540	28401	-30	-1
7766	540	28344	-30	-1
7767	540	28222	-30	-1
7768	540	29246	-30	-1
7769	540	28191	-30	-1
7770	540	28223	-30	-1
7771	541	27914	-1	-1
7772	541	27915	-1	-1
7773	541	27916	-1	-1
7774	541	27917	-1	-1
7775	541	27918	-1	-1
7776	541	27919	-1	-1
7777	542	32769	-2	-1
7778	542	32778	-2	-1
7779	542	32779	-2	-1
7780	542	32780	-2	-1
7781	542	32781	-2	-1
7782	543	27776	-1	-1
7783	543	27936	-1	-1
7784	543	27985	-1	-1
7785	543	29249	-2	-1
7786	543	27986	-1	-1
7787	543	27875	-1	-1
7788	543	27925	-1	-1
7789	543	32073	-2	-1
7790	543	27946	-1	-1
7791	543	29355	-2	-1
7792	543	29259	-2	-1
7793	543	27980	-1	-1
7794	543	27948	-1	-1
7795	543	27981	-1	-1
7796	543	27838	-1	-1
7797	544	27888	-1	-1
7798	544	27889	-1	-1
7799	544	27884	-1	-1
7800	544	27885	-1	-1
7801	544	27886	-1	-1
7802	544	27887	-1	-1
7803	545	27890	-1	-1
7804	545	27891	-1	-1
7805	545	27892	-1	-1
7806	545	27468	-1	-1
7807	545	27893	-1	-1
7808	545	28134	-1	-1
7809	546	27897	-1	-1
7810	546	27898	-1	-1
7811	546	27900	-1	-1
7812	546	27901	-1	-1
7813	546	27775	-1	-1
7814	547	27905	-1	-1
7815	547	27778	-1	-1
7816	547	27908	-1	-1
7817	547	30532	-1	-1
7818	547	27909	-1	-1
7819	547	27910	-1	-1
7820	547	28230	-1	-1
7821	547	28232	-1	-1
7822	547	27912	-1	-1
7823	547	27913	-1	-1
7824	547	29353	-1	-1
7825	547	27803	-1	-1
7826	547	29261	-1	-1
7827	547	29357	-1	-1
7828	547	27902	-1	-1
7829	547	27903	-1	-1
7830	548	28384	-1	-1
7831	548	28372	-1	-1
7832	548	28373	-1	-1
7833	548	28374	-1	-1
7834	548	28375	-1	-1
7835	549	28392	-1	-1
7836	549	28386	-1	-1
7837	549	28387	-1	-1
7838	549	28390	-1	-1
7839	549	28391	-1	-1
7840	550	28393	-1	-1
7841	550	28394	-1	-1
7842	550	28396	-1	-1
7843	550	28397	-1	-1
7844	550	28398	-1	-1
7845	551	28416	-1	-1
7846	551	29360	-2	-1
7847	551	29248	-2	-1
7848	551	28418	-1	-1
7849	551	28419	-1	-1
7850	551	28403	-1	-1
7851	551	29252	-2	-1
7852	551	28406	-1	-1
7853	551	28407	-1	-1
7854	551	28231	-1	-1
7855	551	29241	-2	-1
7856	551	28412	-1	-1
7857	551	28413	-1	-1
7858	551	28205	-1	-1
7859	551	28414	-1	-1
7860	551	28415	-1	-1
7861	552	27993	-1	-1
7862	552	27994	-1	-1
7863	552	27995	-1	-1
7864	552	27987	-1	-1
7865	552	27996	-1	-1
7866	552	27988	-1	-1
7867	553	28184	-1	-1
7868	553	28185	-1	-1
7869	553	28033	-1	-1
7870	553	28186	-1	-1
7871	553	28034	-1	-1
7872	553	28187	-1	-1
7873	554	28192	-1	-1
7874	554	27873	-1	-1
7875	554	28193	-1	-1
7876	554	28194	-1	-1
7877	554	30531	-30	-1
7878	554	27509	-1	-1
7879	554	29253	-30	-1
7880	554	27977	-1	-1
7881	554	28188	-1	-1
7882	554	29356	-30	-1
7883	554	28189	-1	-1
7884	554	28206	-1	-1
7885	554	28190	-1	-1
7886	554	27839	-1	-1
7887	554	28207	-1	-1
7888	554	29247	-30	-1
7889	555	27488	-2	-1
7890	555	24384	-31	-1
7891	555	24385	-31	-1
7892	555	24386	-31	-1
7893	555	24387	-31	-1
7894	555	24388	-31	-1
7895	555	27483	-2	-1
7896	555	27484	-2	-1
7897	555	27485	-2	-1
7898	555	27487	-2	-1
7899	556	27489	-2	-1
7900	556	27490	-2	-1
7901	556	27491	-2	-1
7902	556	27492	-2	-1
7903	556	24389	-1	-1
7904	556	24390	-1	-1
7905	556	24391	-1	-1
7906	556	27848	-2	-1
7907	556	24392	-1	-1
7908	556	24393	-1	-1
7909	557	27522	-30	-1
7910	557	29347	-30	-1
7911	557	27494	-30	-1
7912	557	27495	-30	-1
7913	557	28264	-30	-1
7914	557	27497	-30	-1
7915	557	24394	-31	-1
7916	557	24395	-31	-1
7917	557	27788	-30	-1
7918	557	24396	-31	-1
7919	557	24397	-31	-1
7920	557	24398	-31	-1
7921	557	32080	-30	-1
7922	557	27505	-30	-1
7923	557	27506	-30	-1
7924	557	27507	-30	-1
7925	557	29239	-30	-1
7926	557	27512	-30	-1
7927	557	28121	-30	-1
7928	557	27514	-30	-1
7929	557	29245	-30	-1
7930	558	28296	-1	-1
7931	558	28304	-1	-1
7932	558	28306	-1	-1
7933	558	28301	-1	-1
7934	558	28311	-1	-1
7935	559	28321	-1	-1
7936	559	28315	-1	-1
7937	559	28316	-1	-1
7938	559	28317	-1	-1
7939	559	28318	-1	-1
7940	560	28322	-1	-1
7941	560	28323	-1	-1
7942	560	28324	-1	-1
7943	560	28325	-1	-1
7944	560	28327	-1	-1
7945	561	28328	-1	-1
7946	561	28338	-1	-1
7947	561	28339	-1	-1
7948	561	27739	-1	-1
7949	561	28340	-1	-1
7950	562	28228	-1	-1
7951	562	28229	-1	-1
7952	562	32072	-2	-1
7953	562	29258	-2	-1
7954	562	29262	-2	-1
7955	562	29359	-2	-1
7956	562	28367	-1	-1
7957	562	28370	-1	-1
7958	562	28371	-1	-1
7959	562	28341	-1	-1
7960	562	28342	-1	-1
7961	562	28343	-1	-1
7962	562	28345	-1	-1
7963	562	28347	-1	-1
7964	562	28348	-1	-1
7965	562	28349	-1	-1
7966	562	28350	-1	-1
7967	563	28256	-1	-1
7968	563	28257	-1	-1
7969	563	28253	-1	-1
7970	563	28254	-1	-1
7971	563	28255	-1	-1
7972	564	28258	-1	-1
7973	564	28259	-1	-1
7974	564	28260	-1	-1
7975	564	28262	-1	-1
7976	564	28263	-1	-1
7977	565	28288	-1	-1
7978	565	29362	-2	-1
7979	565	28275	-1	-1
7980	565	29251	-2	-1
7981	565	30533	-2	-1
7982	565	28278	-1	-1
7983	565	28265	-1	-1
7984	565	28266	-1	-1
7985	565	28202	-1	-1
7986	565	27899	-1	-1
7987	565	28267	-1	-1
7988	565	28204	-1	-1
7989	565	32076	-2	-1
7990	565	28269	-1	-1
7991	565	28285	-1	-1
7992	565	28286	-1	-1
7993	566	27520	-1	-1
7994	566	27521	-1	-1
7995	566	27517	-1	-1
7996	566	27518	-1	-1
7997	566	27519	-1	-1
8003	568	27802	-1	-1
8004	568	27868	-1	-1
8005	568	27524	-1	-1
8006	568	27525	-1	-1
8007	568	27526	-1	-1
8008	569	27536	-1	-1
8009	569	27537	-1	-1
8010	569	27474	-1	-1
8011	569	27538	-1	-1
8012	569	27540	-1	-1
8013	569	29348	-2	-1
8014	569	29254	-2	-1
8015	569	27527	-1	-1
8016	569	29255	-2	-1
8017	569	27528	-1	-1
8018	569	27529	-1	-1
8019	569	27531	-1	-1
8020	569	27533	-1	-1
8021	569	27534	-1	-1
8022	569	27535	-1	-1
8023	569	29263	-2	-1
8024	570	24356	-31	-1
8025	570	27541	-2	-1
8026	570	24357	-31	-1
8027	570	27542	-2	-1
8028	570	27543	-2	-1
8029	570	24359	-31	-1
8030	570	24360	-31	-1
8031	570	27544	-2	-1
8032	570	27545	-2	-1
8033	570	24361	-31	-1
8034	570	27546	-2	-1
8035	571	24376	-31	-1
8036	571	24378	-31	-1
8037	571	27547	-2	-1
8038	571	24379	-31	-1
8039	571	24380	-31	-1
8040	571	27548	-2	-1
8041	571	28124	-2	-1
8042	571	27549	-2	-1
8043	571	24381	-31	-1
8044	571	27550	-2	-1
8045	571	27551	-2	-1
8046	572	27712	-2	-1
8047	572	27713	-2	-1
8048	572	27714	-2	-1
8049	572	27683	-2	-1
8050	572	29349	-2	-1
8051	572	24362	-31	-1
8052	572	30538	-2	-1
8053	572	24363	-31	-1
8054	572	24364	-31	-1
8055	572	24365	-31	-1
8056	572	24366	-31	-1
8057	572	32078	-2	-1
8058	572	28337	-2	-1
8059	572	27796	-2	-1
8060	572	27800	-2	-1
8061	572	27672	-2	-1
8062	572	27673	-2	-1
8063	572	29242	-2	-1
8064	572	27740	-2	-1
8065	572	27741	-2	-1
8066	572	27742	-2	-1
8067	573	27784	-1	-1
8068	573	27787	-1	-1
8069	573	27508	-1	-1
8070	573	27789	-1	-1
8071	573	27783	-1	-1
8072	574	27792	-1	-1
8073	574	27793	-1	-1
8074	574	27794	-1	-1
8075	574	27790	-1	-1
8076	574	27791	-1	-1
8077	575	27874	-1	-1
8078	575	27795	-1	-1
8079	575	27475	-1	-1
8080	575	27510	-1	-1
8081	575	27799	-1	-1
8082	575	29351	-2	-1
8083	575	29463	-2	-1
8084	575	27801	-1	-1
8085	575	27737	-1	-1
8086	575	27738	-1	-1
8087	575	28203	-1	-1
8088	575	29243	-2	-1
8089	575	27804	-1	-1
8090	575	27805	-1	-1
8091	575	27806	-1	-1
8092	575	30543	-2	-1
8093	576	27744	-2	-1
8094	576	27745	-2	-1
8095	576	27746	-2	-1
8096	576	24450	-31	-1
8097	576	27747	-2	-1
8098	576	24451	-31	-1
8099	576	24452	-31	-1
8100	576	27748	-2	-1
8101	576	24413	-31	-1
8102	576	27743	-2	-1
8103	576	27631	-31	-1
8104	577	27760	-2	-1
8105	577	27761	-2	-1
8106	577	24458	-31	-1
8107	577	27755	-2	-1
8108	577	24459	-31	-1
8109	577	24460	-31	-1
8110	577	27757	-2	-1
8111	577	24461	-31	-1
8112	577	27758	-2	-1
8113	577	24462	-31	-1
8114	577	27759	-2	-1
8115	578	27762	-2	-1
8116	578	27763	-2	-1
8117	578	27764	-2	-1
8118	578	24453	-31	-1
8119	578	27765	-2	-1
8120	578	27766	-2	-1
8121	578	24454	-31	-1
8122	578	24455	-31	-1
8123	578	27767	-2	-1
8124	578	24456	-31	-1
8125	578	24457	-31	-1
8126	579	24481	-31	-1
8127	579	27938	-2	-1
8128	579	27907	-2	-1
8129	579	27779	-2	-1
8130	579	27780	-2	-1
8131	579	27781	-2	-1
8132	579	29350	-2	-1
8133	579	30541	-2	-1
8134	579	24463	-31	-1
8135	579	24464	-31	-1
8136	579	24465	-31	-1
8137	579	32081	-2	-1
8138	579	29265	-2	-1
8139	579	24466	-31	-1
8140	579	27896	-2	-1
8141	579	27768	-2	-1
8142	579	27769	-2	-1
8143	579	27770	-2	-1
8144	579	27771	-2	-1
8145	579	27772	-2	-1
8146	579	27773	-2	-1
8147	580	35608	-31	-1
8148	580	37592	-2	-1
8149	580	37593	-2	-1
8150	580	37594	-2	-1
8151	580	35606	-31	-1
8152	580	35607	-31	-1
8153	580	37591	-2	-1
8154	581	35609	-31	-1
8155	581	35610	-31	-1
8156	581	35611	-31	-1
8157	581	37595	-2	-1
8158	581	37612	-2	-1
8159	581	37613	-2	-1
8160	581	37614	-2	-1
8161	582	43280	-2	-1
8162	582	43281	-2	-1
8163	582	43282	-2	-1
8164	582	43283	-2	-1
8165	582	43277	-31	-1
8166	582	43278	-31	-1
8167	582	43279	-31	-1
8168	583	43284	-2	-1
8169	583	43285	-2	-1
8170	583	43286	-2	-1
8171	583	43287	-2	-1
8172	585	35656	-31	-1
8173	585	37216	-2	-1
8174	585	35657	-31	-1
8175	585	37217	-2	-1
8176	585	37218	-2	-1
8177	585	37219	-2	-1
8178	585	35655	-31	-1
8179	586	35658	-31	-1
8180	586	35659	-31	-1
8181	586	35660	-31	-1
8182	586	37220	-2	-1
8183	586	37221	-2	-1
8184	586	37222	-2	-1
8185	586	37230	-2	-1
8186	588	37712	-2	-1
8187	588	35618	-31	-1
8188	588	37714	-2	-1
8189	588	35619	-31	-1
8190	588	37715	-2	-1
8191	588	35620	-31	-1
8192	588	37717	-2	-1
8193	589	35632	-31	-1
8194	589	37721	-2	-1
8195	589	37722	-2	-1
8196	589	40490	-2	-1
8197	589	35630	-31	-1
8198	589	37718	-2	-1
8199	589	35631	-31	-1
8200	590	35633	-31	-1
8201	590	35634	-31	-1
8202	590	35635	-31	-1
8203	590	37723	-2	-1
8204	590	37724	-2	-1
8205	590	37725	-2	-1
8206	590	37726	-2	-1
8207	591	37732	-2	-1
8208	591	35636	-31	-1
8209	591	37733	-2	-1
8210	591	35637	-31	-1
8211	591	37734	-2	-1
8212	591	35638	-31	-1
8213	591	37798	-2	-1
8214	591	37735	-2	-1
8215	591	37784	-2	-1
8216	591	37788	-2	-1
8217	591	37791	-2	-1
8218	592	35584	-31	-1
8219	592	35585	-31	-1
8220	592	37626	-2	-1
8221	592	37627	-2	-1
8222	592	37628	-2	-1
8223	592	37629	-2	-1
8224	592	35583	-31	-1
8225	593	35592	-31	-1
8226	593	37634	-2	-1
8227	593	37635	-2	-1
8228	593	37636	-2	-1
8229	593	37637	-2	-1
8230	593	35590	-31	-1
8231	593	35591	-31	-1
8232	594	37632	-2	-1
8233	594	37633	-2	-1
8234	594	35587	-31	-1
8235	594	35588	-31	-1
8236	594	35589	-31	-1
8237	594	37630	-2	-1
8238	594	37631	-2	-1
8239	595	43312	-2	-1
8240	595	43313	-2	-1
8241	595	43310	-2	-1
8242	595	43311	-2	-1
8243	596	37638	-2	-1
8244	596	37639	-2	-1
8245	596	37640	-2	-1
8246	596	37641	-2	-1
8247	596	43305	-31	-1
8248	596	37642	-2	-1
8249	596	43306	-31	-1
8250	596	37643	-2	-1
8251	596	37644	-2	-1
8252	596	43309	-31	-1
8253	596	37645	-2	-1
8254	597	37825	-2	-1
8255	597	37818	-2	-1
8256	597	37826	-2	-1
8257	597	36979	-31	-1
8258	597	36980	-31	-1
8259	597	36981	-31	-1
8260	597	36982	-31	-1
8261	597	37814	-2	-1
8262	598	36984	-31	-1
8263	598	37840	-2	-1
8264	598	36985	-31	-1
8265	598	37841	-2	-1
8266	598	36986	-31	-1
8267	598	37842	-2	-1
8268	598	37843	-2	-1
8269	598	36983	-31	-1
8270	599	39536	-31	-1
8271	599	39657	-31	-1
8272	599	37844	-2	-1
8273	599	37845	-2	-1
8274	599	39534	-31	-1
8275	599	37846	-2	-1
8276	599	39535	-31	-1
8277	599	37847	-2	-1
8278	600	36992	-31	-1
8279	600	36993	-31	-1
8280	600	36994	-31	-1
8281	600	36995	-31	-1
8282	600	36996	-31	-1
8283	600	37848	-2	-1
8284	600	37849	-2	-1
8285	600	37850	-2	-1
8286	600	37851	-2	-1
8287	600	36988	-31	-1
8288	600	37852	-2	-1
8289	600	36989	-31	-1
8290	600	37853	-2	-1
8291	600	37854	-2	-1
8292	600	36991	-31	-1
8293	600	37855	-2	-1
8294	601	50290	-2	-1
8295	601	50291	-2	-1
8296	601	49827	-31	-1
8297	601	50292	-2	-1
8298	601	49828	-31	-1
8299	601	49829	-31	-1
8300	601	50293	-2	-1
8301	601	49830	-31	-1
8302	601	50294	-2	-1
8303	601	49831	-31	-1
8304	601	50295	-2	-1
8305	601	49832	-31	-1
8306	602	50260	-2	-1
8307	602	50296	-2	-1
8308	602	50297	-2	-1
8309	602	49833	-31	-1
8310	602	49834	-31	-1
8311	602	50298	-2	-1
8312	602	49835	-31	-1
8313	602	50299	-2	-1
8314	602	49836	-31	-1
8315	602	50300	-2	-1
8316	602	49837	-31	-1
8317	602	49838	-31	-1
8318	603	50304	-2	-1
8319	603	50305	-2	-1
8320	603	50306	-2	-1
8321	603	50308	-2	-1
8322	603	50309	-2	-1
8323	603	50310	-2	-1
8324	603	50311	-2	-1
8325	603	50312	-2	-1
8326	603	50313	-2	-1
8327	603	50314	-2	-1
8328	603	49839	-31	-1
8329	603	49840	-31	-1
8330	603	49841	-31	-1
8331	603	49842	-31	-1
8332	603	49843	-31	-1
8333	603	49844	-31	-1
8334	603	49845	-31	-1
8335	603	49846	-31	-1
8336	603	49847	-31	-1
8337	603	49848	-31	-1
8338	603	49849	-31	-1
8339	603	49851	-31	-1
8340	603	50302	-2	-1
8341	603	50303	-2	-1
8342	604	35672	-31	-1
8343	604	35673	-31	-1
8344	604	37649	-2	-1
8345	604	37650	-2	-1
8346	604	37651	-2	-1
8347	604	37652	-2	-1
8348	604	35670	-31	-1
8349	605	38616	-2	-1
8350	605	38617	-2	-1
8351	605	38618	-2	-1
8352	605	38611	-31	-1
8353	605	38613	-31	-1
8354	605	38614	-31	-1
8355	605	38615	-2	-1
8356	606	37656	-2	-1
8357	606	35675	-31	-1
8358	606	35676	-31	-1
8359	606	37653	-2	-1
8360	606	35677	-31	-1
8361	606	37654	-2	-1
8362	606	37655	-2	-1
8363	607	35680	-31	-1
8364	607	37666	-2	-1
8365	607	37667	-2	-1
8366	607	37668	-2	-1
8367	607	37669	-2	-1
8368	607	37670	-2	-1
8369	607	37657	-2	-1
8370	607	37658	-2	-1
8371	607	37660	-2	-1
8372	607	35678	-31	-1
8373	607	35679	-31	-1
8374	608	50227	-2	-1
8375	608	50228	-2	-1
8376	608	50229	-2	-1
8377	608	50230	-2	-1
8378	608	49801	-31	-1
8379	608	50233	-2	-1
8380	608	49802	-31	-1
8381	608	50234	-2	-1
8382	608	49803	-31	-1
8383	608	49804	-31	-1
8384	608	49805	-31	-1
8385	608	49806	-31	-1
8386	609	49808	-31	-1
8387	609	49809	-31	-1
8388	609	49810	-31	-1
8389	609	49811	-31	-1
8390	609	49812	-31	-1
8391	609	50262	-2	-1
8392	609	50263	-2	-1
8393	609	50264	-2	-1
8394	609	50265	-2	-1
8395	609	50266	-2	-1
8396	609	50235	-2	-1
8397	609	49807	-31	-1
8398	610	49824	-31	-1
8399	610	50272	-2	-1
8400	610	49825	-31	-1
8401	610	50273	-2	-1
8402	610	49826	-31	-1
8403	610	50283	-2	-1
8404	610	50284	-2	-1
8405	610	50285	-2	-1
8406	610	50286	-2	-1
8407	610	50259	-2	-1
8408	610	49813	-31	-1
8409	610	49816	-31	-1
8410	610	49817	-31	-1
8411	610	49818	-31	-1
8412	610	50267	-2	-1
8413	610	49819	-31	-1
8414	610	50268	-2	-1
8415	610	49820	-31	-1
8416	610	50269	-2	-1
8417	610	49821	-31	-1
8418	610	50270	-2	-1
8419	610	49822	-31	-1
8420	610	50271	-2	-1
8421	610	49823	-31	-1
8422	611	37680	-2	-1
8423	611	37081	-31	-1
8424	611	37082	-31	-1
8425	611	37083	-31	-1
8426	611	37675	-2	-1
8427	611	37678	-2	-1
8428	611	37079	-31	-1
8429	611	37679	-2	-1
8430	612	37088	-31	-1
8431	612	37681	-2	-1
8432	612	37682	-2	-1
8433	612	37683	-2	-1
8434	612	37084	-31	-1
8435	612	37684	-2	-1
8436	612	37086	-31	-1
8437	612	37095	-31	-1
8438	613	37096	-31	-1
8439	613	37105	-31	-1
8440	613	37106	-31	-1
8441	613	37099	-31	-1
8442	613	37688	-2	-1
8443	613	37685	-2	-1
8444	613	37686	-2	-1
8445	613	37687	-2	-1
8446	614	37696	-2	-1
8447	614	43085	-2	-1
8448	614	37107	-31	-1
8449	614	37108	-31	-1
8450	614	37109	-31	-1
8451	614	37110	-31	-1
8452	614	37111	-31	-1
8453	614	37112	-31	-1
8454	614	37689	-2	-1
8455	614	37113	-31	-1
8456	614	37690	-2	-1
8457	614	37114	-31	-1
8458	614	37691	-2	-1
8459	614	37692	-2	-1
8460	614	37693	-2	-1
8461	614	37694	-2	-1
8462	614	37695	-2	-1
8463	615	50193	-2	-1
8464	615	50194	-2	-1
8465	615	50196	-2	-1
8466	615	50197	-2	-1
8467	615	49783	-31	-1
8468	615	49784	-31	-1
8469	615	50169	-2	-1
8470	615	49785	-31	-1
8471	615	49786	-31	-1
8472	615	49787	-31	-1
8473	615	49788	-31	-1
8474	615	50316	-1	-1
8475	615	50317	-1	-1
8476	615	50191	-2	-1
8477	616	50208	-2	-1
8478	616	49792	-31	-1
8479	616	49793	-31	-1
8480	616	50209	-2	-1
8481	616	49794	-31	-1
8482	616	50210	-2	-1
8483	616	49795	-31	-1
8484	616	50211	-2	-1
8485	616	49796	-31	-1
8486	616	50212	-2	-1
8487	616	49797	-31	-1
8488	616	50213	-2	-1
8489	616	49798	-31	-1
8490	616	50214	-2	-1
8491	616	49799	-31	-1
8492	616	50215	-2	-1
8493	616	49800	-31	-1
8494	616	50198	-2	-1
8495	616	50203	-2	-1
8496	616	49789	-31	-1
8497	616	50206	-2	-1
8498	616	49790	-31	-1
8499	616	50207	-2	-1
8500	616	49791	-31	-1
8501	617	37728	-2	-1
8502	617	37729	-2	-1
8503	617	37730	-2	-1
8504	617	37731	-2	-1
8505	618	35617	-31	-1
8506	618	37138	-2	-1
8507	618	37139	-2	-1
8508	618	35604	-31	-1
8509	618	35605	-31	-1
8510	618	37134	-2	-1
8511	618	37135	-2	-1
8512	619	35600	-31	-1
8513	619	37144	-2	-1
8514	619	37149	-2	-1
8515	619	37141	-2	-1
8516	619	35598	-31	-1
8517	619	37150	-2	-1
8518	619	35599	-31	-1
8519	620	37152	-2	-1
8520	620	35601	-31	-1
8521	620	37153	-2	-1
8522	620	35602	-31	-1
8523	620	35603	-31	-1
8524	620	37155	-2	-1
8525	620	37151	-2	-1
8526	621	37169	-2	-1
8527	621	37170	-2	-1
8528	621	37171	-2	-1
8529	621	37172	-2	-1
8530	621	37162	-2	-1
8531	621	35595	-31	-1
8532	621	35596	-31	-1
8533	621	37165	-2	-1
8534	621	35597	-31	-1
8535	621	37166	-2	-1
8536	621	37167	-2	-1
8537	622	36944	-31	-1
8538	622	37256	-2	-1
8539	622	36945	-31	-1
8540	622	37257	-2	-1
8541	622	36946	-31	-1
8542	622	37258	-2	-1
8543	622	36943	-31	-1
8544	622	37255	-2	-1
8545	623	36947	-31	-1
8546	623	36948	-31	-1
8547	623	37260	-2	-1
8548	623	36949	-31	-1
8549	623	37261	-2	-1
8550	623	36950	-31	-1
8551	623	37262	-2	-1
8552	623	37263	-2	-1
8553	624	36952	-31	-1
8554	624	37264	-2	-1
8555	624	37288	-2	-1
8556	624	36953	-31	-1
8557	624	37289	-2	-1
8558	624	36954	-31	-1
8559	624	37195	-2	-1
8560	624	36951	-31	-1
8561	625	37360	-2	-1
8562	625	37361	-2	-1
8563	625	36961	-31	-1
8564	625	36962	-31	-1
8565	625	37362	-2	-1
8566	625	37363	-2	-1
8567	625	36969	-31	-1
8568	625	37291	-2	-1
8569	625	36971	-31	-1
8570	625	37292	-2	-1
8571	625	36972	-31	-1
8572	625	37293	-2	-1
8573	625	36973	-31	-1
8574	625	37294	-2	-1
8575	625	36974	-31	-1
8576	625	36975	-31	-1
8577	626	43363	-31	-1
8578	626	43405	-2	-1
8579	626	43406	-2	-1
8580	626	43375	-31	-1
8581	626	43407	-2	-1
8582	627	43408	-2	-1
8583	627	43409	-2	-1
8584	627	43410	-2	-1
8585	627	43387	-31	-1
8586	627	43382	-31	-1
8587	628	43401	-2	-1
8588	628	35643	-31	-1
8589	628	37869	-2	-1
8590	628	37862	-2	-1
8591	628	35647	-31	-1
8592	629	35642	-31	-1
8593	629	37867	-2	-1
8594	629	35644	-31	-1
8595	629	37868	-2	-1
8596	629	37861	-2	-1
8597	630	37872	-2	-1
8598	630	35645	-31	-1
8599	630	35646	-31	-1
8600	630	37870	-2	-1
8601	630	37871	-2	-1
8602	631	43353	-31	-1
8603	631	43402	-2	-1
8604	631	43403	-2	-1
8605	631	43404	-2	-1
8606	631	43358	-31	-1
8607	632	37873	-2	-1
8608	632	35649	-31	-1
8609	632	37874	-2	-1
8610	632	35650	-31	-1
8611	632	37875	-2	-1
8612	632	35651	-31	-1
8613	632	37876	-2	-1
8614	632	37883	-2	-1
8615	632	37884	-2	-1
8616	632	43500	-2	-1
8617	632	37886	-2	-1
8618	633	47248	-2	-1
8619	633	47249	-2	-1
8620	633	47170	-31	-1
8621	633	47250	-2	-1
8622	633	47171	-31	-1
8623	633	47172	-31	-1
8624	633	47173	-31	-1
8625	633	47493	-2	-1
8626	633	47174	-31	-1
8627	633	47175	-31	-1
8628	633	47243	-2	-1
8629	633	47244	-2	-1
8630	634	47248	-2	-1
8631	634	47249	-2	-1
8632	634	47250	-2	-1
8633	634	47170	-31	-1
8634	634	47171	-31	-1
8635	634	47172	-31	-1
8636	634	47493	-2	-1
8637	634	47173	-31	-1
8638	634	47174	-31	-1
8639	634	47175	-31	-1
8640	634	47243	-2	-1
8641	634	47244	-2	-1
8678	635	47200	-31	-1
8679	635	47201	-31	-1
8680	635	47202	-31	-1
8681	635	47494	-2	-1
8682	635	47495	-2	-1
8683	635	47496	-2	-1
8684	635	47176	-31	-1
8685	635	47497	-2	-1
8686	635	47177	-31	-1
8687	635	47498	-2	-1
8688	635	47210	-31	-1
8689	635	47178	-31	-1
8690	635	47500	-2	-1
8691	635	47213	-31	-1
8692	635	47181	-31	-1
8693	635	47501	-2	-1
8694	635	47502	-2	-1
8695	635	47503	-2	-1
8696	635	47504	-2	-1
8697	635	47185	-31	-1
8698	635	47508	-2	-1
8699	635	47509	-2	-1
8700	635	47197	-31	-1
8701	635	47199	-31	-1
8654	636	47522	-2	-1
8655	636	47494	-2	-1
8656	636	47495	-2	-1
8657	636	47496	-2	-1
8658	636	47176	-31	-1
8659	636	47497	-2	-1
8660	636	47177	-31	-1
8661	636	47498	-2	-1
8662	636	47178	-31	-1
8663	636	47211	-31	-1
8664	636	47212	-31	-1
8665	636	47500	-2	-1
8666	636	47181	-31	-1
8667	636	47213	-31	-1
8668	636	47245	-2	-1
8669	636	47214	-31	-1
8670	636	47185	-31	-1
8671	636	47217	-31	-1
8672	636	47218	-31	-1
8673	636	47219	-31	-1
8674	636	47510	-2	-1
8675	636	47511	-2	-1
8676	636	47512	-2	-1
8677	636	47514	-2	-1
8702	637	47232	-31	-1
8703	637	47527	-2	-1
8704	637	47560	-2	-1
8705	637	47529	-2	-1
8706	637	47561	-2	-1
8707	637	47562	-2	-1
8708	637	47563	-2	-1
8709	637	47564	-2	-1
8710	637	47565	-2	-1
8711	637	47566	-2	-1
8712	637	47215	-31	-1
8713	637	47567	-2	-1
8714	637	47216	-31	-1
8715	637	47568	-2	-1
8716	637	47569	-2	-1
8717	637	49682	-2	-1
8718	637	47220	-31	-1
8719	637	47221	-31	-1
8720	637	47222	-31	-1
8721	637	47226	-31	-1
8722	637	47227	-31	-1
8723	637	47228	-31	-1
8724	637	47229	-31	-1
8725	637	47230	-31	-1
8726	637	47231	-31	-1
8727	638	37177	-2	-1
8728	638	35570	-31	-1
8729	638	37178	-2	-1
8730	638	35571	-31	-1
8731	638	37179	-2	-1
8732	638	35572	-31	-1
8733	638	37180	-2	-1
8734	639	37184	-2	-1
8735	639	35573	-31	-1
8736	639	37181	-2	-1
8737	639	35574	-31	-1
8738	639	37182	-2	-1
8739	639	35575	-31	-1
8740	639	37183	-2	-1
8741	640	37186	-2	-1
8742	640	37188	-2	-1
8743	640	37189	-2	-1
8744	640	37190	-2	-1
8745	640	37191	-2	-1
8746	640	37192	-2	-1
8747	640	35576	-31	-1
8748	640	35577	-31	-1
8749	640	37193	-2	-1
8750	640	35578	-31	-1
8751	640	37194	-2	-1
8752	641	37040	-31	-1
8753	641	37368	-2	-1
8754	641	37369	-2	-1
8755	641	37370	-2	-1
8756	641	37043	-31	-1
8757	641	37037	-31	-1
8758	641	37038	-31	-1
8759	641	37367	-2	-1
8760	642	37048	-31	-1
8761	642	37376	-2	-1
8762	642	37050	-31	-1
8763	642	37051	-31	-1
8764	642	37371	-2	-1
8765	642	37052	-31	-1
8766	642	37373	-2	-1
8767	642	37374	-2	-1
8768	643	37056	-31	-1
8769	643	37384	-2	-1
8770	643	37057	-31	-1
8771	643	37377	-2	-1
8772	643	37379	-2	-1
8773	643	37053	-31	-1
8774	643	37389	-2	-1
8775	643	37055	-31	-1
8776	644	37408	-2	-1
8777	644	37409	-2	-1
8778	644	37058	-31	-1
8779	644	37395	-2	-1
8780	644	37060	-31	-1
8781	644	37397	-2	-1
8782	644	37061	-31	-1
8783	644	37062	-31	-1
8784	644	37398	-2	-1
8785	644	37064	-31	-1
8786	644	37065	-31	-1
8787	644	37401	-2	-1
8788	644	37066	-31	-1
8789	644	37067	-31	-1
8790	644	37390	-2	-1
8791	644	37407	-2	-1
9027	679	59233	3	-1
9028	679	59234	3	-1
9029	679	65028	12	-1
9030	679	65064	12	-1
9031	679	65065	12	-1
9032	679	65067	12	-1
9033	679	65068	12	-1
9034	679	65069	12	-1
9035	679	65070	12	-1
9036	679	59310	3	-1
9037	679	59311	3	-1
9038	679	65071	12	-1
9039	679	65072	12	-1
9040	679	59313	3	-1
9041	679	65073	12	-1
9042	679	59314	3	-1
9043	679	65075	12	-1
9044	679	59221	3	-1
9045	679	59223	3	-1
9046	679	59224	3	-1
9047	679	59225	3	-1
9048	679	59355	3	-1
9049	679	59451	3	-1
9050	679	65021	12	-1
