field0	field1	field2	field3	field4	field5	field6	field7	field8	field9	field10	field11	field12	field13	field14
1	0	0	0	0	0	0	12	13	10	13	4	0	0	0
2	0	612096	0	998400.1	19200	25861	14	15	494	15	4	0	0	0
3	0	714810.1	0	987301	13924	19298	16	15	496	15	4	0	0	0
4	0	557760	0	966720.2	23040	28800	17	18	497	18	4	0	0	0
5	0	685440	-177	989760.1	11167	16362	19	20	463	20	4	0	0	0
6	0	725045	0	1021195	13922	20298	21	22	454	22	4	0	0	0
7	0	653065.1	0	897438.1	23773	29291	23	24	456	24	4	0	0	0
8	0	561600	0	1002240	25920	31680	17	25	497	25	4	0	0	0
9	0	614400	0	1094400	63744	72192	26	27	409	27	4	0	0	0
12	0	724087	8.410.365	670289.3	1.271.618	2.161.166	30	31	10	31	4	0	0	0
13	0	640816.1	16737.6	618216	896.212	896.212	32	33	10	33	4	0	0	0
14	0	759016.8	8.180.854	987938.6	26782	30720	16	15	496	15	4	0	0	0
15	0	652489.7	9.020.949	999862.1	24000	31658	14	15	494	15	4	0	0	0
16	0	666312.5	15687.89	800207.8	35975.21	43712.83	34	35	406	35	2	0	0	0
17	0	687233.1	2345	1011162	11068	14613	19	20	463	20	4	0	0	0
18	0	664320	0	982080	6720	7680	14	15	494	15	4	0	0	0
19	0	702610.1	0	1047894	16217.53	19057	916	37	36	37	4	0	0	0
20	0	706944.1	0	901632.1	25344	29952	23	24	456	24	4	0	0	0
21	0	748800	11618.3	856704.1	1055.09	1112.65	28	24	493	24	4	0	0	0
22	0	613629	8480	804810.1	26524	31670	34	35	406	35	2	0	0	0
23	0	597504	6912	841728	19200	20736	34	35	406	35	2	0	0	0
24	0	622848.1	5376	823296.1	20736	24576	34	35	406	35	2	0	0	0
26	0	737280	15536.4	807168.1	744.444	744.444	38	39	470	39	4	0	0	0
27	0	612864	0	516864	35446	51722	40	39	407	39	4	0	0	0
28	0	564790	13697.8	604416.1	537.327	537.327	41	42	472	42	4	0	0	0
29	0	561408.1	0	537600	18808	30171	40	43	407	43	4	0	0	0
30	0	721019.1	0	547667.1	14890	22843	44	45	457	45	4	0	0	0
31	0	677061.3	12393.16	550352.3	5.015.015	5.015.015	46	45	473	45	4	0	0	0
33	0	704256	0	527616	12209	16542	48	45	457	45	4	0	0	0
34	0	680017	767	579840	2035	3331	49	45	473	45	4	0	0	0
36	0	708480	0	610560	18024	31347	51	45	10	45	4	0	0	0
37	0	753792	0	604800	23902	40359	51	52	10	52	4	0	0	0
38	0	758650	0	584634	8612	11755	53	24	10	24	4	0	0	0
39	0	596846.1	0	1131107	5486	8229	26	27	409	27	4	0	0	0
40	0	601065	1663	986093	1279	2743	54	27	494	27	4	0	0	0
41	0	630428	0	990672	4702	9012	55	27	469	27	4	0	0	0
42	0	769336.1	0	520883	46080	59513	56	37	444	37	4	0	0	0
43	0	749492	5148	525102	6962	10136	57	37	457	37	4	0	0	0
44	0	631954	0	593793	9404	17241	427	45	422	45	2	0	0	0
45	0	659431	0	688803	4310	24294	30	45	10	45	4	0	0	0
46	0	747098	5369	504893	8271	14572	59	33	457	33	4	0	0	0
47	0	811530	3835	516986	6564	11028	57	31	457	31	4	0	0	0
48	0	737786	5369	475746	15360	20086	60	45	60	45	4	0	0	0
49	0	731145	4123	475480	2253	5908	61	45	61	45	4	0	0	0
50	0	674996	2027	912325	9058	12209	23	45	456	45	4	0	0	0
51	0	594662	2913	919693	2363	3043	62	24	10	24	4	0	0	0
52	0	592048	2553	916999	2255	3227	62	24	10	24	4	0	0	0
53	0	645849	2301	529258	9452	14572	40	24	407	24	4	0	0	0
54	0	115200	0	1094400	90585	95311	12	63	10	63	4	0	0	0
55	0	598018	-1969	665698	9641	12497	64	13	10	13	4	0	0	0
56	0	594410	6025	662270	3151	5120	65	66	10	66	4	0	0	0
57	0	671928	0	1044710	11028	21662	67	66	10	66	4	0	0	0
58	0	711814	22936.4	734825.1	914.722	915.275	29	13	499	13	4	0	0	0
59	0	171183	-7285	1114234	5908	8341	68	27	10	27	4	0	0	0
60	0	162901	-8437	1115278	5393	8345	69	13	10	13	4	0	0	0
61	0	670740	6341	614555.1	3771	5554	70	71	10	71	4	0	0	0
63	0	757837	6903	628974	7877	10634	72	52	10	52	4	0	0	0
64	0	710172	0	1009426	5762	9058	21	45	454	45	4	0	0	0
65	0	737462	1703	1009584	4436	8271	21	45	454	45	4	0	0	0
66	0	722481	997	1003218	3151	7483	21	22	454	22	4	0	0	0
68	0	730223	0	977210	5514	8665	16	22	496	22	4	0	0	0
69	0	716560	5441	1018703	1575	2757	74	15	74	15	4	0	0	0
70	0	1180800	0	1180800	23237	33871	75	15	10	15	4	0	0	0
71	0	698894.1	4051	994085	2253	3581	76	22	465	22	4	0	0	0
72	0	673570	7565	858452	13785	20376	77	78	471	78	4	0	0	0
73	0	644315	8437	857552	12209	18221	77	24	471	24	4	0	0	0
74	0	685555	12694	877531	1611	3545	77	24	471	24	4	0	0	0
75	0	690783	10071	841742.8	4.494.352	8.665.269	77	24	471	24	4	0	0	0
76	0	650451.1	14574	874427	7089	11028	77	24	471	24	4	0	0	0
77	0	593586	0	931236	15043	17814	79	24	578	24	3	0	0	0
78	0	679959	4281	888284.1	8665	12209	23	13	456	13	4	0	0	0
79	0	764679	4231	493268	4472	5372	80	24	10	24	3	0	0	0
80	0	790075	3705	491014	8665	9846	81	13	10	13	4	0	0	0
81	0	747840	3079	561222	4502	7706	82	37	444	37	4	0	0	0
82	509	0	0	0	0	0	394	391	8	11	3	0	0	0
83	469	0	0	0	0	0	85	86	10	11	5	0	0	0
84	269	0	0	0	0	0	87	88	10	11	4	0	0	0
85	269	358975	0	681600	19200	28800	89	90	89	90	4	0	0	0
86	269	586091	-1609	533861	15830	52775	91	92	91	92	4	0	0	0
87	269	598292	0	500111	14572	16542	93	94	10	11	4	0	0	0
88	269	573113	1163	507341	13238	14966	93	94	10	11	4	0	0	0
89	269	555446	0	514004	12031	13854	93	94	10	11	4	0	0	0
90	269	538441	0	528000	11445	13785	93	94	10	11	4	0	0	0
91	269	544563	0	550340	11059	13467	93	94	10	11	4	0	0	0
92	269	571529	0	569001	19298	21662	93	94	10	11	4	0	0	0
93	269	607785	0	573149	17723	20086	93	94	10	11	4	0	0	0
94	269	624529	0	552270	13461	15754	93	94	10	11	4	0	0	0
95	269	627440	0	524656	14966	17329	93	94	10	11	4	0	0	0
96	269	613633	0	513918	14178	16935	93	95	10	11	4	0	0	0
97	36	0	0	0	0	0	96	97	10	11	4	0	0	0
98	36	557760	0	966720	23040	28800	98	99	10	11	4	0	0	0
99	36	633600	0	623232	50688	64512	100	101	10	11	4	0	0	0
179	429	0	0	0	0	0	175	176	10	11	4	0	0	0
180	429	643357	0	980805	6765	7701	177	178	10	11	4	0	0	0
181	429	-21633	0	-27989	10151	13391	179	180	10	11	3	0	0	0
182	429	-9005	0	-13879	6302	6302	181	176	10	11	4	0	0	0
183	429	253	0	-14012	4940	6515	181	176	10	11	4	0	0	0
184	429	-12799	0	-539	7123	8415	182	183	10	11	4	0	0	0
185	429	-28709	0	1289	7343	7735	184	183	10	11	4	0	0	0
186	429	16378	-1897	-10841	6191	6740	185	186	10	11	4	0	0	0
187	169	610565	0	501645	25994	39778	187	188	10	11	4	0	0	0
188	169	681133	-3835	699542	31902	41354	189	188	10	11	4	0	0	0
189	169	547200	0	566400	55138	72074	190	188	10	11	4	0	0	0
190	169	499200	0	748800	40960	51594	191	188	10	11	4	0	0	0
191	1	0	0	0	0	0	192	193	10	193	3	0	0	0
193	1	701018	0	610025	580.475	580.475	196	215	477	215	3	0	0	0
194	1	575890.5	875	679559.1	16576.11	29275.9	198	199	478	199	3	0	0	0
195	1	773178	0	923518	63015	72468	200	201	420	201	2	0	0	0
196	1	709663	26819	332360	1957.74	2022.64	202	203	482	203	4	0	0	0
197	1	579883	0	428009	42535	54351	835	193	426	193	4	0	0	0
198	1	751680	11421.9	744960	1460.92	1911.51	205	206	495	206	4	0	0	0
199	1	609989	-5851	350829.1	27175	44111	835	207	426	207	4	0	0	0
200	1	567744.1	18816	244416.1	56448	75264	208	209	453	209	4	0	0	0
202	1	636672	11890.3	712704	752.173	752.173	210	211	449	211	3	0	0	0
204	1	789305.8	10703.19	572506.3	8.319.058	9.316.218	212	213	451	11	4	0	0	0
206	1	694939	13938.1	688803	716.401	716.401	214	215	477	215	3	0	0	0
207	1	686175.3	3.166.285	730963.7	9.036.297	15782.32	881	195	881	195	3	0	0	0
208	1	666620.1	3.953.965	532327	5.448.633	5.448.633	194	195	492	195	4	0	0	0
210	1	741992	0	489372.1	11379	26782	194	216	492	216	4	0	0	0
211	1	654765	0	780726	16542	22127	239	240	485	240	3	0	0	0
214	1	655053	6903	460225.1	17329	34265	218	1029	480	1029	4	0	0	0
215	1	640944	12334	421873	13391	22843	218	1029	480	1029	4	0	0	0
216	1	668860.1	11096	391191	25994	34265	218	1029	480	1029	4	0	0	0
217	1	610565	28044.5	783916	1009.8	1106.85	220	221	425	221	4	0	0	0
218	1	731965	767	551348.1	8273	13001	222	223	222	223	4	0	0	0
219	1	525722	42187	255638	13215	17365	224	225	453	225	3	0	0	0
220	1	656573	0	724087	8665	12997	226	980	450	980	3	0	0	0
221	1	727155	0	576815	5120	9099	227	228	10	228	3	0	0	0
223	1	693405	7789	602930	4726	8300	229	219	10	219	3	0	0	0
224	1	635794	0	617025	10634	23063	230	207	483	207	4	0	0	0
225	1	619445	0	573711	18905	25600	232	213	483	213	4	0	0	0
226	1	549624	-6.343.142	587368.3	6.097.485	10646.35	232	233	483	233	4	0	0	0
227	1	581403	-169	555410	15754	21662	234	235	483	235	4	0	0	0
228	1	567754	0	521588	17219	23914	236	237	483	237	4	0	0	0
229	1	550736.1	0	485138	18551	36628	238	193	492	193	4	0	0	0
230	1	754769	0	837609	14966	31902	239	240	485	240	2	0	0	0
231	1	707882	0	746054	5408	10240	205	207	495	207	4	0	0	0
232	1	633346	11124	439468	3722	5258	241	242	480	242	4	0	0	0
233	1	628974	13954	440916	2939	4726	243	203	480	203	4	0	0	0
234	1	665792	2301	711814	3938	5514	210	244	449	244	3	0	0	0
235	1	719031.1	6903	558406.1	5730	6482	222	223	222	223	4	0	0	0
239	1	770109	10026.11	545867	4.921.873	5.486.917	910	215	910	215	4	0	0	0
240	1	512860	0	793121	27963	39385	248	207	425	207	4	0	0	0
241	1	535395	-9972	730223	24812	31508	249	219	425	219	4	0	0	0
242	1	808461	0	851416	19404	28751	200	219	420	219	2	0	0	0
243	1	724087	0	879029	14178	21268	200	250	420	250	2	0	0	0
244	1	712664	0	846669	16935	20874	200	251	420	251	2	0	0	0
245	1	708746	0	932722	14966	25600	200	201	420	201	2	0	0	0
246	1	574596	-0.00052	623224.8	13739.93	28974.26	198	199	478	199	3	0	0	0
247	1	834489	15962.28	487480.3	6.193.623	6.193.623	246	207	458	207	4	0	0	0
248	1	661982	-2301	878727	35446	45195	252	207	411	207	4	0	0	0
249	1	570002	0	874427	933.377	1254.76	253	207	408	207	3	0	0	0
250	1	489372	0	836075	32295	48049	254	207	425	207	4	0	0	0
252	1	724483	0	920953	1287	2719	200	250	420	250	2	0	0	0
253	1	773736	961.266	750488	9626.18	13836.5	256	257	495	257	4	0	0	0
254	1	604500	4375	533357.1	6119	9092	258	259	492	259	4	0	0	0
255	1	664114	-9972	857494	16148	28357	419	251	417	251	4	0	0	0
256	1	687233	-9972	889206	8878	17255	252	207	411	207	4	0	0	0
257	1	648831	-9972	892836	9158	16542	252	207	411	207	4	0	0	0
259	1	763973	38549.8	362460	1314.38	1383.6	262	263	424	263	2	0	0	0
267	1	495509	0	750166	11815	15360	248	207	425	207	4	0	0	0
268	1	546947	0	754921	9601	14572	249	219	425	219	4	0	0	0
269	1	596758	-3835	277669	28357	43717	268	213	453	213	4	0	0	0
270	1	773624.3	32154.19	446588.8	13264.54	16866	876	952	876	952	2	0	0	0
271	1	27613	-14574	29148	22449	31114	270	213	10	11	4	0	0	0
272	1	756512.8	34939.38	462366.2	9.227.627	12965	876	952	876	952	2	0	0	0
273	1	684201	2301	613345	4301	6695	272	960	10	960	3	0	0	0
274	1	722336.3	2.736.502	659968.2	4332	8665	272	960	10	960	3	0	0	0
275	1	690243	2661	652223	4262	8059	272	960	10	960	3	0	0	0
276	1	690337	767	776246	6302	8665	273	274	10	274	3	0	0	0
277	1	703690	2063	784550	6302	9236	275	263	10	263	3	0	0	0
278	1	622801	0	845495	7089	11028	253	207	408	207	3	0	0	0
279	1	639568	-6903	845481	5908	11028	252	207	411	207	4	0	0	0
281	1	694499	2589	783916	1681	2755	275	271	10	271	3	0	0	0
282	1	688875	-10102	864754	4589	7089	252	276	411	276	4	0	0	0
283	1	678208	-10116	867953	5656	8271	252	259	411	259	4	0	0	0
284	1	667362	-10152	861002	4510	6371	252	257	411	257	4	0	0	0
285	1	660542	-9864	863976	644	2039	252	216	411	216	4	0	0	0
286	1	653663	-10498	866397	4618	6302	252	277	411	277	4	0	0	0
287	1	651733	-10332	856184	3938	5514	252	257	411	257	4	0	0	0
288	1	646209	-10376	852950	2573	4294	252	257	411	257	4	0	0	0
289	1	662472	-5369	323691.1	13391	31508	204	257	426	257	4	0	0	0
290	1	641246	11506	400396	7089	12603	218	257	480	257	4	0	0	0
291	1	632042	9972	452554	4332	12603	218	1029	480	1029	4	0	0	0
292	1	569253	6557	607497	3725	6749	278	257	10	257	3	0	0	0
293	1	587878	2877	619589	4332	7585	279	257	10	257	3	0	0	0
295	1	624372	2301	539601	5908	10240	281	282	492	282	4	0	0	0
296	1	733593.1	3835	526824	9315	11959	283	282	492	282	4	0	0	0
297	1	547667	2805	607497	4726	10634	284	285	478	285	3	0	0	0
298	1	526154	3835	693873	7123	12815	284	223	478	223	3	0	0	0
299	1	632042.1	2301	497043.1	6626	12209	286	219	492	219	4	0	0	0
300	1	617803.1	0	480168.1	9099	16224	287	219	492	219	4	0	0	0
302	1	791181.6	31796.2	442653.4	6323.13	7.391.802	876	206	876	206	2	0	0	0
303	1	789728	29015	408880	1110	3041	288	206	424	206	2	0	0	0
304	1	794201	30801	412668	3545	5514	288	206	424	206	2	0	0	0
305	1	590802	4901	683927	5658	7017	289	193	10	193	3	0	0	0
306	1	517994	2279	660015	10634	15324	290	193	478	193	3	0	0	0
307	1	546133	1451	682869	5514	9452	291	203	10	203	3	0	0	0
308	1	551622	241	833209	10634	13391	292	293	408	293	4	0	0	0
309	1	518520	-349	612099	7877	12603	294	271	478	271	3	0	0	0
310	1	593344	3727	594838.4	5.071.432	7.440.203	865	207	865	207	4	0	0	0
311	1	579955	2949	579343	5192	8097	230	207	483	207	4	0	0	0
312	1	731469.1	4339	508703	5410	6382	295	206	492	206	4	0	0	0
313	1	595404	1811	520616	5620	9454	295	195	295	195	4	0	0	0
315	1	556260	407	857444	2399	3151	296	207	408	207	3	0	0	0
316	1	572465	0	866050	2075	2757	296	207	408	207	3	0	0	0
317	1	545355	-133	900592	4510	5514	296	207	408	207	3	0	0	0
318	44	0	0	0	0	0	297	298	10	11	4	0	0	0
319	189	0	0	0	0	0	299	300	10	11	4	0	0	0
320	249	0	0	0	0	0	301	302	10	11	4	0	0	0
321	30	0	0	0	0	0	303	304	10	304	2	0	0	0
322	37	610565	0	501645	25994	39778	305	306	10	11	4	0	0	0
323	489	610565	0	501645	25994	39778	307	308	10	11	4	0	0	0
324	489	561214	9634	562009	7661	10382	307	308	10	11	4	0	0	0
325	489	561826	11254	580871	7733	10634	309	310	10	11	3	0	0	0
326	529	0	0	0	0	0	311	312	10	11	4	0	0	0
327	529	580378	0	580378	28357	38400	313	314	10	11	4	0	0	0
328	129	610565	0	501645	25994	39778	315	316	10	11	4	0	0	0
329	129	576000	0	537600	38400	57600	317	316	10	11	4	0	0	0
330	47	0	0	0	0	0	318	319	10	11	4	0	0	0
331	47	557760	0	966720	23040	28800	318	319	10	11	4	0	0	0
332	47	633600	0	623232	50688	64512	318	319	10	11	4	0	0	0
333	289	0	0	0	0	0	320	321	10	11	4	0	0	0
334	289	358975	0	681600	19200	28800	322	323	10	11	4	0	0	0
335	289	610565	-1609	610565	38597	38597	324	325	10	11	4	0	0	0
336	33	753792	0	604800	23902	40359	326	327	10	11	4	0	0	0
337	33	543065	0	616701	44898	48000	328	329	10	11	4	0	0	0
338	35	0	0	0	0	0	330	331	10	11	4	0	0	0
339	35	557760	0	966720	23040	28800	332	333	10	11	4	0	0	0
340	35	633600	0	623232	50688	64512	334	335	10	11	4	0	0	0
341	329	0	0	0	0	0	336	337	10	11	4	0	0	0
342	329	358975	0	681600	19200	28800	338	339	10	11	4	0	0	0
343	329	682667	-1609	1044710	59077	87040	340	341	10	11	4	0	0	0
344	209	610565	0	501645	25994	39778	342	343	10	11	4	0	0	0
345	209	575281	0	550736	19200	27569	344	345	10	11	4	0	0	0
346	13	0	0	0	0	0	346	347	10	11	4	0	0	0
347	13	614016	0	999168	18432	20736	348	349	10	11	4	0	0	0
348	13	715968	0	985344	17280	20160	350	349	10	11	4	0	0	0
349	13	736320	0	806400	25920	28800	351	349	10	11	4	0	0	0
350	13	566400	0	976320	16320	19680	352	349	10	11	4	0	0	0
351	13	683904	5760	991104	10752	13056	353	349	10	11	4	0	0	0
352	13	722304	0	1031808	17280	21888	354	349	10	11	4	0	0	0
353	13	670080	768	564480	15744	17664	355	349	10	11	4	0	0	0
354	13	652800	0	879744	36864	40320	356	349	10	11	4	0	0	0
355	13	571584	0	998400	18432	21888	357	349	10	11	4	0	0	0
356	13	614400	0	1094400	63744	72192	358	349	10	11	4	0	0	0
357	13	652800	0	998400	17664	21504	359	349	10	11	4	0	0	0
358	13	633600	0	998400	18432	22272	359	349	10	11	4	0	0	0
359	13	676800	19008	816000	19008	24768	360	349	10	11	4	0	0	0
360	13	710400	9216	864000	21120	24576	361	349	10	11	4	0	0	0
361	13	683520	0	751872	23040	61440	362	349	10	11	4	0	0	0
362	13	710400	0	691200	19968	23040	363	349	10	11	4	0	0	0
363	13	633600	0	633600	17664	19200	364	349	10	11	4	0	0	0
364	13	569856	3456	622848	14592	18432	365	349	10	11	4	0	0	0
365	309	0	0	0	0	0	366	367	10	11	4	0	0	0
366	309	358975	0	681600	19200	28800	368	369	10	11	4	0	0	0
367	309	682667	-1609	1044710	59077	87040	370	371	10	11	4	0	0	0
368	309	660910	1847	1030041	4546	5586	372	371	10	11	4	0	0	0
369	309	673915	479	1038939	3655	4978	373	371	10	11	4	0	0	0
370	309	668872	1343	1038158	1398	2615	373	371	10	11	4	0	0	0
371	309	681996	2373	1042517	1863	2365	374	375	10	11	4	0	0	0
372	309	681564	1941	1044738	1326	1897	374	376	10	11	4	0	0	0
374	530	0	0	0	0	0	379	380	503	380	2	0	0	0
377	530	471893.2	1.043.822	622067.8	42304.2	46230.9	384	385	384	11	4	0	0	0
378	530	885908.9	5.039.949	331733.5	11413.29	15770.16	399	383	399	383	4	0	0	0
379	532	0	0	0	0	0	386	387	10	11	4	0	0	0
415	531	0	0	0	4.796.042	837.262	394	392	394	392	3	0	0	0
418	530	293487	-3.262.686	706311.3	65647.04	76035.09	396	491	396	491	3	0	0	0
439	530	836808.4	9.865.575	321875.1	4.648.134	9.623.321	399	383	399	383	3	0	0	0
443	530	844870.9	1.345.175	394838.5	67991.87	73033.88	399	383	399	383	4	0	0	0
450	530	840546.3	2.663.928	386273.3	15266.33	18638.27	433	9	407	11	3	0	0	0
451	530	436394.7	-3.753.116	735553.2	21360.48	27643.52	500	9	500	11	3	0	0	0
453	530	1005895	1.812.188	682951.1	6.444.525	10743.35	488	505	488	505	3	0	0	0
454	530	1070309	4.590.088	798701.5	75390.41	89410.58	460	439	502	439	3	0	0	0
455	530	383337.6	9.424.908	510160.9	57491.68	71907.64	438	9	438	11	3	0	0	0
458	530	425478.7	-1.658.099	680243.9	26052.62	31068.57	435	441	435	441	3	0	0	0
460	530	382782.4	8.230.626	607303.1	25236.37	30991.42	432	506	432	506	3	0	0	0
462	530	341520.8	1.498.886	601310.5	27441.05	32466.37	432	506	432	506	3	0	0	0
465	530	844677.9	2.820.701	317673.5	4.027.412	7.894.373	399	383	399	383	3	0	0	0
466	530	860997.4	2.519.655	334125.8	8.393.257	14778.42	399	383	399	383	4	0	0	0
467	530	856108.7	3.696.077	265578	10322.43	13306.52	442	380	442	380	3	0	0	0
468	530	487940	2.158.522	608494.8	4.902.114	6.667.046	446	518	446	518	3	0	0	0
469	530	490302.2	2.254.598	599578.6	5.471.604	7.923.321	446	518	446	518	3	0	0	0
470	530	861560.9	5.839.384	272467.6	6400.02	8.946.703	442	380	442	380	3	0	0	0
471	530	861455.8	5.798.796	255719.7	5.059.702	6.946.452	442	380	442	380	3	0	0	0
472	530	942244	5967.65	367472	15745	25241.2	448	383	448	383	3	0	0	0
474	530	849266	3.509.343	386174.1	6.610.692	6.610.692	433	9	407	11	3	0	0	0
493	543	0	0	0	4.526.772	9.580.544	384	385	384	11	3	0	0	0
496	530	1032329	4.186.401	664830.2	47304.96	59722.97	487	505	488	486	3	0	0	0
498	530	1046924	9.863.171	700536.1	6.813.483	9.884.921	436	505	488	486	3	0	0	0
500	530	366134.6	5116.28	487712.8	16178.89	20574.71	504	9	504	11	3	0	0	0
501	530	1015401	2.663.569	669921.6	3.724.391	7.222.006	488	505	488	505	3	0	0	0
502	530	531684.9	5.572.384	482203.3	69625.43	83487.93	508	553	508	553	3	0	0	0
503	530	397738.1	5.034.019	546559.8	8.126.579	10445.74	504	9	504	11	3	0	0	0
504	530	383291.8	2.964.335	719429.3	3.626.533	6.005.433	510	491	510	491	3	0	0	0
505	530	824990.9	-1.255.667	330034	10332.35	13135.45	399	383	399	383	3	0	0	0
506	530	419353.5	4954.14	498448.2	7.355.441	9.538.287	504	441	504	441	3	0	0	0
507	530	415141.3	5.264.041	508108.2	7.355.441	9.538.287	504	441	504	441	3	0	0	0
509	530	397517.4	5.312.149	531174.2	8.220.545	11441.48	504	9	504	11	3	0	0	0
510	530	367150.7	5.816.783	544264.9	7.293.352	12212.46	525	225	525	225	3	0	0	0
512	530	302989.6	8.624.719	591812.1	38896.81	43866.5	432	506	432	506	3	0	0	0
515	553	0	0	0	28948.28	28948.28	521	9	521	11	3	0	0	0
519	530	578679	3366.62	752057	1182.19	1182.19	513	526	513	526	3	0	0	0
520	530	549613.3	3.792.486	623704.1	64031.36	72055.38	384	385	384	11	4	0	0	0
521	530	490813.7	6.140.769	659193.6	10303.19	15160.02	384	385	384	11	4	0	0	0
523	530	426426.8	8.442.568	615486.2	6.369.459	8740.99	432	506	432	506	3	0	0	0
526	530	301467.1	664.728	616657.9	5.709.195	8.989.667	516	506	516	506	3	0	0	0
527	530	296055.2	7.516.093	616357.8	5.709.195	9.246.292	516	506	516	506	3	0	0	0
528	530	406494	-8.556.019	633003.7	22871.84	27213.05	432	506	432	506	3	0	0	0
531	530	394805.2	1.050.065	649905.8	8.158.748	11330.55	432	506	432	506	3	0	0	0
533	530	484203.9	1.223.485	671232.1	6.201.453	10089.88	384	385	384	11	4	0	0	0
536	530	349582.2	1.457.975	699538.5	47587.23	58809.11	396	491	396	491	3	0	0	0
539	530	362220.6	-3.211.093	653279.4	17525.79	24894.26	396	491	396	491	3	0	0	0
540	530	281024.9	2.533.487	679893.2	5.485.156	7.512.299	555	519	555	519	3	0	0	0
541	530	290188.3	-425.868	660469.7	4.702.177	7.928.366	555	519	555	519	3	0	0	0
542	530	286225.9	2.624.509	654256.4	2.968.892	3.749.758	555	519	555	519	3	0	0	0
543	550	0	0	0	1.097.117	4.416.663	521	9	521	11	3	0	0	0
544	554	0	0	0	1.035.529	4.950.125	521	9	521	11	3	0	0	0
545	552	0	0	0	9.594.063	5.177.518	521	9	521	11	3	0	0	0
547	530	969646.1	-18560.29	736379.3	7.893.227	13506.84	522	9	10	11	3	0	0	0
548	530	969651.4	-18335.52	766485.6	15133.71	20533.85	525	9	10	11	3	0	0	0
570	530	455421	2.443.178	685855.6	22435.66	26159.84	435	441	435	441	3	0	0	0
577	530	493162.7	3.524.184	697705.1	16774.97	20967.79	435	441	435	441	3	0	0	0
578	530	483861.5	9.188.313	747154.7	18295.85	24574.27	435	441	435	441	3	0	0	0
579	530	474874.2	9.713.511	712717.2	11529.3	16505.49	435	441	435	441	3	0	0	0
582	530	367246.4	5.057.211	553475.1	5.273.175	7.232.115	525	225	525	225	3	0	0	0
584	530	465268.7	3.386.217	653648	5501.13	7.215.912	527	441	527	11	3	0	0	0
586	530	438851.8	1.066.579	623139.3	10914	13016.52	384	385	384	11	3	0	0	0
591	566	0	0	0	5.191.248	7.225.515	532	9	532	11	3	0	0	0
592	564	0	0	0	206.774	2.634.613	604	306	604	306	3	0	0	0
595	530	427873.9	7.878.199	646124.2	7.088.255	8076.01	432	506	432	506	3	0	0	0
596	530	468801.4	3459.3	659796.9	3.375.435	3.953.467	527	441	527	11	3	0	0	0
602	530	458604.5	1.827.562	754521	2.304.367	3.056.558	565	441	564	441	3	0	0	0
604	530	496956.8	1.116.848	701038.1	5.009.665	1.944.483	511	441	511	441	3	0	0	0
605	530	498011.2	-1.215.216	698842.2	1.308.637	1.944.483	511	441	511	441	3	0	0	0
606	530	497520.5	-3.236.924	696935.8	5.009.665	1.944.483	511	441	511	441	3	0	0	0
609	530	499153.9	6.151.321	700716.3	5.009.665	1.944.483	511	441	511	441	3	0	0	0
610	530	496095.5	-2.301.356	698961.2	5.009.665	1.944.483	511	441	511	441	3	0	0	0
611	568	0	0	0	113.607	113.607	448	345	448	345	3	0	0	0
612	542	0	0	0	9.801.495	10	384	9	384	11	3	0	0	0
623	530	436861	-2.290.064	770771.9	18125.8	23037.21	500	441	500	441	3	0	0	0
625	530	459241.6	-7.443.022	731395.4	7.389.659	10982.65	500	9	500	11	3	0	0	0
627	530	413409.1	1.048.684	718623.4	9.147.836	12238.58	500	9	500	11	3	0	0	0
628	530	441499.3	1.233.177	714259.1	6.622.383	10141.89	500	9	500	11	3	0	0	0
629	530	453818.6	-6.442.352	719574.6	5490.34	11095.83	500	9	500	11	3	0	0	0
631	530	431846.1	3.906.723	599822.3	6.204.105	9.396.956	514	506	514	506	3	0	0	0
633	530	420093.3	271.143	599916.3	7.252.109	11082.81	514	506	514	506	3	0	0	0
636	530	417894.5	-3.691.088	589980.2	7.252.109	11082.81	514	506	514	506	3	0	0	0
637	530	428675.8	7.586.973	582877.6	9.915.139	14935.35	514	506	514	506	3	0	0	0
638	530	410000.6	8.929.506	583956.7	4.695.313	10040.22	514	506	514	506	3	0	0	0
639	555	0	0	0	3.720.722	500	500	9	500	11	3	0	0	0
640	556	0	0	0	3.228.096	3.260.702	500	9	500	11	3	0	0	0
641	557	0	0	0	990.025	1.238.933	500	9	500	11	3	0	0	0
642	558	0	0	0	9.900.249	10	500	9	500	11	3	0	0	0
643	530	507564.9	-166.931	663281.5	3.233.514	4.494.122	533	9	533	11	3	0	0	0
645	530	502701	-2.314.725	668529.4	4.761.263	7.240.702	533	9	533	11	3	0	0	0
646	530	560657.8	5.762.073	655540.8	4.490.807	5.917.512	534	9	533	11	3	0	0	0
647	530	558247.9	1052.1	648967.7	4.228.577	5409.51	534	9	533	11	3	0	0	0
648	530	557646.8	1.255.355	643148.8	4.075.998	5.376.543	534	9	533	11	3	0	0	0
650	530	502024.9	1.200.312	661353.4	2.113.904	2893.37	533	9	533	11	3	0	0	0
651	530	534494.4	10810.75	581054.6	6565.84	8.354.355	446	518	446	518	3	0	0	0
652	530	526499.1	10361.14	584869.8	6565.84	8.354.355	446	9	446	11	3	0	0	0
653	530	535786.9	4.284.225	599857.7	2.931.355	4.604.988	558	518	558	518	3	0	0	0
654	530	524561.8	5.342.036	599998.9	2.233.115	3.540.388	558	518	558	518	3	0	0	0
655	530	515084.9	7.386.827	595262.1	2.446.229	3.722.662	558	518	558	518	3	0	0	0
657	530	352904.4	13093.87	559088.6	9908.5	12034.28	554	9	554	11	3	0	0	0
658	530	420884.1	9.505.787	469860.8	8.485.611	10797.3	525	9	525	11	3	0	0	0
659	530	418191.3	5.367.221	536322.4	5091.56	6.458.157	554	9	554	11	3	0	0	0
660	530	420771.7	4.747.286	546163.8	5091.56	6.458.157	554	9	554	11	3	0	0	0
661	530	363486.3	13151.19	507643.5	7.111.727	9.579.088	554	9	554	11	3	0	0	0
662	530	440430.3	10012.78	509485.6	3.406.132	4.292.577	554	538	554	11	3	0	0	0
663	530	530322	3.023.967	536448.6	6.141.605	7.351.604	539	553	539	553	3	0	0	0
666	530	506645.4	4.617.254	465269	9.799.184	10262.45	552	209	552	209	3	0	0	0
667	530	508660.5	4.310.913	455769	5.723.367	6.095.376	552	209	552	209	3	0	0	0
668	530	497460.7	4844.2	468157.6	5.951.357	6.439.241	552	209	552	209	3	0	0	0
669	530	506125.6	12387.4	465533.7	4.833.855	5.642.013	552	209	552	209	3	0	0	0
670	530	497348.9	5.992.589	444466.8	3.847.084	5.157.805	520	553	520	553	3	0	0	0
671	530	500967.8	6.135.943	444978.5	3.864.909	5.157.805	520	553	520	553	3	0	0	0
672	530	492136.1	5.903.568	455220	4.014.142	5.478.339	520	553	520	553	3	0	0	0
673	530	508402.7	5.130.603	489104.4	7080.14	7.320.245	552	209	552	209	3	0	0	0
674	530	517516.4	5.323.697	497231	3.661.166	4.375.748	520	553	520	553	3	0	0	0
675	530	517506.1	5.678.601	491884.3	1.847.758	2443.97	520	553	520	553	3	0	0	0
676	530	537276.5	2.730.945	533753.3	8.176.273	9.559.975	539	553	539	553	3	0	0	0
677	530	539937.3	3.233.101	524750.3	5.865.312	6.835.631	539	553	539	553	3	0	0	0
681	530	444946.7	5.559.703	545614.3	13331.63	16417.39	504	9	504	11	3	0	0	0
683	530	502708.3	12146.8	757399	10789.65	12946.74	435	441	435	441	3	0	0	0
694	530	502878.2	1.820.988	720536.8	6.456.407	8.219.057	559	526	547	526	3	0	0	0
695	530	490256.8	8.233.951	721279.6	4.127.178	6.664.988	435	441	435	441	3	0	0	0
702	530	516062.4	4.068.908	732134.1	12695.36	14526.96	563	526	563	526	3	0	0	0
709	530	516585.8	4.092.555	505615.6	1.597.194	2.186.995	520	553	520	553	3	0	0	0
710	530	518182.9	5.621.416	490348.5	1.597.194	2.186.995	520	553	520	553	3	0	0	0
718	530	478507	5.792.051	512891.6	26186.25	30022.75	508	553	508	553	3	0	0	0
721	530	443501	8.639.348	488107.7	13224.14	16380.18	438	9	438	11	3	0	0	0
722	540	0	0	0	10.201	1.205.089	384	9	384	11	3	0	0	0
723	530	275866.7	2.446.376	678830.1	3.151.417	4.031.916	555	519	555	519	3	0	0	0
729	560	0	0	0	9.643.213	10	122	123	10	123	3	0	0	0
730	560	534647.8	6.071.709	530605.1	31564.41	32422.55	557	123	557	123	3	0	0	0
732	560	534870.4	4.540.969	550587.9	31564.41	32422.55	557	123	557	123	3	0	0	0
734	530	412560.3	9.556.613	551829.6	3.380.352	4.698.964	560	9	560	11	3	0	0	0
735	530	415038.9	9.750.906	556669.5	4.528.967	5.659.513	560	9	560	11	3	0	0	0
736	530	421424.6	9.610.454	556385.1	4399.53	5.096.676	560	9	560	11	3	0	0	0
737	530	426508.4	9.610.027	554891.4	3725.17	4.812.248	560	9	560	11	3	0	0	0
742	530	457415	-3.345.776	759828.6	11060.83	15961.53	500	441	500	441	3	0	0	0
743	530	522214	3.244.273	751536.3	4.491.688	7.184.229	566	9	566	11	3	0	0	0
744	530	522359	5.254.833	758767.2	4.491.688	7.184.229	566	9	566	11	3	0	0	0
745	530	554881.2	5.894.167	773539.5	3.757.798	5.016.216	567	9	567	11	3	0	0	0
747	530	438516.7	9.641.054	482983.1	4.123.106	5.420.901	568	9	568	11	3	0	0	0
750	530	411256.4	6.670.645	759631.8	9.469.927	12900.16	500	441	500	441	3	0	0	0
751	530	390027.5	-1.156.182	762864	13386.8	17055.11	435	441	435	441	3	0	0	0
752	571	0	0	0	3.258.149	4.613.813	569	648	569	648	3	0	0	0
753	560	593093.8	-5.998.503	604070.8	30643.23	32722.54	557	557	557	557	3	0	0	0
754	560	566441.9	-2.411.674	585042.2	20143.33	23385.04	557	557	557	557	3	0	0	0
755	530	436394.7	-3.753.116	735553.2	7.860.122	9113.69	570	9	570	11	3	0	0	0
764	530	463117.3	166.319	778242.6	14698.29	16518.53	500	9	500	11	3	0	0	0
765	530	461585.6	1.248.784	751941.5	2.304.367	3.056.558	565	441	564	441	3	0	0	0
766	530	463290.7	-1.693.308	754674.4	2.304.367	3.056.558	565	441	564	441	3	0	0	0
767	530	500701.9	9.763.748	698011.4	1.959.967	2.269.803	511	441	511	441	3	0	0	0
769	530	502586.3	4.510.702	696959.8	2.149.177	2.574.959	511	441	511	441	3	0	0	0
770	530	500118.8	6.947.092	701139.3	1.377.576	1.629.258	511	441	511	441	3	0	0	0
772	530	503144	3.967.694	696776.4	2.149.177	2.574.959	511	441	511	441	3	0	0	0
773	530	527212.1	2.852.952	749539.6	2424.14	3.191.014	566	9	566	11	3	0	0	0
774	530	518697.8	2.878.185	712544.9	3.352.411	3878.68	446	9	446	11	3	0	0	0
775	530	522974.5	2.698.658	712751.6	3.346.102	3.778.019	446	9	446	11	3	0	0	0
777	530	526833.8	3.319.163	714231.6	2.447.726	3.028.092	446	9	446	11	3	0	0	0
778	530	529925.2	3.341.385	715336.4	2.141.452	2.829.418	446	9	446	11	3	0	0	0
779	530	533059.9	3.358.102	715886.6	2.141.452	2.829.418	446	9	446	11	3	0	0	0
780	530	536498	4.133.456	714750.8	2.141.452	2.829.418	446	9	446	11	3	0	0	0
781	530	539475.8	4.220.107	712750.3	2.141.452	2.829.418	446	9	446	11	3	0	0	0
782	530	543248.3	6.057.598	714147.4	3.461.527	4.020.728	446	9	446	11	3	0	0	0
783	530	523830.5	3.358.067	712531.6	1.311.364	1.451.619	446	9	446	11	3	0	0	0
784	530	553579.8	6.122.272	776642.6	3.757.798	5.016.216	567	9	567	11	3	0	0	0
793	530	435065.1	9.602.664	471080.5	5.898.601	7.729.644	525	225	525	225	3	0	0	0
794	530	403191.4	-7.976.945	738078.1	10879.78	16263.42	500	9	500	11	3	0	0	0
796	530	388829	-844.431	739697.8	6.886.056	9.427.451	500	9	500	11	3	0	0	0
797	530	428857.1	-4.789.158	716171.7	5.864.853	8.680.627	500	9	500	11	3	0	0	0
798	530	456926.1	-5.352.442	744196.1	7.714.275	10090.86	500	9	500	11	3	0	0	0
799	530	466980.8	1.250.879	731351.4	4.181.839	5.485.208	500	9	500	11	3	0	0	0
803	530	265258	7.227.451	665639.6	6.926.278	10460.93	575	491	575	491	3	0	0	0
809	530	534648	2258.49	726160	2685.28	3434.35	566	9	566	11	3	0	0	0
818	530	539042	4247.72	725069	2662.41	3724.19	566	9	566	11	3	0	0	0
820	530	541875.1	3.482.864	723003.8	1.973.779	2.506.843	566	9	566	11	3	0	0	0
825	571	646944.2	19930.2	468694	4.607.713	4.607.713	792	648	792	648	3	0	0	0
828	451	432703.5	-6.711.394	487782.3	28191.45	31158.19	586	586	582	615	3	0	0	0
833	530	413720.4	-4.629.808	488081.5	2.749.171	3.954.059	587	9	10	11	3	0	0	0
835	451	653544.9	-5.499.874	558281.5	20072.77	22365.98	579	9	10	11	3	0	0	0
836	451	665848.6	749.504	475713.8	15889.88	19357.33	579	9	10	11	3	0	0	0
862	571	814728.6	27640.01	586960.3	1.086.332	1.186.715	589	593	678	593	3	0	0	0
867	451	683565.5	-5.136.219	574343	8.447.145	9.473.406	594	9	594	11	3	0	0	0
868	451	682422.8	-5609.24	562061.9	8.447.145	9.473.406	594	9	594	11	3	0	0	0
869	451	681808.6	-7.514.822	549621.6	8.447.145	9.473.406	594	9	594	11	3	0	0	0
874	451	625609.3	8.479.331	412447	12485.23	14204.66	596	9	597	11	3	0	0	0
879	451	588313.9	9.374.713	395521.9	21445.25	23971.68	599	602	599	602	3	0	0	0
880	530	412309.9	9.642.792	470041.6	8.485.611	10797.3	525	9	525	11	3	0	0	0
881	451	498916.9	1.107.305	479885.1	21535.78	28335.84	600	9	600	11	3	0	0	0
882	530	355347.2	13133.48	522873.8	7.537.219	9.075.359	525	9	525	11	3	0	0	0
883	530	354999.9	13187.31	533177.9	7.537.219	9.075.359	525	9	525	11	3	0	0	0
884	530	352467.9	13123.98	542284	4.590.049	6.766.729	525	9	525	11	3	0	0	0
885	451	937204.8	5.248.441	725431.6	17998.19	20095.22	601	9	601	11	3	0	0	0
886	451	580139.7	9.908.114	494665.3	4.982.931	7.377.991	589	9	589	11	3	0	0	0
887	451	565384.5	-8.498.325	929565.7	42333.33	50740.39	579	9	579	11	3	0	0	0
888	451	664705.4	1.791.081	931842.4	19619	23113.12	599	602	599	11	3	0	0	0
890	572	554291.1	1.161.502	568209.3	37752.14	40006.79	605	9	605	11	3	0	0	0
891	571	773708.8	5.853.963	577375.6	4.584.423	6.689.596	646	647	646	647	3	0	0	0
892	571	773505.4	5.920.039	582877.5	4.549.555	7.852.072	646	647	646	647	3	0	0	0
893	451	688751.9	-6.702.117	922026.3	19668.04	25383.29	608	602	608	11	3	0	0	0
895	451	465949.3	8.109.201	990356.1	27497.95	29648.33	612	9	612	11	3	0	0	0
911	451	797000.6	-7.243.837	893273.4	33798.41	35711.77	614	581	614	581	3	0	0	0
912	571	779152.6	8.200.442	598806.1	4.815.883	6.717.763	646	647	646	647	3	0	0	0
914	571	447564.1	17545.49	473785.1	2.108.631	215.749	616	648	616	648	3	0	0	0
959	571	701965.7	12413.71	499756.6	3.238.708	3.238.708	672	782	672	782	3	0	0	0
987	451	583643.8	9.803.473	454571.2	19254.83	32983.9	652	613	610	610	3	0	0	0
1236	451	656237.1	3.346.278	699799.4	21101.56	25790.32	645	9	645	11	3	0	0	0
1237	451	598784.8	2.770.785	629979.2	35197.36	35197.36	645	9	645	11	3	0	0	0
1239	571	753123.3	5.814.825	576834.2	4.736.859	6.660.085	650	593	650	593	3	0	0	0
1243	451	1192299	2.384.067	1.986.197	4.681.568	9.037.385	8	9	10	11	3	0	0	0
1368	573	562618.9	-1.018.716	444567.5	3.773.542	1.195.687	8	9	10	11	3	0	0	0
1369	573	562486.6	2.134.411	446477.6	4.911.039	671.74	8	9	10	11	3	0	0	0
1370	573	593669.5	0.000243	473535.4	5	3.938.565	8	9	10	11	3	0	0	0
1374	571	776828.7	7477.52	541553.1	1.888.203	3274.05	653	648	653	648	3	0	0	0
1386	571	490559.7	2.662.644	481412.2	17078.02	23777.89	732	648	732	648	3	0	0	0
1400	580	0	0	0	4.119.013	6.717.808	379	9	503	11	2	0	0	0
1401	580	573742.6	3.243.298	563160.8	2130.51	2.219.329	657	9	10	11	3	0	0	0
1402	580	571478.1	3.003.434	564281.4	9.617.926	1.576.284	657	9	10	11	3	0	0	0
1403	580	572506.2	3.239.256	565628.9	1.135.408	1.504.302	657	9	10	11	3	0	0	0
1404	580	566142.1	9.194.575	559601.6	2.599.861	3.918.967	658	9	10	11	3	0	0	0
1406	571	763122	9.853.178	552863.8	5.012.602	6.002.817	661	593	661	593	3	0	0	0
1407	571	763740.4	7.769.021	546028.8	5.012.602	7.547.909	661	593	661	593	3	0	0	0
1408	571	798348.8	8.524.319	535665.7	1.742.806	2.603.326	664	9	664	11	3	0	0	0
1409	571	814335.7	6.704.066	579834.4	4.724.846	7.907.314	661	593	661	593	3	0	0	0
1410	571	805625.9	6.461.867	560730	3.554.291	6.160.071	661	593	661	593	3	0	0	0
1411	571	728622.6	5.914.952	531245.1	6.084.976	8.796.688	665	9	665	11	3	0	0	0
1414	571	743336.5	1076.36	556642.9	3.485.387	4.516.829	666	593	666	593	3	0	0	0
1417	571	738357	2.793.736	553553.7	1.705.403	2.222.174	666	9	666	11	3	0	0	0
1423	571	738411	1.900.361	557341	3.485.387	4.516.829	666	593	666	593	3	0	0	0
1424	571	731905.3	5.399.979	557956.6	4.092.999	4.854.421	666	593	666	593	3	0	0	0
1425	571	733650	1.413.316	552801.4	2.990.025	3.392.845	666	9	666	11	3	0	0	0
1426	571	738988.6	1.381.627	560163.8	3.106.858	3821.27	666	9	666	11	3	0	0	0
1427	451	271680.1	0.000686	584100.4	1.195.648	1.849.278	668	9	10	11	3	0	0	0
1435	571	747734.9	5.622.049	574613.5	4.736.859	6.660.085	650	593	650	593	3	0	0	0
1436	571	833891.4	6.123.434	547003.4	5.198.935	8173.88	669	593	669	593	3	0	0	0
1447	573	563164.1	-4.507.994	445918.4	5	8.728.625	8	9	10	11	3	0	0	0
1448	573	562329.6	8.056.771	446811.9	100	500	8	9	10	11	3	0	0	0
1450	573	563325.3	-8.570.222	445817.9	100	500	8	9	10	11	3	0	0	0
1452	574	0	0	0	5	1.584.438	589	593	589	593	3	0	0	0
1453	571	750246.4	-34261.79	514087.3	3.619.327	3.619.327	671	9	671	11	3	0	0	0
1455	451	968006.4	1.304.899	404630.5	19424.37	21246.31	673	9	673	11	3	0	0	0
1457	451	887267.8	2712.7	868590.8	4.311.541	5.745.712	674	9	10	11	3	0	0	0
1458	451	904975.8	2.705.622	868714.8	4.605.314	6.045.863	675	9	10	11	3	0	0	0
1483	451	297952.8	2.490.638	684290.6	2.495.634	5.528.235	677	9	677	11	3	0	0	0
1484	585	0	0	0	1.004.078	1.004.078	655	9	655	11	3	0	0	0
1486	451	935992.1	3.240.386	408132.8	19424.37	21246.31	683	9	673	11	3	0	0	0
1487	575	0	0	0	2.643.826	2.921.329	678	9	678	11	3	0	0	0
1496	451	318348.8	4.654.992	635562.2	13112.26	13540.01	655	9	10	11	3	0	0	0
1501	571	1083369	4.878.243	965532.4	5.654.071	6.897.704	792	705	792	705	3	0	0	0
1502	571	560816.1	4.807.519	457401.1	3.335.018	5.532.079	681	9	681	11	3	0	0	0
1503	571	563945.8	5.140.275	456803.3	2.056.427	4.292.774	681	9	681	11	3	0	0	0
1504	451	938341.1	4.975.912	381227.1	19424.37	21246.31	683	9	673	11	3	0	0	0
1505	571	562315.4	3.438.321	423006.8	4951.84	8.199.521	682	9	10	11	3	0	0	0
1506	571	564935.1	5.207.619	428785.4	4951.84	8.199.521	682	9	10	11	3	0	0	0
1585	451	48599.79	1.758.328	30559.25	4.871.885	6.894.193	2	9	10	11	3	0	0	0
1586	451	45958.42	1.268.431	30724.32	4.871.885	6.894.193	8	9	10	11	3	0	0	0
1589	571	706364.5	25894.76	416086	3.392.202	3.392.202	683	783	683	783	3	0	0	0
1600	451	635240.2	-0.000172	599430.7	6.197.075	8.016.052	8	9	10	11	3	0	0	0
1601	451	636755.4	0.000668	597222.7	2.720.532	3760.11	8	9	10	11	3	0	0	0
1606	530	869699.8	7.664.857	175374	9.935.062	11873.62	686	380	687	380	2	0	0	0
1607	595	0	0	0	1.574.842	419.89	690	387	691	387	4	0	0	0
1609	451	409435.1	-7925.87	988472.4	38162.55	42347.13	618	9	10	11	3	0	0	0
1610	597	0	0	0	1.722.192	2.367.831	694	693	693	693	694	0	0	0
1617	451	579823.7	30910.99	190919.3	127511.4	142004.5	700	699	699	699	3	0	0	0
1618	451	890075.2	9.372.772	210634.3	139363.5	140420.1	700	699	699	699	3	0	0	0
1619	451	330366.8	9.938.943	216125.7	116066	151329.7	700	699	699	699	3	0	0	0
1620	451	348200.8	11302.83	992552.9	2.909.044	4598.97	701	9	10	11	3	0	0	0
1631	571	738023	13530.56	387926.7	19345.71	26970.06	703	783	703	783	3	0	0	0
1633	571	778159.7	15871.16	360212.8	20391.23	27784.99	755	783	805	783	3	0	0	0
1635	451	507751.1	1.503.394	1004258	14886.7	16026.57	683	9	10	11	3	0	0	0
1636	571	762102.1	13530.56	407833.7	22460.19	28914.81	703	783	703	783	3	0	0	0
1638	571	565711.5	4.657.401	504530.3	7.106.477	9.259.211	792	705	792	705	3	0	0	0
1639	598	0	0	0	109.08	1.944.491	379	380	503	380	2	0	0	0
1640	451	395011.2	2061.52	929508.2	14743.77	29343.37	708	708	712	698	3	0	0	0
1642	451	300540	2.245.474	852251.1	13312.5	16237.41	710	708	708	11	3	0	0	0
1643	571	612533.5	-6.722.741	513169.4	5.212.869	6.432.887	711	593	711	593	3	0	0	0
1644	571	687335.3	11733.12	391987.6	5.156.244	8.610.011	704	783	704	783	3	0	0	0
1645	571	674426	11905.96	428208.3	4.133.849	5578.46	704	783	704	783	3	0	0	0
1646	451	425847.2	9.113.358	919869.9	23184.81	32419.9	708	9	10	11	3	0	0	0
1647	451	259880.7	1.989.452	853005	9.691.038	13129.18	710	9	10	11	3	0	0	0
1648	571	629001.5	4.040.753	466544.2	4.912.866	5.959.322	717	715	715	715	3	0	0	0
1673	595	550687.5	4861.23	524437.7	3.515.114	4.301.276	720	9	720	11	3	0	0	0
1674	571	626946.9	4.704.292	512112.4	5.940.254	8.271.581	735	648	735	648	3	0	0	0
1677	451	1201499	0.000137	1200954	7.231.343	9.917.042	701	9	10	11	3	0	0	0
1679	571	595786.9	6.966.876	502831	5.725.398	7005.75	726	9	726	11	3	0	0	0
1680	451	1209985	7.075.927	112829.6	21681.74	23883.53	379	9	379	11	3	0	0	0
1681	571	580052.6	2.029.468	478702	8.425.001	10994.64	729	730	729	11	3	0	0	0
1682	451	967240.8	0.000227	276543.2	25807.39	34193.66	650	9	10	11	3	0	0	0
1686	585	644158.2	-2.457.229	614739.2	7.385.696	9.107.619	686	9	687	11	3	0	0	0
1687	580	592195.6	9.035.986	560698.1	7.024.223	8.806.331	686	9	686	11	3	0	0	0
1688	571	406414.5	-2.585.842	434964.4	11465.21	14024.42	723	9	723	11	3	0	0	0
1689	571	416956.6	-1.521.753	442510.4	5.794.406	8.125.327	723	9	723	11	3	0	0	0
1690	571	400599.3	-1.737.488	410862.2	10431.11	13465.96	723	739	723	739	3	0	0	0
1691	571	596257.1	-2.637.143	459555.8	4.497.018	5.809.492	737	9	737	11	3	0	0	0
1694	571	524496	-5.468.013	493844.2	6452.43	8.053.131	726	9	726	11	3	0	0	0
1697	578	0	0	0	8.030.575	8.030.575	820	9	820	11	3	0	0	0
1698	571	460607.5	-1.719.007	386761	4.227.567	5.237.829	743	807	743	807	3	0	0	0
1699	571	452114.7	-1.514.961	378192.1	2.572.479	3.526.677	743	807	743	807	3	0	0	0
1700	571	415057.2	-3.243.026	430759	3116.35	3963.9	744	739	744	739	3	0	0	0
1701	571	534956.7	4.566.133	473053.7	11231.17	14415.95	745	747	745	747	3	0	0	0
1702	451	258869.1	-3.9E-05	644396.9	7.028.351	8.777.536	746	9	746	11	3	0	0	0
1703	571	576310.6	2.489.959	349945.1	8.194.006	8.194.006	748	648	779	648	3	0	0	0
1704	571	685458.1	7.433.136	462305.7	3.966.052	5.184.111	749	782	749	782	3	0	0	0
1708	451	84636.09	17997.71	657321.6	50565.82	55935.08	748	9	748	11	3	0	0	0
1709	451	82106.33	26281.37	720957.8	54286.85	64284.27	748	9	748	11	3	0	0	0
1710	451	80647.13	23426.48	813044.7	55090.71	63534.2	748	9	748	11	3	0	0	0
1711	600	0	0	0	9.702.989	2.241.462	754	9	683	11	3	0	0	0
1730	571	363079.6	16471.96	474827	24414.46	26112.45	660	9	660	11	3	0	0	0
1733	451	47767.71	1.333.612	28439.34	4.980.595	4.980.595	701	9	10	11	3	0	0	0
1740	571	614564.6	16024.32	417372.4	1.780.831	1.780.831	765	796	765	796	3	0	0	0
1747	451	1008086	-3.1E-05	1200962	3.311.927	4.591.208	8	9	10	11	3	0	0	0
1752	451	553215	4.226.892	738210.6	18808.99	21709.22	8	9	10	11	3	0	0	0
1753	451	662404.9	-4.012.041	662211.5	10810.34	11389.12	763	9	10	11	3	0	0	0
1761	451	469669.6	-41165.89	797723.7	64651.28	423275.9	579	9	579	11	3	0	0	0
1763	0	832692.2	2.992.302	545634.1	46080	59513	56	37	444	37	4	0	0	0
1764	609	806303.8	2.651.777	554154.6	5.428.483	7.437.109	776	33	776	33	3	775	0	0
1766	609	828800.3	4.557.022	556538.3	18286.78	21453.8	12	33	12	33	3	775	0	0
1767	609	833969.9	9.165.754	541949.8	18286.78	21453.8	12	33	12	33	3	775	0	0
1768	609	0	0	0	5.621.414	4.385.891	56	45	56	45	3	775	0	0
1769	615	0	0	0	1.020.125	1.734.616	767	9	10	11	3	0	0	0
1771	609	815224.3	17858.14	526100.1	8.941.755	10883.18	748	9	10	11	3	0	0	0
1773	616	0	0	0	23262.19	30725.88	8	9	8	11	3	8	0	0
1775	571	596329.4	14594.82	372269.7	8.101.279	9.128.985	774	9	774	11	3	0	0	0
1777	571	652257.9	51300.2	352937.3	4.857.882	4.921.416	810	9	810	11	3	810	0	0
1778	609	820136	6.961.672	500351.4	7.941.691	8.990.213	775	9	775	11	3	0	0	0
1780	571	438097.1	-2.859.393	377071.2	4.199.324	5.579.021	650	739	650	739	3	777	0	0
1781	571	382122.9	1563.37	528116.8	3326.77	4.121.523	778	9	778	11	3	0	0	0
1782	571	381458.4	1.508.005	523647.7	3.206.851	3968.99	778	9	778	11	3	0	0	0
1783	571	380469.9	1.518.386	518809.3	3.541.775	4256.23	778	9	778	11	3	0	0	0
1784	571	383065.4	1.636.829	530488.8	3326.77	4.121.523	778	9	778	11	3	0	0	0
1786	571	493124.6	24844.22	372541	10741.97	13482.09	774	9	774	11	3	0	0	0
1789	619	0	0	0	990.025	119.271	811	9	795	11	3	0	0	0
1790	571	545630.5	4.782.439	417450.8	2.629.594	3.091.284	748	9	10	11	3	0	0	0
1792	571	497298.3	24355.06	440945.4	2.810.641	2.810.641	588	785	788	786	3	0	0	0
1794	607	0	0	0	100.5	2.316.203	790	782	791	782	3	0	0	0
1796	571	444585.1	11889.21	415244.7	2.086.694	2.095.908	789	739	789	739	3	0	0	0
1797	571	424898.2	-4.969.229	418564.8	9.319.752	12125.02	781	739	781	739	3	0	0	0
1798	571	435393.2	-4.817.691	407504	5.271.475	7.808.546	781	739	781	739	3	0	0	0
1800	571	432926.5	-4894.44	426573.2	4484.15	6.790.022	781	739	781	739	3	0	0	0
1802	571	590413.8	27916.71	405705.3	14587.44	17163.29	793	794	793	794	3	0	0	0
1803	571	439879.8	-5084.61	428100.6	3.770.046	5.202.538	781	739	781	739	3	0	0	0
1804	571	446171.3	-4.805.441	426482.9	3.770.046	5.202.538	781	739	781	739	3	0	0	0
1805	571	449778.6	-4.663.592	418827.3	3.770.046	5.202.538	781	739	781	739	3	0	0	0
1806	571	447515.9	-4916.29	408415.3	5.271.475	7.808.546	781	739	781	739	3	0	0	0
1809	571	604752.9	5.826.446	412946.8	9415.08	12732	797	796	797	796	3	0	0	0
1810	571	592896.9	5654.42	405484.4	6.042.278	8.255.982	797	796	797	796	3	0	0	0
1811	571	580982.8	5.295.844	397882.7	9.671.326	11866.09	797	796	797	796	3	0	0	0
1812	571	579868.1	5.716.809	404355.3	9.671.326	11866.09	797	796	797	796	3	0	0	0
1813	571	535604	33742.44	397171.3	26452.53	29713.04	808	9	10	11	3	806	0	0
1814	609	815987.9	-1.358.323	521639.5	11630.2	13994.32	12	33	12	33	3	775	0	0
1815	609	808571.1	5786.72	514085	5.767.785	8.195.183	12	33	12	33	3	775	0	0
1816	609	839314.1	-8.812.911	513459.3	18286.78	21453.8	12	33	12	33	3	775	0	0
1817	571	438147.2	4.679.821	339370.5	12881.95	15867.03	735	705	735	705	3	0	0	0
1818	571	631522.2	30546.3	336886.7	371.374	5.093.773	700	9	800	11	3	810	0	0
1821	571	764621.6	9.664.772	432718	6.224.795	9.145.458	703	783	703	783	3	0	0	0
1822	616	583144.8	-2.176.231	564661.6	12337.82	14779.58	801	9	801	11	3	0	0	0
1823	616	544046.8	7.695.334	605838.4	12567	14715.33	802	9	802	11	3	0	0	0
1824	616	592758.4	-0.00168	594770.2	13030.84	15145.25	803	9	803	11	3	0	0	0
1825	616	570769.6	-0.000375	610585.4	9.885.564	11399.53	804	9	804	11	3	0	0	0
1826	601	0	0	0	33023.02	35539.34	812	9	10	11	3	0	0	0
1831	571	437743.5	-1.224.885	382487.9	3.758.554	4.884.295	650	9	650	11	3	777	0	0
1832	571	752668.8	13719.37	439425.3	3.633.903	4.802.846	813	9	813	11	3	0	0	0
1833	571	752825.8	12353.26	443821.8	1.748.169	3097.51	813	9	813	11	3	0	0	0
1834	618	0	0	0	7.849.139	8.106.625	192	9	192	11	3	0	0	0
1835	599	0	0	0	2.364.107	1.937.923	810	9	810	11	3	0	0	0
1836	602	0	0	0	99.5	1079.74	810	9	810	11	3	0	0	0
1838	595	583661.9	15453.17	570467.5	16345.54	18558.73	720	387	816	387	3	0	0	0
1839	595	602648.4	3.543.818	535585.2	21805.33	24420.06	720	387	816	387	3	0	0	0
1840	595	586732.3	3.906.167	545071.7	7.804.528	10156.09	720	387	816	387	3	0	0	0
1841	595	559935.4	3833.45	563788	13093.97	15668.61	720	387	816	387	3	0	0	0
1843	571	607109.4	47233.89	346426.6	24092.73	27436.7	818	818	818	818	3	0	0	0
1845	571	731811.1	31051.56	334434	9.653.136	13505.66	819	819	819	819	819	0	0	0
1846	571	745784.9	6.400.396	516371.6	10615.84	13662.69	671	9	671	11	3	0	0	0
1847	571	767192.3	4.864.283	529909.4	6.019.949	1.291.904	603	593	679	593	3	0	0	0
1848	571	476300.2	12793.96	443435.2	6.277.916	8.681.461	821	9	821	11	3	0	0	0
1849	595	610310.4	15441.71	566693.9	20104.77	21644.18	720	387	816	387	3	0	0	0
1850	595	556235	5.723.796	546383.8	9.161.918	11912.07	720	387	816	387	3	0	0	0
1851	595	607029.7	3.539.188	548539.6	13723.52	15781.66	720	387	816	387	3	0	0	0
1852	595	595275.2	13122.94	571101	13002.81	14990.05	720	387	816	387	3	0	0	0
1853	595	570798.4	4.192.315	572195.1	16327.12	18378.02	720	387	816	387	3	0	0	0
1854	595	576526.6	5.403.361	545232.1	6.903.657	8.558.093	720	387	816	387	3	0	0	0
1855	617	0	0	0	1.020.125	1.673.762	8	9	8	11	3	0	0	0
1856	571	740826.5	10259.62	433964.7	4.845.493	8.149.664	704	783	704	783	3	0	0	0
1857	571	509545.3	15293.73	328628.5	10976.08	12794.84	822	824	823	824	3	0	0	0
1858	571	500931.1	24165.72	379358.8	12325.51	14278.54	774	9	774	11	3	0	0	0
1859	571	477638.5	5.065.619	392127.9	15076.84	18445.68	743	807	743	807	3	0	0	0
1860	628	0	0	0	9.850.749	1.145.581	851	648	851	648	3	863	0	0
1861	603	615264.1	15208.25	528604.6	20619.48	28089.09	828	739	828	739	3	0	0	0
1862	603	0	0	0	9.620.142	1.374.716	829	9	829	11	3	0	0	0
1863	1	610351.5	1.880.232	435040.4	2.561.362	3.169.894	830	193	830	193	4	0	0	0
1864	1	624169.8	2.464.148	348897.1	4298.77	5.452.161	830	193	830	193	4	0	0	0
1865	1	598478.5	8.139.368	414206.9	4.486.356	5.366.418	831	193	831	193	4	0	0	0
1866	0	549114.1	11329.8	676272.1	459.86	459.86	832	845	832	845	3	0	0	0
1867	605	347312.8	4.010.645	269793.6	8.607.946	10086.29	832	832	10	11	3	0	0	0
1868	571	582171	19677.15	309970.4	8.994.784	11177.2	836	9	836	11	3	836	0	0
1869	603	605826.3	14366.99	593492	5.214.799	7.253.486	837	327	837	327	3	0	0	0
1870	1	535645.5	1.138.202	592570.5	7.888.169	10646.35	232	233	483	233	4	0	0	0
1871	1	657170.8	7.833.167	507909	9026.12	10890.62	839	195	839	195	3	0	0	0
1872	1	657955.7	5470.92	518426.8	8.003.932	9.854.446	839	195	839	195	3	0	0	0
1873	603	615690.4	17056.57	542132	4069.59	4873.01	840	739	840	739	3	0	0	0
1874	603	615721.6	15699.85	546253.1	6.371.412	7234	841	739	841	739	3	0	0	0
1875	603	526784.2	16176.5	535326.4	14393.55	17923.8	841	9	841	11	3	0	0	0
1876	603	595477.3	18085.85	530338.8	8.965.337	11485.96	841	9	841	11	3	0	0	0
1877	1	532889.1	3.274.141	633521.2	10352.01	19825.85	198	199	478	199	3	0	0	0
1878	1	532698.6	3.090.504	675056.3	6.192.438	13046.34	198	199	478	199	3	0	0	0
1880	1	555012.8	2.293.199	651307.2	13252.29	17769.3	847	848	847	848	3	0	0	0
1881	638	0	0	0	1,03E+13	9,64E+13	832	845	832	845	3	0	0	0
1886	648	0	0	0	985.075	183.41	853	849	983	849	3	0	0	0
1896	638	560750.3	3.843.281	671172.1	9680.17	11825.88	857	845	857	845	3	0	0	0
1898	638	522852.9	4.598.345	671060.9	4.020.709	4.960.143	860	9	860	11	3	0	0	0
1899	0	522339.4	-1.011.059	685284.1	17601.37	20379.33	860	845	860	845	3	0	0	0
1900	638	560584.5	-1.513.305	693475.9	6.649.337	9.039.629	861	9	861	11	3	0	0	0
1901	571	578325	5.385.854	249975.5	28979.69	35796.34	871	648	871	648	3	0	0	871
1902	649	0	0	0	1.019.522	312.125	836	648	836	648	3	836	0	0
1903	650	0	0	0	9.703.725	8.468.938	836	648	836	648	3	836	0	0
1904	0	542926.1	1.696.531	682908.4	3.840.042	5.773.972	860	845	860	845	3	0	0	0
1905	648	515082	3604.41	591370	1873.71	2602.09	862	849	983	849	3	0	0	0
1906	648	513901	3774.76	588360	2059.64	3116.23	862	849	983	849	3	0	0	0
1907	648	512331	3715.64	584906	2200.34	3135.09	862	849	983	849	3	0	0	0
1908	648	510452	3622.38	581885	1956.35	3105.26	862	849	983	849	3	0	0	0
1909	648	506823	4147.89	575706	1225.6	2523.04	862	849	983	849	3	0	0	0
1910	648	500802	4384.43	577584	757.172	1539.96	862	849	983	849	3	0	0	0
1911	648	536604	2391.75	590051	1873.71	3266.76	862	849	983	849	3	0	0	0
1912	648	541486	3722.28	584193	1614.54	3157.42	862	849	983	849	3	0	0	0
1913	648	550160	3948.94	588679	1270.32	2996.8	862	849	983	849	3	0	0	0
1914	648	564617.1	6.265.391	930744.3	73735.6	94561.08	864	892	864	11	3	0	0	0
1917	654	0	0	0	5.229.348	9.479.133	832	845	832	845	3	0	0	0
1918	0	611180	2.219.629	550470.4	2.594.084	3.177.556	866	9	866	11	3	0	0	0
1919	0	610665.9	2219.63	554062.1	3.252.144	3.931.917	866	9	866	11	3	0	0	0
1920	0	610233.9	2.217.233	558765.3	2.816.104	3396.89	866	9	866	11	3	0	0	0
1921	0	608850.5	2.217.232	561621.3	2.816.104	3396.89	866	9	866	11	3	0	0	0
1926	0	604809.1	2.217.233	562496.6	3.750.061	4.424.504	866	9	866	11	3	0	0	0
1927	0	601277.6	2.217.232	558923.8	3.412.498	4129.74	866	9	866	11	3	0	0	0
1928	0	600668.8	2.219.629	554832.1	3.100.283	3.679.341	866	9	866	11	3	0	0	0
1929	0	600666.4	2.219.629	551050.8	3.100.283	3.679.341	866	9	866	11	3	0	0	0
1930	654	560521.1	3.843.301	672089.6	8.321.454	9.602.298	867	845	867	845	3	0	0	0
1931	654	521800	5.116.996	670777.4	3.557.902	4863.09	860	845	860	845	3	0	0	0
1932	654	524917.4	3.660.652	674556.8	2.709.006	4.019.434	860	845	860	845	3	0	0	0
1933	654	528205	2.432.531	675723.4	1.812.909	2.352.335	860	845	860	845	3	0	0	0
1934	654	531020.8	3.608.908	676538.5	2.015.957	2.454.978	860	845	860	845	3	0	0	0
1935	654	533742.1	3.325.422	678158.6	1.663.672	2.250.336	860	845	860	845	3	0	0	0
1936	654	535577.9	3.380.111	680042.6	1.663.672	2.250.336	860	845	860	845	3	0	0	0
1937	654	538369.8	3.130.997	680810.3	1.663.672	2.250.336	860	845	860	845	3	0	0	0
1938	654	540549.3	3427.39	682010.3	1.028.334	1.413.678	860	845	860	845	3	0	0	0
1939	654	542236.4	3.377.863	682001.4	1.028.334	1.413.678	860	845	860	845	3	0	0	0
1940	654	543872.9	3.478.114	681486.6	1.028.334	1.413.678	860	845	860	845	3	0	0	0
1941	654	545486.6	3.505.184	682531.7	1.028.334	1.413.678	860	845	860	845	3	0	0	0
1942	654	562251.9	-1682.48	693478.9	6.635.441	8.512.856	861	845	861	845	3	0	0	0
1944	654	558068	738.002	665989.2	2.593.494	3.466.701	832	845	832	845	3	0	0	0
1945	654	554878.1	7.374.795	668847.1	2.593.494	3.466.701	832	845	832	845	3	0	0	0
1946	0	556294.7	7.376.201	675258	2956.31	4.351.575	867	845	867	845	3	0	0	0
1947	0	557995.4	7.382.363	666372.6	2850.08	3.382.411	832	845	832	845	3	0	0	0
1948	0	555427.6	7.374.795	668959.2	2850.08	3.382.411	832	845	832	845	3	0	0	0
1949	0	586545	3.834.881	690213.6	2827.82	3.945.975	860	845	860	845	3	0	0	0
1950	0	562513	-1.547.051	693571.4	6.584.964	8846.47	861	845	861	845	3	0	0	0
1951	0	568475.8	-2.768.471	688579.6	3.814.467	6.067.539	861	845	861	845	3	0	0	0
1952	0	559504.1	748.916	677078.6	2956.31	4.351.575	867	845	867	845	3	0	0	0
1953	0	564393.8	7.800.703	676207.4	2956.31	4.351.575	867	845	867	845	3	0	0	0
1954	0	565330.9	1.282.278	671215.5	2956.31	4.351.575	867	845	867	845	3	0	0	0
1955	0	563744.9	1.280.012	666978.8	2956.31	4.351.575	867	845	867	845	3	0	0	0
1956	0	557676.6	-1268.08	695454.2	3.814.467	6.067.539	861	845	861	845	3	0	0	0
1957	638	558198.9	7.374.795	666669.3	2571.18	3.098.106	868	845	868	845	3	0	0	0
1958	638	554759.6	7.472.588	669577.8	2571.18	3.098.106	868	845	868	845	3	0	0	0
1960	655	0	0	0	1.025.124	1.909.305	832	845	832	845	3	0	0	0
1961	656	0	0	0	1.828.852	4.944.326	832	845	832	845	3	0	0	0
1962	658	0	0	0	100	4.415.948	748	822	748	822	3	0	0	0
1964	654	539592.9	2.904.496	632967.9	8.060.396	10515.9	869	9	10	11	3	0	0	0
1965	654	600895	259.863	664064	15837.1	19583.6	869	9	10	11	3	0	0	0
1966	654	607194	-1747.18	685847	15837.1	19583.6	869	9	10	11	3	0	0	0
1967	451	925514.6	-23308.97	631488	31878.86	33486.61	870	9	10	11	3	0	0	0
1968	654	557573.7	-1.482.691	694258.4	5.338.208	7275.25	861	845	861	845	3	0	0	0
1969	654	568230.7	-2.746.619	688941.8	5.338.208	7275.25	861	845	861	845	3	0	0	0
1970	631	0	0	0	1.015.075	9.390.189	748	9	748	11	3	0	0	0
1971	658	0	0	0	9.801.495	1.666.697	879	880	879	880	3	0	0	0
1972	1	745006.9	58692.44	419286.8	14852.72	17368.9	899	900	899	900	3	0	0	0
1973	0	431613	-78556.7	838748	134009	152245	878	878	878	878	3	0	0	0
1979	648	573444.9	5932.97	571862.6	2.671.122	4.278.928	877	9	10	11	3	0	0	0
1980	648	579000.9	5.822.231	572453.8	2.902.576	3.735.479	877	9	10	11	3	0	0	0
1981	648	575739.9	4728.19	573946	2.257.324	2.791.264	877	9	10	11	3	0	0	0
1982	648	561791.8	4.666.418	576817.7	2.461.499	3.735.479	877	9	10	11	3	0	0	0
1983	648	572193.5	6.118.101	574996.5	2.208.174	2.208.174	877	9	10	11	3	0	0	0
2448	451	589597.5	3.397.031	824072	2.529.201	2.892.589	8	9	10	11	3	0	0	0
2449	451	593252.1	3.590.078	822945.4	35951.47	37343.79	884	9	884	11	3	0	0	0
2450	1	709736	36436.36	473257.3	14062.95	18241.73	882	9	10	11	3	0	0	0
2451	1	732564.4	35001.17	468999.8	14172.55	17061.17	882	9	882	11	3	0	0	0
2453	1	693904	49065.2	425209	10875.4	12259.7	872	9	872	11	3	0	0	0
2454	1	676969.4	48247.14	435259.8	16972.97	21048.49	872	9	872	11	3	0	0	0
2455	1	684858.7	42335.11	447792.9	9.164.811	12696.05	872	9	872	11	3	0	0	0
2457	1	704969.1	39237.9	447218	7756.26	10886.2	883	9	883	11	3	0	0	0
2458	1	714281	42874.6	448228.1	3851.91	6178.35	883	9	883	11	3	0	0	0
2459	1	724334	37919.31	447228.1	4454.5	6586.62	883	9	883	11	3	0	0	0
2460	1	734771.1	37003.81	446079.2	7.005.861	10758.45	883	9	883	11	3	0	0	0
2461	1	747434.1	36635.19	444665.3	6.581.196	10758.45	883	9	883	11	3	0	0	0
2463	0	474060	4639.92	777625	176.738	176.738	887	887	10	887	3	0	0	0
2468	0	491125.2	-3.695.279	815774.3	3.198.892	4.807.104	887	887	10	887	3	0	0	0
2469	0	478688.8	-4.387.959	809906.6	2.766.379	4.598.417	887	887	10	887	3	0	0	0
2470	0	463941.9	-3.671.388	805876.6	5.082.091	7.441.596	888	888	10	888	3	0	0	0
2471	0	465669.7	-7.968.945	817650	10735.05	14707.12	888	888	10	888	3	0	0	0
2478	0	395826.3	-21898.5	862160.9	9.391.925	13209.36	889	889	10	889	3	0	0	0
2487	648	556394.8	1.485.008	917067.9	4.287.181	7.667.729	891	892	891	11	3	0	0	0
2488	631	0	0	0	25514.11	30829.62	905	9	905	11	3	0	0	0
2489	451	600263.1	1.002.754	819082.9	9.564.399	11018.31	893	9	893	11	3	0	0	0
2490	631	644024	-0.00017	614287.8	20344.19	25314	894	9	894	11	3	902	0	0
2492	719	664291.4	48756.23	429280	5.211.488	6.813.256	883	9	883	11	3	0	0	0
2493	719	668741.3	47897.78	436170.4	5.555.685	7.491.727	883	9	883	11	3	0	0	0
2494	719	674718.9	44177.75	444112.3	5.555.685	7.491.727	883	9	883	11	3	0	0	0
2495	719	679793.1	44662.92	450129.1	6.879.259	8.725.843	883	9	883	11	3	0	0	0
2496	719	693337.3	42375.83	450661.3	10762.21	13561.47	883	9	883	11	3	0	0	0
2497	719	705991.1	40475.24	451333	10762.21	13561.47	883	9	883	11	3	0	0	0
2498	719	726449.9	35835.22	450941.4	10762.21	13561.47	883	9	883	11	3	0	0	0
2504	668	0	0	0	9.801.495	2.102.296	748	9	748	11	3	0	0	0
2505	631	704949.4	37642.98	596899.9	2.924.324	3.227.837	897	9	897	11	3	0	0	0
2506	0	803601	12496.7	743941	9.713.571	9.713.571	903	304	903	304	3	0	0	0
2508	631	706143.4	-0.001365	529366.1	20783.55	25355.8	902	9	902	11	3	0	0	0
2509	631	730531.3	-6.7E-05	579232.6	22193.14	27487.72	904	9	904	11	3	0	0	0
2510	646	582080.9	-2.525.691	575416.5	131593.6	206078.5	912	9	912	906	3	0	0	0
2511	659	545886.8	9.303.273	560838.3	71578.13	76533.59	907	9	907	11	3	0	0	0
2512	643	0	0	0	990.025	2.299.856	908	908	908	908	3	0	0	0
2513	670	0	0	0	3167.11	4.225.261	909	9	909	11	3	0	0	0
2515	1	627060	6899.28	948284	977.77	977.77	893	946	893	197	3	0	0	0
2524	724	0	0	0	2.360.072	4.244.884	918	730	918	730	3	0	0	0
2528	657	0	0	0	5.885.491	8.753.636	913	9	10	11	3	0	0	0
2529	728	0	0	0	104.063	1712.34	868	845	868	845	3	0	0	0
2531	0	753905.5	-5.243.906	1026711	13922	18367.21	21	22	454	22	4	0	0	0
2532	0	745430.6	1.603.172	1048754	21360.45	29296.14	21	22	454	22	4	0	0	0
2533	0	730896.3	3.157.266	1065425	13230.3	17955.46	21	22	454	22	4	0	0	0
2534	0	712262.3	7.548.672	1075071	9.030.573	13703.84	916	22	454	22	4	0	0	0
2536	0	714349	-1.584.648	1067635	5.904.655	7.289.843	916	22	454	22	4	0	0	0
2537	726	0	0	0	2.791.861	2.668.661	915	304	915	304	3	0	0	0
2539	451	575815.8	3.106.068	803526.6	1.282.259	2.468.026	922	9	10	11	3	0	0	0
2543	0	824222	1.002.539	788483.2	3.385.969	4692.6	914	9	10	11	3	0	0	0
2546	0	656874.9	6.613.855	552042.7	1.182.765	1.182.765	938	45	938	45	3	0	0	0
2549	643	585321.4	9.485.129	623780.2	8.237.568	1.567.992	908	908	908	908	3	0	0	0
2550	643	591404.5	10401.59	621891.4	3.578.255	8.070.382	908	908	908	908	3	0	0	0
2551	643	579054.5	8.529.559	621888.8	3.578.255	8.070.382	908	908	908	908	3	0	0	0
2552	0	482492.7	-11114.29	839833.5	12327.04	16844.87	940	940	10	940	3	0	0	0
2553	0	465601.4	-12882.02	837387.4	5.434.782	7.794.375	940	940	10	940	3	0	0	0
2554	0	453137.5	-18446.63	825673.8	3.900.409	12547.59	940	940	10	940	3	0	0	0
2555	0	457521.3	-24473.4	843574.8	6.832.377	8.290.294	941	941	941	941	3	0	0	0
2556	0	449559.5	-24372.16	840740.7	6.138.748	8.005.704	941	941	941	941	3	0	0	0
2557	0	479695.3	-14232.65	853379.5	12939.82	16844.87	940	940	10	940	3	0	0	0
2558	0	467523.7	-16136.87	859061.8	8368.35	11168.08	940	940	10	940	3	0	0	0
2559	0	448055	-21827.2	859245	8542.48	11802.1	940	940	10	940	3	0	0	0
2561	0	455974.5	-16159.81	856542.9	6.289.894	8.196.274	940	940	10	940	3	0	0	0
2562	0	435177.8	-15363.61	857708.6	1.744.569	3.619.353	1028	1028	10	1028	3	0	0	0
2563	0	462724.3	-7.950.197	880055.7	6.684.433	9.112.471	942	942	10	942	3	0	0	0
2564	0	471932.5	-7.848.918	884745.4	6.684.433	9.112.471	942	942	10	942	3	0	0	0
2565	0	481779.6	-6.747.492	885568.3	6.684.433	9.112.471	942	942	10	942	3	0	0	0
2566	0	806325.2	3.252.422	531108.1	3.107.943	4.119.797	943	9	943	11	3	0	0	0
2567	0	398075.1	-19257.58	846645.9	9.391.925	13209.36	889	889	10	889	3	0	0	0
2568	0	399481.4	-28767.7	835548.6	7.266.503	10287.54	889	889	10	889	3	0	0	0
2569	0	378713.7	-33006.77	869804.3	10293.02	13080.21	944	944	10	944	3	0	0	0
2570	0	384319.1	-35720.2	854890.1	10293.02	13080.21	944	944	10	944	3	0	0	0
2571	0	386302	-34157.7	847224	4949.35	8624.05	944	944	10	944	3	0	0	0
2572	0	384429	-37985.9	830827	7776.45	10811.4	945	945	10	945	3	0	0	0
2574	0	366801	-36320.8	817123	7068.64	9970.03	947	947	10	947	3	0	0	0
2580	0	357175	-31595.5	864094	9698.11	12001.1	950	950	10	950	3	0	0	0
2581	0	342839	-32002.1	871355	7637.49	10245.6	950	950	10	950	3	0	0	0
2585	0	496240	-45673.38	843477.4	22104.27	26978.07	949	949	10	949	3	0	0	0
2586	0	486559.8	-25023.25	811137.5	12172.16	17250.06	949	949	10	949	3	0	0	0
2587	0	475344	-20088.6	788933	12172.2	15302.7	949	949	10	949	3	0	0	0
2588	0	477689	-30620	872094	12172.2	17250.1	949	949	10	949	3	0	0	0
2589	0	418352.3	-53406.55	856519.8	22104.27	26978.07	949	949	10	949	3	0	0	0
2590	0	412220	-79435.4	895190	40694.6	47439.3	949	949	10	949	3	0	0	0
2595	0	767884	18145.7	784742	332.438	342.562	991	992	953	11	3	0	0	0
2598	646	594706.4	18524.58	573798.5	57449.38	62127.45	954	9	954	11	3	0	0	0
2599	0	845130.3	1.368.475	758946.3	5.961.303	9.526.148	955	304	955	304	3	0	0	0
2602	736	0	0	0	9.047.919	1.312.502	903	304	903	304	3	0	0	0
2603	646	635724.1	5.181.493	586336.8	4.968.688	7.190.151	957	9	10	11	3	0	0	0
2604	646	640000.8	5.154.206	592995.9	6.805.715	8631.26	957	9	10	11	3	0	0	0
2605	646	630318.6	1.553.049	599345.5	4.652.512	6.744.757	957	9	10	11	3	0	0	0
2606	646	554083	6.275.711	555001.1	9.029.692	11794.63	957	9	10	11	3	0	0	0
2613	1	669539.1	5.740.676	349777	9.226.793	12899.58	961	207	961	207	3	0	0	0
2614	1	768398.6	1862.25	545503.5	4.427.038	6.625.858	962	963	962	963	3	0	0	0
2615	1	595553.4	1.807.109	502409.8	6.421.621	8.386.238	964	195	964	195	3	0	0	0
2616	1	648241.3	3102.08	532520.5	3585.97	7.484.103	965	9	10	11	3	0	0	0
2617	1	657994.5	2.833.348	532114.3	2.463.409	5.006.233	965	9	10	11	3	0	0	0
2618	0	672297.6	2.323.043	559757.8	4.109.123	5734.27	966	9	966	11	3	0	0	0
2619	0	696794.9	2.127.451	553488.1	2.674.042	4.250.963	967	9	967	11	3	0	0	0
2620	0	748590.4	5.750.742	547879.6	2.541.505	3.948.244	943	9	943	11	3	0	0	0
2621	0	774849.9	4.022.328	532935.7	2.541.505	3.948.244	943	9	943	11	3	0	0	0
2622	0	786473.2	3.825.277	522223.3	2.541.505	3.948.244	943	9	943	11	3	0	0	0
2623	0	770433.6	3.973.265	500802.2	2.541.505	3.948.244	943	9	943	11	3	0	0	0
2624	0	722989.6	4.570.939	509252.2	2.541.505	3.948.244	943	9	943	11	3	0	0	0
2625	0	714151.4	6109.68	500512.4	4.339.555	8007.01	59	33	457	33	4	0	0	0
2626	0	507102	-18746.3	895859	17919.8	21983	968	968	968	968	3	0	0	0
2628	0	779210	5640.86	750643.1	3229.69	5614.56	1018	9	969	11	3	0	0	0
2629	0	775714	6196.92	751299	1560.71	3445.94	1018	9	969	11	3	0	0	0
2630	0	814121	2156.29	757335.1	8940.75	11622.4	1018	9	969	11	3	0	0	0
2631	0	812058	3246.44	731984	4814.32	6219.7	1018	9	969	11	3	0	0	0
2632	0	784059	4962.16	722077	3837.31	5369.82	970	304	970	304	3	0	0	0
2633	0	779824	4986.7	720627	3837.31	5369.82	970	304	970	304	3	0	0	0
2634	1	718803	36086.9	459867	4153.36	6571.29	882	9	882	11	3	0	0	0
2635	0	490815	-4770.57	809672	3198.89	4807.1	887	887	10	887	3	0	0	0
2636	0	490720	-4756	800361	4914.83	6730.62	887	887	10	887	3	0	0	0
2637	0	489205	-4557.62	793666	6854.01	8563.94	887	887	10	887	3	0	0	0
2638	0	484090	-4282.98	785751	6854.01	8563.94	887	887	10	887	3	0	0	0
2639	0	482421	-4440.98	777287	6854.01	8563.94	887	887	10	887	3	0	0	0
2640	0	473134	-3086.79	777034	7659.52	9670.08	887	887	10	887	3	0	0	0
2641	0	503245	-18570.3	875978	13967	18562.3	968	968	968	968	3	0	0	0
2642	0	512072	-17897.8	860537	13967	18562.3	968	968	968	968	3	0	0	0
2643	0	514469	-17160.4	836786	13967	18562.3	968	968	968	968	3	0	0	0
2644	0	510525	-14212.3	812883	13967	18562.3	968	968	968	968	3	0	0	0
2645	0	510598	-11769.4	791357	13967	17042.4	968	968	968	968	3	0	0	0
2646	0	501867	-8824.48	772109	13967	15888.5	968	968	968	968	3	0	0	0
2647	0	492637	-14376.4	749952	20529.8	25083.3	968	968	968	968	3	0	0	0
2648	0	465948	-13796	750806	18681.8	22658.3	968	968	968	968	3	0	0	0
2649	0	439688	-30699.9	772823.1	26389.9	30435.7	968	968	968	968	3	0	0	0
2650	0	420713	-26980.3	785043	9990.35	13640.1	968	968	968	968	3	0	0	0
2651	0	411255	-26691.2	794625	5534.89	9396.59	968	968	968	968	3	0	0	0
2652	0	467340	-46464	918651	40694.6	47439.3	949	949	10	949	3	0	0	0
2653	0	352437	-82409.5	899442	40694.6	47439.3	949	949	10	949	3	0	0	0
2654	0	328064	-84404.9	869685	40694.6	47439.3	949	949	10	949	3	0	0	0
2655	0	342998	-86887.5	834724	40694.6	47439.3	949	949	10	949	3	0	0	0
2657	0	364874	-81105.2	798397	40694.6	47439.3	949	949	10	949	3	0	0	0
2658	0	400150.1	-81334.8	779988.1	40694.6	47439.3	949	949	10	949	3	0	0	0
2659	0	372772	-36436.3	830898	4740.83	6934.46	945	945	10	945	3	0	0	0
2660	0	380978	-37938.2	821792	4740.83	6934.46	945	945	10	945	3	0	0	0
2661	0	388488	-39116.9	819959	8003.52	10780	945	945	10	945	3	0	0	0
2662	0	384921	-35542.1	817146	2754.99	4084.4	945	945	10	945	3	0	0	0
2663	0	440392.5	-17346.64	849135	5430.4	7805.79	940	940	10	940	3	0	0	0
2667	0	415701	-38420.9	838611	9268.64	15283.3	949	949	10	949	3	0	0	0
2670	0	425173	-40032.6	817769	18406.1	23717.4	949	949	10	949	3	0	0	0
2671	0	436993	-35836	841851	9268.64	15283.3	949	949	10	949	3	0	0	0
2672	0	434264	-17412.6	843015	5313.96	7805.79	940	940	10	940	3	0	0	0
2673	0	374756	-36685.6	808428	7068.64	8936.79	947	947	10	947	3	0	0	0
2674	0	383124	-36261.3	804102	7068.64	8540.92	947	947	10	947	3	0	0	0
2675	0	393205	-35876.8	805974	4422.15	6008.43	947	947	10	947	3	0	0	0
2676	0	399181	-36193.2	811934	2285.8	4635.04	947	947	10	947	3	0	0	0
2677	1	764245	1719.14	558700	2174.26	2764.44	971	972	971	972	3	0	0	0
2678	1	762337	1695.37	553608	2601.7	3179.11	974	972	974	972	3	0	0	0
2679	1	758390	1709.08	551964	3207.91	4234.74	974	972	974	972	3	0	0	0
2680	732	0	0	0	98.015	152.631	975	976	975	976	3	0	0	0
2681	1	623737	228.965	1007330	6998.06	9194.02	999	946	977	946	3	0	0	0
2682	0	560905	7.031.331	632764	12720.8	15942.5	978	845	978	845	3	0	0	0
2683	0	589913.1	2134.49	580280	3938.69	5162.26	979	42	979	42	3	0	0	0
2684	1	642055	1066.49	729368	8665	12997	226	980	450	980	3	0	0	0
2685	1	631175	1757.86	734733	5073.02	7059.92	226	980	450	980	3	0	0	0
2686	1	624403	2175.22	736230	2141.74	3812.54	226	980	450	980	3	0	0	0
2687	1	615282	1734.05	726768	1000.6	2639.56	226	223	450	223	3	0	0	0
2688	0	632558	548.166	643887	3747.86	5038.06	981	123	981	123	3	0	0	0
2690	0	635251	677.541	641832	3747.86	5038.06	981	123	981	123	3	0	0	0
2692	0	626757	2644.26	941441	3066.11	4128.5	982	9	10	11	3	0	0	0
2693	0	629633.1	2571.5	940205.1	3066.11	4128.5	982	9	10	11	3	0	0	0
2694	0	630320	2653.14	935185	2332.86	3451.91	982	9	10	11	3	0	0	0
2695	648	453910	480.064	643211	40148.4	45702.1	983	849	983	849	3	0	0	0
2698	730	0	0	0	6.017.302	8.451.132	985	9	1019	11	3	0	0	0
2699	1	661308	-2704.07	1002870	6101.74	8952.54	987	946	987	946	3	0	0	0
2704	0	468367	-17469.2	788271	12172.2	14004.5	949	949	10	949	3	0	0	0
2705	0	397665	-52059.2	807681	9910.39	13342.5	949	949	10	949	3	0	0	0
2706	0	396677	-41527	796606	9910.39	13342.5	949	949	10	949	3	0	0	0
2707	0	402217	-39741.5	786927	9910.39	13342.5	949	949	10	949	3	0	0	0
2708	0	407164	-38367.1	775541	9910.39	13342.5	949	949	10	949	3	0	0	0
2709	0	413779	-38987	759481	9910.39	13342.5	949	949	10	949	3	0	0	0
2710	0	458675	-33325.3	869766	12172.2	17250.1	949	949	10	949	3	0	0	0
2711	0	355974	-30504.9	849178	12191	14612.5	950	950	10	950	3	0	0	0
2712	0	361420	-31770	851555	12191	14612.5	950	950	10	950	3	0	0	0
2713	0	374486	-31216.5	842408	4195.66	6512.45	950	950	10	950	3	0	0	0
2714	0	427762	-35316.4	888180	11218.6	14022.4	949	949	10	949	3	0	0	0
2715	0	408469	-33501.5	880092	11218.6	15426.3	949	949	10	949	3	0	0	0
2716	0	395641	-44446.7	879651	11218.6	15426.3	949	949	10	949	3	0	0	0
2717	0	380542	-52395.1	880802	11218.6	15426.3	949	949	10	949	3	0	0	0
2718	0	363687	-45725.9	875020	11218.6	13732	949	949	10	949	3	0	0	0
2719	0	353370	-46853.9	878226	11218.6	13923.4	949	949	10	949	3	0	0	0
2720	0	338236	-47748.8	878608	11218.6	14555.2	949	949	10	949	3	0	0	0
2721	0	334698	-47527.1	865377	11218.6	14555.2	949	949	10	949	3	0	0	0
2722	0	341806	-45015.9	856211	11218.6	14555.2	949	949	10	949	3	0	0	0
2723	0	345936	-30853.9	860790	2323.46	4245.65	950	950	10	950	3	0	0	0
2724	0	341880	-45095.8	844550	11218.6	14555.2	949	949	10	949	3	0	0	0
2725	0	348491	-44693.4	834152	11218.6	14555.2	949	949	10	949	3	0	0	0
2726	0	359317	-40869.7	832053	6593.62	10509.5	949	949	10	949	3	0	0	0
2728	1	668435	-8815.57	1014040	14352.4	17719.4	987	946	987	946	3	0	0	0
2729	1	660551	-4393.91	1028700	6922.79	10446.4	987	946	987	946	3	0	0	0
2730	1	682700	-3358.54	1017900	6922.79	10446.4	987	946	987	946	3	0	0	0
2731	1	652618	-3845.09	974059	8286.92	11620.4	989	946	989	946	3	0	0	0
2732	1	659020	-2141.8	989890	4035.8	6867.59	989	946	989	946	3	0	0	0
2733	1	637372	-1634.38	963207	9205.03	11289.6	990	946	990	946	3	0	0	0
2734	1	656770	-538.3	983121	4035.8	6867.59	989	946	989	946	3	0	0	0
2735	1	659487	377.577	958924	5093.11	7354.22	990	946	990	946	3	0	0	0
2736	1	662415	1996.48	963625	2774.11	4702.68	990	946	990	946	3	0	0	0
2737	1	649322	-689.563	956336	7972.69	11064.3	990	946	990	946	3	0	0	0
2738	1	637221	1567.36	952852	4209.02	7802.94	990	946	990	946	3	0	0	0
2739	1	632853	2773.5	946943	2650.68	5239.94	990	946	990	946	3	0	0	0
2740	1	656049	2055.36	948168	4540.08	7250.94	990	946	990	946	3	0	0	0
2741	1	653607	2994.94	939896	3422.66	5388.2	990	946	990	946	3	0	0	0
2742	1	653880	3896.61	933655	2620.58	4398.7	990	946	990	946	3	0	0	0
2743	1	655902	5467.39	927853	2011.01	3762.86	990	946	990	946	3	0	0	0
2744	1	657998	6612.11	924966	2763.14	4324.57	990	946	990	946	3	0	0	0
2745	530	535513	2425.25	729242	2223.07	3434.35	566	9	566	11	3	0	0	0
2748	761	0	0	0	999.975	1720.31	994	995	994	995	3	0	0	0
2749	732	541237	116.724	598215	1030.07	1881.38	994	9	10	11	3	0	0	0
2750	644	0	0	0	420.016	434.928	893	946	893	946	3	0	0	0
2751	0	794185	3981.63	709043	6472.07	8133.64	996	304	996	304	3	0	0	0
2752	0	798887	4485.91	709445	7044.56	8668	996	304	996	304	3	0	0	0
2753	0	788245	4782.47	709470	4655.31	6790.62	996	304	996	304	3	0	0	0
2754	0	847473	4924.81	714612.1	14746.6	17574	997	304	997	304	3	0	0	0
2755	1	689266	2329.98	983247	18310.9	25022	1000	946	1002	11	3	0	0	0
2756	1	594416	1659.29	979048	21500.5	27741.5	1000	946	1002	11	3	0	0	0
2759	1	637926	6266.55	931557	11550.3	15667.1	1000	946	1002	11	3	0	0	0
2760	1	608513	5077.74	936101	13625.6	19131	1000	946	1002	11	3	0	0	0
2761	1	670964	3520.47	935244	9900.38	13532.7	1000	946	1002	11	3	0	0	0
2762	1	675709	1149.3	956465	9003.96	12817.9	1000	946	1002	11	3	0	0	0
2763	1	628314	12117.4	987117	10317.3	15840.9	1000	946	1002	11	3	0	0	0
2765	1	582474	8810	944575	8388.6	12924.8	1000	946	1002	11	3	0	0	0
2766	1	621935	7194.14	916838	7984.36	11608.4	1000	946	1002	11	3	0	0	0
2767	1	619868	4273.84	956658	8222.32	11715.4	1000	946	1002	11	3	0	0	0
2768	754	0	0	0	7448.26	10791.6	1003	9	10	11	3	0	0	0
2770	746	623729	652.959	1007600	7471.57	10007.8	977	946	10	11	3	0	0	0
2771	732	565578	803.159	624391	4206.12	6180.17	1005	976	10	11	3	0	0	0
2772	732	549702	790.471	635342	5192.21	7697.14	1006	976	10	11	3	0	0	0
2773	732	556427	801.485	628528	3427.45	5216.01	1007	976	10	11	3	0	0	0
2774	732	579646	1760.23	622158	4328.34	5614.96	1009	9	10	11	3	0	0	0
2775	732	544664	857.734	619625	4333.04	6284.91	1010	976	10	11	3	0	0	0
2776	732	571850	545.518	613542	5211.43	7252.72	1011	976	10	11	3	0	0	0
2777	732	553422	982.103	615297	4042.03	6043.24	1011	976	10	11	3	0	0	0
2778	0	742809.1	8642.95	762219	7737.81	10619.2	1013	13	1013	13	3	0	0	0
2779	1	714603.1	54596.7	419320.1	2723.19	3716.16	1014	900	1014	900	3	0	0	0
2780	1	721937.1	55878.6	421204	782.016	2235.03	1014	900	1014	900	3	0	0	0
2781	1	716201.1	54545.3	412348	2649.77	4081.23	1015	900	1015	900	3	0	0	0
2782	1	713342.1	54066.7	413242	2046.43	3278.37	1015	900	1015	900	3	0	0	0
2783	1	721319	56161.1	427760	2046.43	3278.37	1016	900	1016	900	3	0	0	0
2784	0	814059	13366.1	757077	8319.79	11093.4	1018	9	969	11	3	0	0	0
2785	0	778541	11730.8	750908.1	3976.92	5176.39	1018	9	969	11	3	0	0	0
2786	0	811860	9997.62	732179	5346.35	6684.72	1018	9	969	11	3	0	0	0
2787	1	642946	12205.3	412987	3395.82	4774.56	218	219	480	219	4	0	0	0
2788	654	603318	-2545.86	721625	29490.4	33537	869	9	10	11	3	0	0	0
2789	654	566572	-3932.22	728615	20536.2	23552.3	869	9	10	11	3	0	0	0
2790	654	549517	-656.898	720806	13530.6	16241.1	869	9	10	11	3	0	0	0
2791	654	539312	1152.54	707642	5923.21	7597.56	869	9	10	11	3	0	0	0
2792	654	532140	-669.034	723289	17947.1	20598.4	869	9	10	11	3	0	0	0
2793	654	512210	-669.301	715592	15835.8	18096.3	869	9	10	11	3	0	0	0
2794	638	599153	1523.74	635921	20561.5	22495.2	869	9	869	11	3	0	0	0
2795	638	609611	-9083.07	662330	22636.1	25549.7	869	9	869	11	3	0	0	0
2796	638	540664	-1689.7	622144	18169.1	20272.4	869	9	869	11	3	0	0	0
2797	655	464725	-14377.8	688047	45555.3	49304	869	9	869	11	3	0	0	0
2798	655	486876	-12940.4	735089	51061.1	54561.8	869	9	10	11	3	0	0	0
2799	656	543347	1640.42	711853	12591.2	14140.8	869	9	869	11	3	0	0	0
2800	656	511824	-6510.8	714259	22417.7	23922.4	869	9	869	11	3	0	0	0
2801	656	500830	-13967.6	703257	27028.9	29235.7	869	9	869	11	3	0	0	0
2802	656	491923	-4326.73	675117	16301.6	17800.9	869	9	869	11	3	0	0	0
2803	0	707415	10090.5	876860	8082.77	11691	1020	24	1020	24	4	0	0	0
2804	0	715724	7475.5	867262	5755.48	10648.7	1020	24	1020	24	4	0	0	0
2805	0	723230	7614.19	861087	5755.48	10648.7	1020	24	1020	24	4	0	0	0
2806	0	727720.1	12116.5	863698	5755.48	10648.7	1020	24	1020	24	4	0	0	0
2807	0	725931	9661.58	856826	5106.13	7986.93	1020	24	1020	24	4	0	0	0
2808	0	798643	-3278.59	764950	5343.38	7670.99	1021	304	1021	304	3	0	0	0
2809	1	797900	6983.72	440884.1	16650.9	22057.8	246	207	458	207	4	0	0	0
2810	754	551419	-0.000355244	610195	1682.71	2861.68	1022	9	1022	11	3	0	0	0
2811	0	737076.1	10962.8	792270	2659.23	5681.5	1018	9	969	11	3	0	0	0
2812	1	721853	3235.42	824634	4015.47	5917.32	1023	240	1023	240	3	0	0	0
2813	1	715937	3207.36	822581	4804.6	6904.77	1023	240	1023	240	3	0	0	0
2814	1	709392	3270.86	824544	1740.11	3651.75	1023	240	1023	240	3	0	0	0
2815	1	691577	3566.29	822162	1740.11	3651.75	1023	240	1023	240	3	0	0	0
2816	1	686949	3065.93	821807	3336.18	4721.21	1023	240	1023	240	3	0	0	0
2817	1	681858	3178.69	819622	3336.18	4721.21	1023	240	1023	240	3	0	0	0
2818	1	676847	3283.17	817596	3336.18	4721.21	1023	240	1023	240	3	0	0	0
2819	1	672783	3185.15	815133	3336.18	4721.21	1023	240	1023	240	3	0	0	0
2820	1	676239	1769.05	811833	1834.47	2838.48	953	240	953	240	3	0	0	0
2821	1	610429	266.591	366843	1570.42	2163.01	1023	207	1023	207	3	0	0	0
2822	1	607797	657.837	368259	1863.41	2486.01	1023	207	1023	207	3	0	0	0
2823	1	604778	407.601	366979	1703.25	2521.38	1023	207	1023	207	3	0	0	0
2824	1	602623	687.147	448900	1570.42	2163.01	1023	207	1023	207	3	0	0	0
2825	1	600207	667.99	448230	1570.42	2163.01	1023	207	1023	207	3	0	0	0
2826	1	597991	688.729	448025	1570.42	2163.01	1023	207	1023	207	3	0	0	0
2827	1	718447	50701.2	470918	9969.51	13420.8	882	9	10	11	3	0	0	0
2828	0	646803	1982.99	615712	4356.93	6234.17	1024	33	1024	33	4	0	0	0
2838	0	435009.5	-14424.74	862039	2.213.656	3.619.353	1028	1028	10	1028	3	0	0	0
2839	0	435249.6	-14000.58	866537.7	2.213.656	3.619.353	1028	1028	10	1028	3	0	0	0
2840	0	431594.2	-13738.16	870739.4	2.213.656	3.619.353	1028	1028	10	1028	3	0	0	0
2841	0	436827.2	-13474.19	871159.1	2.584.312	3.283.615	1028	1028	10	1028	3	0	0	0
2842	0	438918.1	-13365.2	874714.2	2.584.312	3.283.615	1028	1028	10	1028	3	0	0	0
2843	0	442741.6	-13470.19	877113.8	2.584.312	3.283.615	1028	1028	10	1028	3	0	0	0
2844	0	432745.8	-14781.59	877470.6	3.406.691	4.339.088	1028	1028	10	1028	3	0	0	0
2845	0	437242.2	-13469.84	879323.4	2.584.312	3.283.615	1028	1028	10	1028	3	0	0	0
2846	0	435432.3	-13865.03	882513.8	2.584.312	3.283.615	1028	1028	10	1028	3	0	0	0
2847	0	431909.8	-14285.16	882442.3	2.584.312	3.283.615	1028	1028	10	1028	3	0	0	0
2848	0	427323.3	-13366.9	882202.4	2.584.312	3.283.615	1028	1028	10	1028	3	0	0	0
2849	0	425729.5	-13618.94	878673.8	2.584.312	3.283.615	1028	1028	10	1028	3	0	0	0
2850	0	425911.5	-13834.97	875570.9	2.584.312	3.283.615	1028	1028	10	1028	3	0	0	0
2851	0	427103.3	-13741.04	872097.1	2.584.312	3.283.615	1028	1028	10	1028	3	0	0	0
2852	0	427115.8	-13265.57	867927.4	2.584.312	3.283.615	1028	1028	10	1028	3	0	0	0
2853	0	427770.5	-14021.28	863735.3	2.920.726	4.070.769	1028	1028	10	1028	3	0	0	0
2854	0	428159	-14190.55	860184.2	2.299.711	4.070.769	1028	1028	10	1028	3	0	0	0
2856	0	728801.8	7.226.285	708757.8	4.016.268	5.543.361	29	13	499	13	4	0	0	0
2857	0	735085.9	9005.87	714145.4	2.007.394	2.835.766	903	304	903	304	3	0	0	0
2858	0	645555.8	18338.18	794512	1.953.706	2.416.931	34	35	406	35	2	0	0	0
2859	1	773447.3	8.600.742	562543.4	3.748.891	6.382.892	910	215	910	215	4	0	0	0
2862	0	768439	11732.32	789677.4	6.377.267	9.286.345	1030	304	1030	11	3	0	0	0
2863	0	767736	20192.32	790148.3	8.002.845	9.673.078	1030	304	1030	11	3	0	0	0
2864	0	766950.3	29560.07	790441.4	8694.95	11291.15	1030	304	1030	11	3	0	0	0
2865	755	690083	6.166.582	1001987	14481.63	16388.29	1031	9	1031	11	3	0	0	0
2866	755	681810.6	2.753.351	988582.1	16665.87	18323.53	1031	9	1031	11	3	0	0	0
2867	755	670271.5	2.993.158	986741.9	11805.49	14052.92	1031	9	1031	11	3	0	0	0
2868	755	656099.7	2645.94	983067.7	13923.97	15465.4	1031	9	1031	11	3	0	0	0
2869	755	646160.8	3.033.442	995419.6	11836.36	13645.23	1031	9	1031	11	3	0	0	0
2870	755	642324.2	3.725.011	1008456	13751.23	15656.98	1031	9	1031	11	3	0	0	0
2871	755	640780.1	1.828.545	1019812	16401.77	19237.39	1031	9	1031	11	3	0	0	0
2872	755	636208.6	5.020.055	987103.7	17240.81	19114.44	1031	9	1031	11	3	0	0	0
2873	755	653158.4	2.559.601	1032124	14679	16788.37	1031	9	1031	11	3	0	0	0
2874	755	670513.6	1.383.768	1032432	12980.9	15139.52	1031	9	1031	11	3	0	0	0
2875	755	682881.6	2.072.047	1028996	13684.14	15475.38	1031	9	1031	11	3	0	0	0
2876	755	692358.8	2.017.373	1016434	16628.3	17967.86	1031	9	1031	11	3	0	0	0
2924	0	810140.9	9.855.723	796730.4	5.018.336	6.776.337	914	9	10	11	3	0	0	0
2925	0	814839.9	1.062.871	799386.9	5.018.336	6.776.337	914	9	10	11	3	0	0	0
2927	605	244128.3	0	201121.5	2.302.391	4.244.895	426	1038	1038	11	3	0	0	0
2928	605	251675.4	0	200614.9	3.151.232	4.244.895	1037	9	10	11	3	0	0	0
2929	605	249508.1	0	206356.2	3.151.232	4.244.895	1037	9	10	11	3	0	0	0
2931	605	241635.6	0	212368.4	1.282.495	2.439.051	8	9	10	11	3	0	0	0
2932	605	244312.7	0	202144.1	6.512.983	8.218.589	1037	9	10	11	3	0	0	0
3236	669	0	0	0	2.777.778	6.031.244	1039	9	1039	11	3	0	0	0
3248	861	0	0	0	2.777.709	3.876.879	1045	1045	1045	1045	3	0	0	0
3249	720	606722.6	2.743.515	617408.9	1.277.948	2.079.313	1042	1042	1042	1042	2	0	0	0
3251	859	0	0	0	2.791.667	6.548.505	1043	345	1043	345	3	0	0	0
3252	859	661348.5	2.790.986	1031135	3.122.912	4.735.313	1044	9	1044	11	3	0	0	0
3254	720	614400	6.530.505	614400	2.675.418	3.111.553	1041	1041	1041	1041	3	0	0	0
3260	720	625893.9	3.595.293	627829.5	9.498.939	1.443.809	1046	1046	1046	1046	2	0	0	0
3262	930	0	0	0	5.966.752	1.011.417	1047	1047	1047	1047	3	0	0	0
3263	930	795138.6	741.833	710468.1	2.481.384	3.492.042	953	9	953	11	3	0	0	0
3264	930	792614.1	1100.97	710177.6	1.143.924	1.966.032	953	9	953	11	3	0	0	0
3265	930	792402.7	1.244.392	704917.6	1.143.924	1.966.032	953	9	953	11	3	0	0	0
3273	661	0	0	0	2.729.456	3.205.096	853	849	983	849	3	0	0	0
3274	736	845378.7	1.396.688	759457.6	6.060.854	8.383.886	955	304	955	304	3	0	0	0
3275	720	616325.4	1.277.915	578041.8	6.370.447	13772.34	1055	9	1055	11	3	0	0	0
3277	720	616456	1.831.024	552941.9	4.237.426	6.369.154	1056	9	1056	11	3	0	0	0
3289	968	0	0	0	2.078.219	2.099.053	532	9	532	11	3	0	0	0
3329	938	0	0	0	2.791.667	3.886.291	1059	9	1059	11	3	0	0	0
3349	860	473804.6	2.986.924	601799.4	4.956.903	7.228.637	1063	1053	1063	11	3	0	0	0
3354	720	607614.1	1.698.203	614575.3	1.463.559	2.054.157	1041	1041	1041	1041	3	0	0	0
3378	939	0	0	0	1.727.476	1.797.797	1119	9	1119	11	3	0	0	0
3382	720	0	0	0	5.056.621	6.275.849	1042	9	1042	11	3	0	0	0
3383	870	586699.3	8.389.871	661984.3	2.397.965	3.210.353	1069	9	1069	11	3	0	0	0
3384	720	0	0	0	3.089.353	4.250.732	1042	1042	1042	1042	3	0	0	0
3387	870	2.329.188	1.052.355	6.714.375	9.510.596	9.510.596	776	20	776	20	3	0	0	0
3389	860	493007.1	4.714.795	579451.4	3.198.808	4.481.098	1071	9	1071	11	3	0	0	0
3390	860	499111	4104.57	578736.2	4.490.631	5.686.769	1071	9	1071	11	3	0	0	0
3391	860	505753.5	3078.6	578492	6.441.298	8.170.059	1071	9	1071	11	3	0	0	0
3392	860	514105.4	3.049.396	580783.4	3962.03	5.865.524	1071	9	1071	11	3	0	0	0
3394	938	585599	-6.139.257	534833	3.197.229	3738.35	1073	9	1073	11	3	0	0	0
3395	974	383856.7	3.463.594	759040.7	6.748.111	11349.35	1076	1127	1076	1127	3	0	0	0
3396	974	0	0	0	0.2695206	1.436.791	1130	1127	1130	1127	3	0	0	0
3398	974	384212.2	3.463.594	772535.6	9.976.941	14337.27	1076	1127	1076	1127	3	0	0	0
3399	974	379858.5	-8.811.953	781467.6	9.976.941	14337.27	1076	1127	1076	1127	3	0	0	0
3400	870	593860.4	22572.22	483098.3	11048.28	22883.67	1258	20	1258	20	3	0	0	0
3402	870	732673.5	12397.69	572067	9.755.081	1.275.978	1106	1080	1106	11	3	0	0	0
3403	870	668943.4	33399.75	530029.5	3.291.017	3.291.017	1085	1080	1082	11	3	0	0	0
3410	870	661333.9	-6.107.441	502881.9	12554.24	17934.26	1082	1080	1082	11	3	0	0	0
3411	870	683181.4	2.713.067	512144.6	10682.39	13227.02	1082	1080	1082	11	3	0	0	0
3412	870	640376.3	2.296.268	500941.1	8.973.285	12716.69	1082	1080	1082	11	3	0	0	0
3413	870	693483.6	-4.101.719	598978.5	9.289.505	12720.48	1082	1080	1082	11	3	0	0	0
3415	870	721972.8	-2217.34	626042.1	11464.52	17515.94	1083	1080	1082	11	3	0	0	0
3416	870	715687.5	9.858.907	608748.1	6.930.985	12651.16	1083	1080	1082	11	3	0	0	0
3417	870	699645.9	-1.033.034	624899.1	12599.71	17791.04	1083	1080	1082	11	3	0	0	0
3454	938	612962.1	4.645.473	512676.2	9.621.735	9.621.735	1095	9	1095	11	3	0	0	0
3465	967	1108367	3.305.717	1113018	36050.79	59526.85	1124	9	10	11	3	0	0	0
3467	870	593102.1	13498.59	614877.6	1.504.393	3.318.925	1107	960	1107	11	3	0	0	0
3471	959	0	0	0	1.699.176	2.752.006	1110	20	1110	20	3	0	0	0
3472	870	3.773.563	2.855.146	750.25	4.561.924	7.605.423	1110	20	1110	20	3	0	0	0
3476	967	714193.7	2.548.879	695806.3	2.547.015	3.121.058	1114	9	1114	11	3	0	0	0
3478	967	700850.6	1.164.188	678349.9	5.285.323	6.897.454	792	9	792	11	3	0	0	0
3499	940	0	0	0	1.023.272	1.469.712	1114	9	1114	11	3	0	0	0
3500	940	604535.8	-1.309.558	486737	6.366.287	7.849.112	792	9	792	11	3	0	0	0
3519	967	698537.4	3.103.226	710132.8	3.121.692	5260.17	1114	9	1114	11	3	0	0	0
3520	967	180118.3	-2.677.762	1044360	32099.38	36318.06	1120	9	1120	11	3	0	0	0
3522	967	1054754	-8000	142105.7	69297.79	87802.16	1105	9	10	11	3	0	0	0
3523	967	133096.1	0	142458.7	48537.25	56279.7	1115	9	10	11	3	0	0	0
3524	860	457991.4	8.506.154	583974.5	1.385.664	3199.03	1116	1053	1116	1053	3	0	0	0
3525	860	0	0	0	1.165.481	1.365.733	1052	1053	1052	1053	3	0	0	0
3526	860	441778.1	7.868.445	584077.2	9.839.395	11486.66	1052	1053	1052	1053	3	0	0	0
3529	751	716272.3	8.510.488	979657.3	4.934.035	5.900.256	16	9	496	11	3	0	0	0
3537	870	672924.2	9.062.738	694531.1	21243.21	34737.68	1121	9	1121	11	3	0	0	0
3538	870	706043.1	8.629.404	692736.6	19520.49	36520.79	1121	9	1121	11	3	0	0	0
3539	870	643139.8	9.384.141	694463.4	20185.82	32629.01	1121	9	1121	11	3	0	0	0
3551	974	386739.9	5.783.901	745762.7	4.926.349	7509.23	1129	1127	1129	805	3	0	0	0
3552	730	614535.9	1.109.886	603072.8	7.449.445	8.500.543	1131	9	1131	11	3	0	0	0
3553	967	138942.4	1.639.467	1058778	1.100.714	1.596.472	1131	9	1131	11	3	0	0	0
3555	870	596221.7	6.973.682	386001.5	15220.47	17042.75	1139	9	10	11	3	0	0	0
3556	870	621560.1	14591.93	585347.6	3.946.983	6.103.862	1136	9	1136	11	3	0	0	0
3557	870	618950.6	12110.69	589660.6	2.406.934	3.857.464	1136	9	1136	11	3	0	0	0
3561	967	179181.5	-7.352.662	1051459	7.259.813	7.376.064	1138	1138	1138	1138	3	0	0	0
3562	967	176402.7	-8.108.986	1049959	7932.71	8017	1138	1138	1138	1138	3	0	0	0
3563	967	173684.7	-7.175.675	1048509	6885.29	6.976.689	1138	1138	1138	1138	3	0	0	0
3564	967	171411.9	-7063.56	1045024	6.856.823	6.940.524	1138	1138	1138	1138	3	0	0	0
3565	967	153171.1	8.305.157	1075731	2.247.078	3259.23	1140	1140	1140	1140	3	0	0	0
3566	940	591528.3	1.558.785	459014.6	5.618.171	7.252.304	792	9	792	11	3	0	0	0
3583	870	595265.6	19275.28	497597.6	2.667.212	14039.08	1258	20	1258	20	3	0	0	0
3584	870	560498.9	26331.1	517074.4	7.457.744	7.457.744	1258	9	1258	11	3	0	0	0
3592	870	567917.1	32177.67	570892.7	1.936.696	1.936.696	1117	1274	1117	1274	3	0	0	0
3597	870	581696.9	5.792.004	616494.4	1.197.958	2528.32	1152	9	1152	11	3	0	0	0
3604	870	543120	5.834.875	605738.6	4.011.351	5434.75	1154	1153	1154	11	3	0	0	0
3605	870	541528.1	5.049.689	612184.5	4.109.743	7.204.755	1154	1153	1154	11	3	0	0	0
3606	870	555967	8.483.016	616294.9	4.095.075	5.521.484	1155	1153	1155	11	3	0	0	0
3612	870	627044.4	14284.01	586420.8	1729.59	3.046.579	1136	9	1136	11	3	0	0	0
3613	870	631478.1	3.170.606	655005.8	3.351.122	4.906.327	1156	9	1156	11	3	0	0	0
3614	870	627413.9	3.498.438	656042.4	2.266.228	3.644.611	1156	9	1156	11	3	0	0	0
3620	870	2.222.313	3.667.496	5.505.625	1.230.385	2.506.399	1161	1226	1161	1226	3	0	0	0
3676	870	600784.3	17137.66	536149.1	3.785.385	8.051.951	1359	1226	1359	1226	3	0	0	0
3677	870	605243.6	16491.69	533703.1	2.680.985	6.093.208	1359	1226	1359	1226	3	0	0	0
3678	870	605555.3	16695.28	541733.6	2.680.985	6.093.208	1359	1226	1359	1226	3	0	0	0
3679	870	575194.7	21596.63	511068.6	3.344.268	8.869.345	1258	9	1258	11	3	0	0	0
3681	870	660655.8	8.062.575	559980.8	2.398.368	4616.3	1229	1080	1229	11	3	0	0	0
3683	870	657995.4	7.931.754	561695.6	2.971.876	5.534.016	1229	1080	1229	11	3	0	0	0
3684	870	657581.4	8.037.879	555433.3	2.398.368	4616.3	1229	1080	1229	11	3	0	0	0
3685	870	828.875	-1.871.508	493.125	1.403.277	1.757.583	1358	1080	1358	1080	3	0	0	0
3686	1004	592731.6	-0.0009765625	581703.5	3.801.197	4869.53	1232	39	1232	39	3	0	0	0
3687	1004	591118.3	4.374.023	574775.2	1.875.052	2.512.736	1233	39	1233	39	3	0	0	0
3688	1004	593978.6	4.251.953	573056.5	3372.59	3.789.681	1233	39	1233	39	3	0	0	0
3689	1004	588276.9	1.894.375	573441.4	3372.59	3.789.681	1233	39	1233	39	3	0	0	0
3690	1001	594936.4	4.646.917	581234.1	2.337.213	2.700.895	1232	9	1232	11	3	0	0	0
3691	1001	596437.8	4.646.201	577742.6	2.020.959	2.276.402	1232	9	1232	11	3	0	0	0
3692	870	507061.6	14853.03	507539.2	2.324.795	14189.88	1237	9	1237	11	3	0	0	0
3694	870	3.535.625	3.652.175	5.808.125	2.673.691	4.206.923	1224	1323	1224	1226	3	0	0	0
3717	870	556866.5	8.823.355	620129.8	1.022.566	3.882.467	1155	1153	1155	11	3	0	0	0
3718	870	566888.6	7.809.195	610270.8	1.287.146	4640.8	1234	9	1234	11	3	0	0	0
3719	870	568877.6	7.820.486	605438.3	1.287.146	4640.8	1234	9	1234	11	3	0	0	0
3720	870	570997.1	7.803.979	599379	1.287.146	4640.8	1234	9	1234	11	3	0	0	0
3721	870	565999.8	7.876.056	614622.2	1.287.146	4640.8	1234	9	1234	11	3	0	0	0
3722	870	565114.1	7.763.468	620295	1.287.146	4640.8	1234	9	1234	11	3	0	0	0
3723	870	565114.1	7.763.468	620295	1.287.146	4640.8	1234	9	1234	11	3	0	0	0
3724	870	562581.5	8.327.542	624182.4	1.287.146	4640.8	1234	9	1234	11	3	0	0	0
3725	870	568376.1	7199.19	621223.1	1.287.146	4640.8	1234	9	1234	11	3	0	0	0
3726	870	570028.1	7.216.559	614545.3	1.287.146	4640.8	1234	9	1234	11	3	0	0	0
3727	860	484625.9	3.357.783	599467.8	6.054.733	8.669.734	1063	1053	1063	11	3	0	0	0
3729	998	0	0	0	1.428.611	2.601.881	1322	1274	1322	1274	3	0	0	0
3732	870	640816	8.770.036	595118.7	2.983.592	4.703.554	1106	1080	1106	1080	3	0	0	0
3733	870	640674.3	8.359.726	598882.4	1.876.772	4.703.554	1106	1080	1106	1080	3	0	0	0
3747	976	0	0	0	2.503.129	3.535.627	1063	1053	1063	1053	3	0	0	0
3748	975	0	0	0	2.349.706	2.986.607	1063	1053	1063	1053	3	0	0	0
3750	1019	0	0	0	2.777.639	472.864	256	257	256	257	3	0	0	0
3751	1019	774940.3	-4.122.793	748915.1	6.327.316	14183.14	1120	257	1120	257	3	0	0	0
3752	870	553696.8	18059.99	569978.7	3.104.238	5.084.263	1257	9	1257	11	3	0	0	0
3814	870	499158.2	5.282.152	635580.4	2.596.619	3.870.661	1280	13	1280	0	0	0	0	0
3838	870	496885.7	5.279.479	633832.1	1.786.859	3.527.499	1280	13	1280	0	0	0	0	0
3839	870	495493.3	5.671.528	570888.2	2.442.213	3.756.353	1280	1226	1280	1226	0	0	0	0
3840	870	501344.1	6.128.236	570410.2	3.399.586	5.293.463	1280	1226	1280	1226	0	0	0	0
3841	870	503635.4	7.597.314	567002.8	1.890.003	5.290.615	1280	1226	1280	1226	0	0	0	0
3842	870	493590.3	5.839.498	571226.6	7.041.929	4.621.209	1280	1226	1280	1226	0	0	0	0
3844	870	488958.7	3.917.639	571990.1	7.041.929	4.621.209	1280	1226	1280	1226	0	0	0	0
3853	870	465632.4	7.300.739	593088.3	2.836.745	3.776.202	1302	1226	1302	1226	0	0	0	0
3854	870	469220.9	7.351.733	593054.8	1.875.862	3.130.037	1302	1226	1302	1226	0	0	0	0
3859	451	14416.31	3.111.719	33953.19	7.107.865	5.253.515	12	9	0	0	0	0	0	0
3866	870	527071.2	10810.6	579878.1	1.824.716	4.669.733	1344	1226	1344	1226	0	0	0	0
3867	870	524149	10555.06	579930.1	1.824.716	4.284.724	1344	1226	1344	1226	0	0	0	0
3868	870	520822.3	10240.18	580250.2	1.824.716	4.413.744	1344	1226	1344	1226	0	0	0	0
3869	870	518427.5	9.808.661	579347.7	1.824.716	4.365.206	1344	1226	1344	1226	0	0	0	0
3870	870	514477.6	9.181.531	579481.5	1.824.716	4.618.892	1344	1226	1344	1226	0	0	0	0
3871	870	511402.7	8.924.504	580929.9	2.655.165	5.224.528	1344	1226	1344	1226	0	0	0	0
3872	870	507271.7	7945.85	584566.3	5.647.931	9.583.401	1344	1226	1344	1226	0	0	0	0
3873	870	498608.7	7.534.195	587992.1	4.397.497	9.004.021	1344	1226	1344	1226	0	0	0	0
3874	870	491637	7.497.107	591818.6	3.506.074	7.662.242	1344	1226	1344	1226	0	0	0	0
3875	870	487712.6	7.516.727	595259.3	3.506.074	7.232.831	1344	1226	1344	1226	0	0	0	0
3876	870	482009	7.673.172	597017.3	2.976.468	6.692.019	1344	1226	1344	1226	0	0	0	0
3877	870	477779.3	7.848.637	598801.4	2.976.468	6.659.584	1344	1226	1344	1226	0	0	0	0
3878	870	524631.1	5.179.086	627308.8	2.598.364	4.117.392	1344	1226	1344	1226	0	0	0	0
3879	870	519591.3	4.970.289	626739	2.976.468	5.854.378	1344	1226	1344	1226	0	0	0	0
3880	870	515108.4	4789.01	625945.8	2.976.468	5949.35	1344	1226	1344	1226	0	0	0	0
3881	870	510922.1	4.582.898	624784.8	2.976.468	6.024.144	1344	1226	1344	1226	0	0	0	0
3882	870	506332.9	4.518.348	623503.6	2.976.468	6.401.439	1344	1226	1344	1226	0	0	0	0
3883	870	501806.1	4.353.045	622634	2.976.468	4.477.154	1344	1226	1344	1226	0	0	0	0
3884	870	495572.7	4.530.885	622400.6	5.406.286	9.564.519	1344	1226	1344	1226	0	0	0	0
3885	870	488825.4	3.772.893	621972.9	4.744.953	9.556.682	1344	1226	1344	1226	0	0	0	0
3886	870	482133.8	4.821.076	620509.5	4.415.486	5.809.026	1344	1226	1344	1226	0	0	0	0
3887	870	475549.3	5.664.041	618791.4	4.415.486	5.809.026	1344	1226	1344	1226	0	0	0	0
3888	870	463879.1	9.489.438	610590.2	13344.29	22275.33	1344	1226	1344	1226	0	0	0	0
3895	870	527368.4	5.668.271	626281.7	2.409.025	4.251.104	1360	1226	1360	1226	0	0	0	0
3896	870	530661.3	5.349.346	625786.1	2.019.652	4.357.457	1360	1226	1360	1226	0	0	0	0
3897	870	534669.7	4.563.399	625466.1	2.914.365	5.129.975	1360	1226	1360	1226	0	0	0	0
3898	870	536110.9	4375.19	628456.5	8.686.685	1.577.072	1360	1226	1360	1226	0	0	0	0
3899	870	681942.3	2.264.961	584309	4.993.162	7.415.888	1358	1226	1358	1226	0	0	0	0
3900	972	681610.3	3195.95	584324.7	9.044.567	10867.8	1106	1080	1082	1080	0	0	0	0
3903	860	474118.4	2.901.842	591997.9	4.956.903	7.228.637	1063	1053	1063	11	3	0	0	0
3904	870	541672.1	16310.59	541869	1.491.079	4.262.074	1359	1226	1359	1226	0	0	0	0
3905	870	537207.7	16309.27	543078.4	1.491.079	4.041.452	1359	1226	1359	1226	0	0	0	0
3906	870	534725.1	16262.67	542986.5	1.399.724	2.941.762	1359	1226	1359	1226	0	0	0	0
3907	870	532739.4	16273.5	541256.6	9.873.478	2.971.434	1359	1226	1359	1226	0	0	0	0
3910	961	0	0	0	1.109.981	1.638.408	1351	9	1351	0	3	0	0	0
3911	960	0	0	0	448.633	5.890.346	1352	1080	1352	1080	3	0	0	0
3912	1043	0	0	0	2.311.747	3.733.405	247	9	247	0	0	0	0	0
3913	870	622665.4	20343.89	558292.5	5.609.909	6.526.229	1365	9	1365	11	3	0	0	0
3914	870	494545	9.584.153	545128.1	4.153.101	5.339.879	1353	1226	1353	1226	0	0	0	0
3915	870	500306.6	9.517.563	546007.2	4.153.101	5.339.879	1353	1226	1353	1226	0	0	0	0
3916	870	506938.3	10487.04	548328.4	4.153.101	5.339.879	1353	1226	1353	1226	0	0	0	0
3917	870	511760.3	10486.94	549233.4	4.153.101	5.339.879	1353	1226	1353	1226	0	0	0	0
3919	870	577024.3	5.503.828	676725.4	5.306.057	8.848.376	1356	9	1356	0	0	0	0	0
3920	962	0	0	0	385.485	5.551.421	1257	9	1257	0	3	0	0	0
3921	996	0	0	0	5.116.696	6.346.161	1117	1274	1117	1274	3	0	0	0
3922	1009	0	0	0	5.926.249	8.795.447	1327	9	1327	0	3	0	0	0
3923	1011	0	0	0	1.079.146	1.569.398	1161	1226	1161	1226	3	0	0	0
3924	980	0	0	0	6.727.224	1.158.342	884	9	884	0	3	0	0	0
3925	1010	0	0	0	5.891.818	839.494	915	946	915	946	3	0	0	0
3926	999	774492.3	9.905.391	749436.6	11558.23	18317.34	256	257	495	257	3	0	0	0
3928	999	0	0	0	3.210.618	5.088.151	1364	257	1364	257	3	0	0	0
3929	1000	775013.9	9.877.852	749184.3	13438.4	17804.76	256	257	256	257	3	0	0	0
3930	1000	0	0	0	373.289	4.945.766	1364	257	1364	257	3	0	0	0
3931	1005	653583.3	15268.24	534461.1	7.003.541	10233.03	1230	9	1230	0	3	0	0	0
3932	1005	0	0	0	6.545.088	9.648.767	1366	1080	1366	1080	3	0	0	0
3934	1014	550556.2	32556.05	473305.1	8.728.155	13286.41	1300	1300	1110	1300	3	0	0	0
3935	1014	0	0	0	2.424.488	3.690.668	1368	1078	1368	1078	3	0	0	0
3936	1024	683096.9	7.655.621	539265.9	4.144.952	6.722.909	1106	1080	1106	1080	3	0	0	0
3937	1024	0	0	0	1.344.798	165.258	1369	1080	1369	1080	3	0	0	0
3938	1028	682532.5	-1.871.875	505295.1	22675.79	28850.19	1106	1080	1082	1080	3	0	0	0
3939	1035	0	0	0	5.000.851	7.592.362	1322	1274	1322	1274	3	0	0	0
3940	1048	0	0	0	1.041.994	1.527.438	1370	1365	1370	1365	3	0	0	0
3941	1048	576190.9	4.240.234	710034.4	1.885.062	2.822.661	1069	1365	1069	1365	3	0	0	0
3946	1049	441277.1	5.544.664	539225.9	27543.54	34152.76	1161	1226	1161	1226	3	0	0	0
3947	1049	0	0	0	2.718.683	428.798	1371	1226	1371	1226	3	0	0	0
3948	1050	450955.9	3833.98	665300.6	17171.4	21746.81	1224	1226	1224	1226	3	0	0	0
3949	1050	0	0	0	4.863.227	6.521.949	1372	1226	1372	1226	3	0	0	0
3953	1051	0	0	0	1.340.753	1.888.059	776	9	776	9	3	0	0	0
3957	870	485351.7	9.223.731	607680.9	2.976.468	9.211.088	1344	1226	1344	1226	0	0	0	0
3958	870	491287.6	6.407.609	628706.8	2.021.542	3.877.203	1344	1226	1344	1226	0	0	0	0
3963	1048	576373	4.766.602	713163.2	1.885.062	2.822.661	1069	1365	1069	1365	3	0	0	0
3965	1048	579286.3	-4.105.859	714579.6	4.065.404	5.619.736	1069	1365	1069	1365	3	0	0	0
3966	1048	583097.9	8.492.578	717755.4	5.307.025	6.953.876	1069	1365	1069	1365	3	0	0	0
3967	1048	588394.7	1.378.281	719358	5.307.025	6.953.876	1069	1365	1069	1365	3	0	0	0
3968	1048	593414.1	1210	717238.9	5.510.306	6.528.738	1069	1365	1069	1365	3	0	0	0
3969	870	619202.1	15515	580345.5	3.946.983	6.103.862	1136	9	1136	11	3	0	0	0
3970	870	617279.4	17162.14	573189.5	3.946.983	6.103.862	1136	9	1136	11	3	0	0	0
3971	1008	0	0	0	1.524.829	2.235.778	1375	9	1375	0	3	0	0	0
3972	860	467395.8	6971.52	597182.4	5.495.727	8.729.051	1063	1053	1063	11	3	0	0	0
