field0	field1	field2	field3	field4	field5	field6
21590	1158536704	1147165999	1139807224	0	0	1117782016
21591	1158688924	1147799323	1139842548	0	0	1128464384
21592	1158669390	1148009464	1139843170	0	0	1093664768
21593	1158688924	1147799323	1139842548	0	0	1128464384
21594	1158536704	1147165999	1139807224	0	0	1117782016
21595	1158669390	1148009464	1139843170	0	0	1129512960
21616	1158639821	1148264956	1139930563	0	0	0
21617	1158679142	1147824669	1139930333	0	0	0
21618	1158696632	1147321287	1140191789	0	0	0
21619	1158716375	1147294941	1140563968	0	0	0
21620	1158532833	1147041628	1140456194	0	0	0
21621	1158750945	1147247477	1139896975	0	0	0
21622	1158682952	1147682341	1139839861	0	0	0
21623	1158423716	1147769635	1139839664	0	0	0
21624	1158438789	1147465646	1139839697	0	0	0
21625	1158572687	1147230175	1140131922	0	0	0
21626	1158740623	1147824931	1139930563	0	0	0
21627	1158726042	1147667087	1139859685	0	0	0
21628	1158530294	1147125760	1139844907	0	0	0
21629	1158662840	1147992343	1139841466	0	0	0
21630	1158514934	1148105392	1139840221	0	0	0
21631	1158400451	1147455685	1139858506	0	0	1115749148
21632	1158458614	1147908145	1139973521	0	0	0
21633	1158421012	1147243610	1140098597	0	0	0
21634	1158725673	1147456963	1139855032	0	0	0
21635	1158507684	1147434189	1139839795	0	0	0
21636	1158688440	1147214938	1139850641	0	0	0
21637	1158652314	1147881243	1117973250	0	0	0
21638	1158693437	1148230877	1139977421	0	0	0
21639	1158514934	1148105392	1139840221	0	0	0
21640	1158578340	1148542796	1139898483	0	0	1132817285
21641	1158620736	1147929771	1139876715	0	0	1133009430
21643	1158632121	1148028928	1139869691	0	0	1129164376
21644	1158564046	1148360989	1139887789	0	0	1120567296
21645	1158604516	1148470813	1139917221	0	0	1133119570
21646	1158655019	1147568299	1139864601	0	0	1134703226
21647	1158665991	1147648171	1139863501	0	0	1114011496
21648	1158537337	1148038912	1139870421	0	0	1103512944
21649	1158548437	1148673422	1139943547	0	0	1134015807
21650	1158637817	1147318727	1139854434	0	0	1135420736
21651	1158603243	1147271566	1139851309	0	0	1129060172
21653	1158571459	1148724429	1139952419	0	0	1133931495
21654	1158639165	1148390081	1139934429	0	0	1132670779
21655	1158642360	1148323676	1139939607	0	0	1132523323
21657	1158536768	1148632946	1139935262	0	0	1134571815
21658	1158576740	1148186624	1139872244	0	0	1133488013
21659	1158535168	1147582350	1139873565	0	0	1133038273
21660	1158530496	1147444708	1139861872	0	0	1129485696
21661	1158350151	1148399758	1140135703	0	0	1133142573
21662	1158440469	1147815225	1139865815	0	0	1133975667
21663	1158480775	1147381561	1139866862	0	0	1134801420
21664	1158472093	1147933810	1139854864	0	0	1121041383
21665	1158481593	1147853796	1139867405	0	0	1123813556
21666	1158654771	1148030288	1139839894	0	0	1123901899
21667	1158681641	1147791704	1139841991	0	0	1075803031
21668	1158526689	1147382120	1139843170	0	0	1128750514
21669	1158577398	1147287388	1139888914	0	0	1115014038
21670	1158680044	1148062532	1139839894	0	0	1108702659
21671	1158562243	1147239793	1140216168	0	0	1131227775
21672	1158526613	1148427293	1139945684	0	0	1132815974
21673	1158394980	1148058965	1139919632	0	0	1132986368
21674	1158526080	1147847225	1139863629	0	0	1132670714
21675	1158586581	1147818325	1139884002	0	0	1133024608
21677	1158609508	1148556288	1139928341	0	0	1116471296
21678	1158594930	1148141739	1139864653	0	0	1131950440
21679	1158543154	1147875328	1139860311	0	0	1133903872
21681	1158594645	1147498126	1139878283	0	0	1135378432
21687	1158380715	1147723748	1139871204	0	0	1132828541
21688	1164001810	1153645113	1144880546	0	0	1118793739
21689	1164003268	1153718315	1144880546	0	0	1118742738
21690	1164018037	1153859997	1144732278	0	0	1118641624
21691	1164009867	1153937764	1144644597	0	0	1118417134
21692	1164016423	1154068665	1144629915	0	0	1117932988
21693	1164031040	1154210660	1144626889	0	0	1113149519
21694	1164101806	1154306560	1144629915	0	0	1107769638
21695	1164164917	1154389945	1144629915	0	0	0
21696	1164001810	1153645113	1144880546	0	0	1118793739
21697	1163990965	1153726564	1144880545	0	0	1118742736
21698	1163990681	1153863837	1144733922	0	0	1118641624
21699	1163995054	1153967133	1144634950	0	0	1118417136
21700	1164003150	1154103453	1144629915	0	0	1117932988
21701	1164022116	1154244807	1144629915	0	0	1113149520
21702	1164078404	1154375140	1144626889	0	0	1107769640
21703	1164164740	1154438912	1144629915	0	0	0
21705	1158623979	1147530525	1139884155	0	0	1120403456
21706	1158472797	1147532459	1139867415	0	0	1132749628
21707	1163994354	1153647872	1144880546	0	0	1118793740
21708	1163998311	1153726180	1144880545	0	0	1118742736
21709	1164002357	1153853426	1144743315	0	0	1118641624
21710	1164000242	1153971897	1144634950	0	0	1118417136
21711	1164008036	1154101205	1144629915	0	0	1117932988
21712	1164034333	1154235065	1144626889	0	0	1113149520
21713	1164106208	1154312249	1144629915	0	0	1107769640
21714	1164167577	1154342599	1144629915	0	0	0
21715	1163982379	1153654471	1144880546	0	0	1118793740
21716	1163984562	1153744256	1144872894	0	0	1118742736
21717	1163988103	1153854777	1144744919	0	0	1118641624
21718	1163993415	1153992733	1144634950	0	0	1118417136
21719	1164003061	1154134002	1144629915	0	0	1117932988
21720	1164028349	1154253440	1144626889	0	0	1113149520
21721	1164086372	1154366336	1144629915	0	0	1107769640
21722	1164138951	1154432285	1144629915	0	0	0
21749	1163987776	1153666645	1144880546	0	0	1118793740
21750	1163992793	1153753970	1144859891	0	0	1118742736
21751	1163998087	1153844978	1144753983	0	0	1118641624
21752	1163998660	1153985138	1144634950	0	0	1118417136
21753	1164012519	1154190436	1144629915	0	0	1117932988
21754	1164038873	1154366763	1144629915	0	0	1113149520
21755	1164070589	1154514503	1144634950	0	0	1107769640
21756	1164109394	1154656228	1144634950	0	0	0
21757	1163977689	1153669305	1144880546	0	0	1118793740
21758	1163981540	1153755947	1144860110	0	0	1118742736
21759	1163983193	1153880690	1144716186	0	0	1118641624
21760	1163992793	1154021362	1144634950	0	0	1118417136
21761	1164000413	1154232519	1144629915	0	0	1117932988
21762	1163984782	1154401351	1144629915	0	0	1113149520
21763	1163987609	1154559972	1144652369	0	0	1107769640
21764	1163969461	1154713828	1144634950	0	0	0
21765	1163967481	1153672363	1144880546	0	0	1118793740
21766	1163967495	1153758763	1144859981	0	0	1118742736
21767	1163974649	1153891541	1144705592	0	0	1118641624
21768	1163990887	1154002418	1144634950	0	0	1118417136
21769	1163989533	1154205213	1144629915	0	0	1117932988
21770	1163962994	1154392690	1144626889	0	0	1113149520
21771	1163927641	1154522951	1144629915	0	0	1107769640
21772	1163877621	1154637639	1144629915	0	0	0
21773	1163956395	1153688974	1144880545	0	0	1118793740
21774	1163980868	1153782699	1144829472	0	0	1118742736
21775	1163980075	1153891954	1144703915	0	0	1118641624
21776	1163982421	1153993813	1144634950	0	0	1118417136
21777	1163993252	1154200932	1144629915	0	0	1117932988
21778	1163936082	1154357703	1144626889	0	0	1113149520
21779	1163879492	1154474553	1144629915	0	0	1107769640
21780	1163877621	1154637639	1144629915	0	0	0
21781	1163974176	1153687481	1144880545	0	0	1118793740
21782	1163990969	1153793636	1144814647	0	0	1118742736
21783	1163993355	1153904967	1144685996	0	0	1118641624
21784	1163994290	1154098205	1144629915	0	0	1118417136
21785	1163989454	1154280249	1144629915	0	0	1117932988
21786	1163935111	1154415517	1144629915	0	0	1113149520
21787	1163880235	1154545863	1144629915	0	0	1107769640
21788	1163877621	1154637639	1144629915	0	0	0
21972	1163346862	-1014288782	1133404226	0	0	1100699264
21973	1163371719	-1018492700	1133156598	0	0	1133911755
21974	1163168320	-1017581113	1132901630	0	0	1133164436
21975	1163041184	-1010118201	1131020245	0	0	0
21976	1163298411	-1011400875	1132679621	0	0	0
21977	1163393547	-1011901497	1133055605	0	0	0
21978	1163453401	-1012256085	1133343357	0	0	0
21979	1163375698	-1015800604	1133600469	0	0	0
21980	1163332512	-1015333091	1133362772	0	0	1135809332
21981	1163298624	-1014854599	1133101680	0	0	0
21982	1163272907	-1014605312	1132813686	0	0	1135764624
21983	1163073159	-1014586994	1133139755	0	0	1093140672
21984	1165174311	-1002495232	1130911863	0	0	1125664108
21985	1164555083	-1002095502	1131158821	0	0	1124537024
21986	1164191424	-1002352839	1130586016	0	0	1135232888
21987	1163768921	-1003586816	1131722343	0	0	1092835008
21988	1163597497	-1004206421	1130929344	0	0	1124834586
21989	1163875133	-1003846172	1120267218	0	0	1125296168
22046	1163551869	-1016084139	1133139755	0	0	1106254176
22081	1163080583	-1012734464	1132521717	0	0	1129245304
22082	1162797056	-1011712000	1131675648	0	0	1129246460
22085	1162924786	-1012905927	1132753920	0	0	1130176552
22086	1162637967	-1011905888	1132462080	0	0	0
22097	1162578698	-1012458717	1132525519	0	0	1110216147
22098	1162702301	-1013226098	1133619457	0	0	0
22099	1162749542	-1011605504	1131768447	0	0	1108609015
22100	1162801920	-1011864462	1133533185	0	0	0
22101	1162570290	-1011782201	1132219648	0	0	1129693692
22102	1162415008	-1011008171	1132332477	0	0	1129957104
22103	1162269714	-1009950720	1132048603	0	0	0
22106	1162570290	-1011782201	1132933571	0	0	1129693692
22107	1162415008	-1011008171	1132989987	0	0	1129957104
22108	1162269714	-1009950720	1132848043	0	0	0
22236	1155137678	-980919001	1127148565	0	0	0
22250	1155982720	-980819385	1124627702	0	0	1134171017
22251	1156053803	-980783253	1125038575	0	0	1133714692
22252	1156078848	-980761170	1125107616	0	0	1131682416
22253	1156026638	-980741483	1125096686	0	0	1127207988
22254	1155919431	-980732736	1125180181	0	0	1122133087
22255	1155683641	-980755840	1125404047	0	0	1125692768
22261	1155431012	-980767406	1126287957	0	0	1125799344
22263	1158620708	1167799367	1116978084	0	0	1134546281
22264	1158683399	1167802420	1117366349	0	0	1135004794
22265	1158734734	1167807625	1117390180	0	0	1135749236
22266	1158779819	1167814921	1117411569	1090950188	1067796825	1096233216
22267	1158826539	1167834638	1117393411	0	0	1107865024
22268	1158869540	1167875474	1117103690	0	0	0
22272	1155557575	-980794649	1126541181	0	0	1134761094
22273	1155637077	-980898819	1127254662	0	0	1134736665
22274	1155955001	-980929312	1127662977	0	0	1134213064
22275	1156259982	-980896885	1128003021	0	0	1134145814
22276	1156405376	-980872430	1127905047	0	0	1134075452
22278	1155957973	-980767442	1125071764	0	0	1134136492
22279	1156151879	-980702649	1125743951	0	0	1134024765
22280	1156352669	-980619427	1126459775	0	0	1133795818
22281	1156445824	-980566229	1126529707	0	0	1133655584
22410	1158629141	1167775205	1116625493	0	0	1134546281
22411	1158681621	1167800018	1116923346	0	0	1135004794
22412	1158731925	1167824910	1117543631	0	0	1135749236
22413	1158768818	1167845717	1117959832	1090950188	1067796825	1129360320
22414	1158808782	1167862843	1117773711	0	0	1107865024
22415	1158851719	1167885335	1116905462	0	0	0
22416	1158610631	1167770674	1116768807	0	0	1134546281
22417	1158636402	1167810638	1116782623	0	0	1135004794
22418	1158660011	1167848688	1116717481	0	0	1135749236
22419	1158687936	1167876162	1116634574	1090950188	1067796825	1129360320
22420	1158766308	1167893726	1116356951	0	0	1107865024
22421	1158841010	1167896672	1116474467	0	0	0
22864	-1039209344	-1068257280	-1148612608	0	0	1131544056
22865	-1039197056	-1045365248	-1180434432	0	0	1133263618
22866	1055309824	-1046548480	-1192493056	0	0	1101330768
22867	1114685440	-1068236800	1073561104	0	0	1124328596
22868	1095589376	1104313344	-1139320832	0	0	1123794380
22870	-1039170944	-1061181440	964886528	0	0	1114514800
22871	-1048001536	1104120320	965148672	0	0	1111041315
22872	1084076032	1108525824	-1181351936	0	0	1075082485
22873	1108702592	1105276928	-1122915328	0	0	1134584722
22874	1111015296	1077993472	965148672	0	0	1132814429
22875	1108002944	-1047058432	964886528	0	0	1129546273
22876	1088465920	-1045957120	960888832	0	0	1127994301
22877	-1048860160	-1043424256	-1171947520	0	0	1128024352
22878	-1043685376	-1043487232	964165632	0	0	1127434360
22900	1164126037	-1004303644	1102928413	0	0	1134492673
22901	1164194027	-1004060928	1105488665	0	0	1134455324
22902	1164258638	-1003806066	1100145319	0	0	1134502968
22903	1164314702	-1003607694	-1096298546	0	0	0
22904	1164223904	-1004478379	1100002347	0	0	1134964289
22905	1164310667	-1004404907	1102485069	0	0	1134785486
22906	1164381533	-1004356124	1097625049	0	0	1134648052
22907	1164444238	-1004312974	-1072538283	0	0	0
22908	1164204622	-1004358485	1100002347	0	0	1134964288
22909	1164283097	-1004159858	1104481373	0	0	1134785486
22910	1164343726	-1004001109	1102087423	0	0	1134648052
22911	1164405892	-1003857237	1093467488	0	0	0
22912	1164215616	-1004424363	1100002347	0	0	1134964288
22913	1164297522	-1004297500	1105304974	0	0	1134785486
22914	1164369106	-1004198002	1101843064	0	0	1134648052
22915	1164428171	-1004103509	-1072538286	0	0	0
23007	1162585924	-1011600611	1132933571	0	0	1129693692
23008	1162430638	-1010826581	1132989987	0	0	1129957104
23009	1162285344	-1009769131	1132848043	0	0	0
23010	1162206304	-1009473251	1131722759	0	0	1129883728
23011	1162134187	-1009079410	1131802827	0	0	1129700856
23012	1162038105	-1008595570	1131323794	0	0	0
23941	-1010631851	1156542834	1124503553	0	0	1118128676
23942	-1011201138	1156538283	1124457586	0	0	1119460268
23943	-1010813269	1156769124	1124110521	0	0	1114462368
23944	-1010473586	1156779093	1124172468	0	0	1116603532
23945	-1011005383	1156719602	1124151910	0	0	1110527656
23946	-1011693568	1156105216	1125193614	0	0	0
23947	-1009005113	1155885454	1125130764	0	0	1082681472
23948	-1009140395	1155873906	1125130290	0	0	1082681472
23949	-1007819435	1155690752	1125532103	0	0	1113985576
23950	-1008804352	1155843058	1125156321	0	0	0
23951	-1007386681	1156521728	1124208640	0	0	0
23952	-1007475598	1156551381	1124164893	0	0	0
23953	-1007526969	1156518002	1124227845	0	0	0
23954	-1007612643	1156544171	1124195335	0	0	0
23955	-1007352491	1156555008	1124147495	0	0	0
23956	-1008110251	1155775033	1125459448	0	0	1111684648
23957	-1008184832	1155749419	1125458143	0	0	0
23958	-1008586411	1155827783	1125208051	0	0	1109966560
23959	-1007986802	1155732765	1125519365	0	0	1113709616
23960	-1009473707	1156037874	1124987885	0	0	1115818376
23961	-1012145436	1159161380	1126611141	0	0	1128749557
23966	-1009815609	1156449934	1124255122	0	0	1134194547
23967	-1010317824	1156362240	1124397567	0	0	1100502352
23968	-1009910443	1156428146	1124255521	0	0	1129102120
23969	-1009617635	1156610304	1124313478	0	0	1130130112
23970	-1009838307	1156408206	1124257197	0	0	1115379088
23971	-1009569394	1156591346	1124369575	0	0	1123521696
23972	-1009513074	1156609892	1124369531	0	0	1134662372
23973	-1010444060	1156367758	1124472447	0	0	1128332026
23974	-1008546247	1155801230	1125250958	0	0	1110698176
23975	-1008468651	1155827470	1125251677	0	0	1108848672
23976	-1008433038	1155787236	1125309608	0	0	1110184752
23977	-1008061042	1155707236	1125516445	0	0	1113060432
23978	-1007986574	1155711189	1125526625	0	0	1113830816
23979	-1007912334	1155727218	1125533310	0	0	1108687720
23980	-1009471772	1155982990	1125068580	0	0	1117177836
23981	-1009389909	1155994411	1125068356	0	0	1115796132
23982	-1008368071	1155808341	1125307983	0	0	1108830096
23983	-1007892537	1155751723	1125531474	0	0	1108445192
23984	-1009364878	1155947605	1125108061	0	0	1117012204
23985	-1009294620	1156005348	1125067718	0	0	1112953384
23986	-1009274823	1155956068	1125109636	0	0	1115346568
23987	-1009190514	1155966549	1125118362	0	0	1112987088
23988	-1007823189	1155666475	1125527115	0	0	1114357808
23989	-1007733191	1155681934	1125530703	0	0	1114313888
23990	-1007770908	1155649124	1125520965	0	0	1113616512
23991	-1007688249	1155663872	1125519760	0	0	1113690872
23992	-1007717888	1155627563	1125511234	0	0	1114307744
23993	-1007637845	1155642809	1125513261	0	0	1115361232
23994	-1007673799	1155604224	1125499901	0	0	1113679360
23995	-1007570147	1155615005	1125500018	0	0	1113720736
23996	-1017271068	1158336548	1128191641	0	0	1128749556
23997	-1011753984	1159142542	1127606773	0	0	1128749556
23998	-1015255609	1158547051	1128197333	0	0	1128749556
23999	-1013898126	1158771605	1128197333	0	0	1128749556
24003	-1010641863	1156551197	1124502984	0	0	1119289664
24004	-1010644195	1156565575	1124479552	0	0	1118788392
24006	-1010997077	1156498859	1124440095	0	0	1127285327
24007	-1010778283	1156501717	1124442567	0	0	1125661092
24008	-1010845525	1156568078	1124702350	0	0	1128749556
24009	-1010722588	1156558066	1124631029	0	0	1128749556
24010	-1010723043	1156534941	1124498494	0	0	1121886087
24011	-1010706432	1156504434	1124636658	0	0	1128749556
24012	-1012141113	1159059214	1127632909	0	0	1128749556
24013	-1009939399	1156484693	1124246678	0	0	1115875942
24014	-1010111545	1156578944	1124215685	0	0	1113869446
24015	-1010387911	1156657849	1124132771	0	0	1107956981
24016	-1010543957	1156653298	1124115243	0	0	1135342669
24017	-1010555733	1156645746	1124124605	0	0	1133618704
24018	-1010432114	1156436039	1124334088	0	0	1124842481
24019	-1010176626	1156490141	1124247488	0	0	1119969704
24020	-1010336882	1156638990	1124164641	0	0	1116140239
24021	-1010442979	1156650695	1124132271	0	0	1135810159
24022	-1010493952	1156637739	1124133273	0	0	1135543654
24023	-1010070243	1156492686	1124242052	0	0	1115392364
24024	-1010126905	1156520349	1124226615	0	0	1116167884
24025	-1010143630	1156537387	1124223362	0	0	1112626989
24026	-1010199097	1156543730	1124235461	0	0	1108924440
24027	-1009779996	1156607232	1124243622	0	0	1135744423
24028	-1010042539	1156602837	1124214212	0	0	1135691185
24029	-1010216619	1156596807	1124205477	0	0	1135611461
24030	-1009908281	1156457344	1124253124	0	0	1114882746
24031	-1010087993	1156538197	1124223605	0	0	1114882746
24032	-1009796494	1156588217	1124261306	0	0	1086457124
24033	-1009929842	1156591758	1124214297	0	0	1135638141
24034	-1010115072	1156578333	1124215793	0	0	1135340179
24035	-1009735964	1156600576	1124271519	0	0	1135704429
24036	-1010082873	1156592910	1124214278	0	0	1135704429
24037	-1010389049	1156445085	1124303625	0	0	1124842471
24038	-1010124231	1156501163	1124238297	0	0	1122406112
24039	-1010180437	1156555520	1124220169	0	0	1116543892
24040	-1010202965	1156556914	1124221917	0	0	1096707859
24041	-1010769920	1156720612	1124110521	0	0	1132744241
24042	-1010749269	1156665885	1124110521	0	0	1132744241
24043	-1010944000	1156692096	1124144205	0	0	1131455846
24044	-1010900935	1156672953	1124151626	0	0	1131455846
24045	-1010473870	1156735488	1124115902	0	0	1133601767
24046	-1010542649	1156690176	1124110576	0	0	1133601767
24047	-1010758827	1156446535	1125077495	1135578811	1071965639	1127751082
24048	-1010557269	1156442909	1125024324	0	0	1127142410
24049	-1010234595	1156458397	1124972195	0	0	1126255167
24050	-1009914766	1156497309	1124912131	0	0	1124290440
24051	-1009869369	1156562290	1124888863	0	0	1116558706
24052	-1010089927	1156622123	1124794655	0	0	1104754039
24053	-1010844387	1156741006	1124110521	0	0	1116353166
24054	-1011055730	1156879360	1124110521	0	0	1116404128
24055	-1011344156	1157074958	1124012018	0	0	1116440333
24056	-1011063979	1156756395	1124140462	0	0	1116758000
24057	-1011233735	1156888477	1124110521	0	0	1116930219
24058	-1011439730	1157073550	1124003940	0	0	1117054586
24059	-1010709561	1156756110	1124110521	0	0	1115983072
24060	-1010951623	1156913949	1124110521	0	0	1116283364
24061	-1011216839	1157079154	1124052829	0	0	1116226486
24062	-1011132814	1156552747	1124449884	0	0	1135773080
24063	-1011536043	1156547541	1124459890	0	0	1135825534
24064	-1011995932	1156547641	1124530636	0	0	1135773900
24065	-1012354787	1156537060	1124480939	0	0	1090334716
24066	-1012544455	1156566699	1124733602	0	0	1099743980
24067	-1012888291	1156579357	1124911411	0	0	1090914309
24068	-1009971769	1156711822	1124273731	0	0	1125064897
24069	-1009501070	1156800085	1124286389	0	0	1125072958
24070	-1009056313	1156882717	1124236932	0	0	1125345853
24071	-1008807708	1156910877	1124040565	0	0	1126017604
24072	-1008553813	1156934329	1123647550	0	0	1126152403
24073	-1010111431	1156722873	1124251330	0	0	0
24074	-1009620707	1156796288	1124286053	0	0	1125456463
24075	-1009178169	1156868793	1124279513	0	0	1125302988
24076	-1008814535	1156927858	1124046621	0	0	1125317833
24077	-1008549831	1156965333	1123543115	0	0	1125546553
24078	-1008479801	1156986197	1123496525	0	0	1124204600
24082	-1010493440	1156642304	1124646510	0	0	1135674212
24083	-1010274247	1156532992	1124325862	0	0	1116406832
24084	-1010325731	1156566542	1124325862	0	0	1116368812
24085	-1010361059	1156590180	1124325862	0	0	1115818244
24086	-1010086514	1156551908	1124325862	0	0	1116406868
24087	-1010137941	1156585444	1124325862	0	0	1116371431
24088	-1010173212	1156609081	1124325862	0	0	1115818244
24089	-1013212843	1156645120	1124845249	0	0	1131800774
24090	-1013265635	1156621966	1124911136	0	0	1129393993
24091	-1013258297	1156588402	1124953202	0	0	1126861504
24092	-1013185707	1156571833	1124963952	0	0	1122441320
24093	-1008268629	1157137977	1123543263	0	0	0
24094	-1008268629	1157137977	1123543263	0	0	1130719750
24095	-1008000284	1157047609	1123182517	0	0	1130719750
24096	-1007852316	1156937799	1123460295	0	0	0
24097	-1011954688	1156150642	1125011600	0	0	1115298312
24098	-1012048611	1156195797	1125062396	0	0	1115384791
24099	-1012207161	1156273749	1124987380	0	0	1114412031
24100	-1012348245	1156321181	1124925755	0	0	1113819773
24101	-1012535182	1156399474	1125033792	0	0	1114959574
24102	-1012736739	1156498091	1124932146	0	0	1115405636
24103	-1012040135	1156576171	1125184207	0	0	1111870046
24105	-1012689635	1156568548	1125014509	0	0	1135781876
24106	-1012185827	1156618738	1125094531	0	0	1110411456
24107	-1012479147	1156681728	1125036237	0	0	1107313815
24108	-1012689977	1156697700	1125074573	0	0	1099357712
24459	-1009565355	1156089714	1124878523	0	0	1116851434
24460	-1009876594	1156342642	1124267918	0	0	1116989504
24461	-1010146190	1156594574	1124213041	0	0	1115586200
24462	-1010693518	1156754489	1124110564	0	0	1110871002
24463	-1011591907	1156964125	1124243115	0	0	1108756813
24464	-1011861447	1156979115	1124643613	0	0	1106458679
24465	-1012055154	1157032078	1124697569	0	0	1114090448
24468	-1009670371	1156085675	1124874084	0	0	1116900205
24469	-1009974158	1156338375	1124270990	0	0	1117108396
24470	-1010216960	1156590734	1124212964	0	0	1115648124
24471	-1010778283	1156748004	1124110564	0	0	1110761127
24472	-1011620864	1156944384	1124273493	0	0	1108520215
24473	-1011897970	1156956416	1124659769	0	0	1106660847
24474	-1012246243	1157037540	1124671055	0	0	1110585328
24475	-1009579292	1156091947	1124872059	0	0	1116901089
24476	-1009881941	1156343808	1124266428	0	0	1116999440
24477	-1010152562	1156592725	1124213191	0	0	1115606714
24478	-1010699776	1156757533	1124110564	0	0	1110930878
24479	-1011594467	1156964253	1124244594	0	0	1108701825
24480	-1011864519	1156979854	1124646229	0	0	1104981165
24481	-1012180082	1157040740	1124676590	0	0	1104363392
24482	-1009670770	1156083541	1124877809	0	0	1116886709
24483	-1009978880	1156338176	1124270990	0	0	1117110912
24484	-1010217187	1156589113	1124214832	0	0	1115687346
24485	-1010788067	1156753294	1124110564	0	0	1110734430
24486	-1011624505	1156942365	1124274631	0	0	1108401607
24487	-1011903886	1156957582	1124665458	0	0	1109146442
24488	-1012129906	1157044893	1124665725	0	0	1113902952
24489	-1009484629	1156101063	1124864261	0	0	1116796262
24490	-1009799964	1156350777	1124258589	0	0	1116963752
24491	-1010060971	1156595627	1124214241	0	0	1115621377
24492	-1010614443	1156763819	1124110564	0	0	1110840423
24493	-1011570574	1156979940	1124214472	0	0	1108679462
24494	-1011823900	1156993963	1124597201	0	0	1107183463
24495	-1012007936	1157047694	1124633021	0	0	1110612464
24496	-1009578268	1156094123	1124867931	0	0	1116865115
24497	-1009887004	1156346653	1124262495	0	0	1117057544
24498	-1010136974	1156596850	1124213002	0	0	1115596619
24499	-1010702279	1156758386	1124110564	0	0	1110648374
24500	-1011606016	1156961394	1124254037	0	0	1108677961
24501	-1011864291	1156979456	1124646229	0	0	1110642177
24502	-1011952071	1157047197	1124613207	0	0	1111659920
24503	-1009484857	1156102173	1124861882	0	0	1116771847
24504	-1009806962	1156354389	1124258361	0	0	1116957680
24505	-1010066091	1156599438	1124214183	0	0	1115720092
24506	-1010599424	1156765469	1124113522	0	0	1110744268
24507	-1011584569	1156981092	1124222242	0	0	1108583063
24508	-1011829817	1156996494	1124601870	0	0	1109215781
24509	-1011899449	1157045575	1124597890	0	0	1112379616
24510	-1009396793	1155953408	1125106475	0	0	1115751060
24511	-1009686471	1156105273	1124834186	0	0	1115848457
24512	-1009880235	1156215552	1124535949	0	0	1116680721
24513	-1009954702	1156306830	1124327026	0	0	1117280472
24514	-1010048683	1156386660	1124255626	0	0	1115583683
24515	-1010273166	1156467314	1124261447	0	0	1113369868
24516	-1009292402	1155959751	1125106717	0	0	1115144948
24517	-1009608988	1156108231	1124835195	0	0	1115541513
24518	-1009795470	1156211485	1124555883	0	0	1116323518
24519	-1009913628	1156305323	1124331736	0	0	1117006165
24520	-1009992988	1156384612	1124256203	0	0	1115441810
24521	-1010278286	1156484807	1124264328	0	0	1113208803
24522	-1009008640	1155885269	1125130833	0	0	1112383054
24523	-1009359587	1155995193	1125070346	0	0	1113981925
24524	-1009587996	1156112654	1124827351	0	0	1116255865
24525	-1009842062	1156299165	1124342888	0	0	1117483940
24526	-1009835918	1156397540	1124257400	0	0	1121489464
24527	-1009586688	1156492373	1124309065	0	0	1124157031
24528	-1009110926	1156619179	1124457754	0	0	1124321468
24529	-1008666908	1156749696	1124476117	0	0	1124229521
24530	-1008786773	1155855659	1125151339	0	0	1108824000
24531	-1009204907	1155936825	1125117264	0	0	1111704781
24532	-1009498567	1156059051	1124946169	0	0	1115559725
24533	-1009790691	1156230841	1124505772	0	0	1116615176
24534	-1009906574	1156356935	1124260208	0	0	1117355993
24535	-1010028146	1156482944	1124245466	0	0	1117210613
24536	-1010164395	1156608711	1124206091	0	0	1116317716
24537	-1010339897	1156684174	1124117417	0	0	1115727310
24538	-1010538211	1156803101	1124175496	0	0	1116176249
24539	-1010666610	1156883812	1124242349	0	0	1116799776
24540	-1010823680	1157029533	1124242069	0	0	1117116001
24541	-1008846507	1155844864	1125153248	0	0	1108630925
24542	-1009283527	1155927467	1125112716	0	0	1111804697
24543	-1009579691	1156057202	1124936023	0	0	1115564637
24544	-1009869255	1156221696	1124522782	0	0	1116706450
24545	-1009969152	1156353237	1124257826	0	0	1117444562
24546	-1010099598	1156479858	1124248327	0	0	1117089704
24547	-1010235619	1156597049	1124206682	0	0	1116188297
24548	-1010418745	1156675769	1124116197	0	0	1115715716
24549	-1010625081	1156798777	1124140973	0	0	1116246933
24550	-1010740793	1156877966	1124195253	0	0	1116624720
24551	-1010919367	1157014528	1124187340	0	0	1116719928
24552	-1008744960	1155870549	1125147871	0	0	1109341430
24553	-1009129699	1155950692	1125129157	0	0	1111571314
24554	-1009431666	1156063289	1124950176	0	0	1115408625
24555	-1009717191	1156238279	1124490461	0	0	1116608764
24556	-1009840185	1156360718	1124258462	0	0	1117317426
24557	-1009956693	1156486827	1124245158	0	0	1117095311
24558	-1010113479	1156611513	1124209609	0	0	1116390259
24559	-1010263495	1156690688	1124132409	0	0	1115814547
24560	-1010483029	1156809543	1124210441	0	0	1116119133
24561	-1010591232	1156886685	1124269131	0	0	1117278034
24562	-1010700743	1157030386	1124286053	0	0	1117678907
24563	-1008840078	1155843285	1125154302	0	0	1108631245
24564	-1009288363	1155928021	1125112616	0	0	1111733837
24565	-1009579691	1156055453	1124938923	0	0	1115621161
24566	-1009864931	1156220402	1124526023	0	0	1116608468
24567	-1009985820	1156351104	1124257310	0	0	1117361259
24568	-1010107449	1156478692	1124248891	0	0	1117212179
24569	-1010234425	1156594091	1124210167	0	0	1116302123
24570	-1010412544	1156674418	1124116574	0	0	1115786435
24571	-1010619733	1156798564	1124142130	0	0	1116254210
24572	-1010730951	1156874894	1124196315	0	0	1117068292
24573	-1010859577	1157015581	1124232562	0	0	1117405211
24574	-1008758556	1155871531	1125145848	0	0	1109511836
24575	-1009138005	1155952413	1125128629	0	0	1111859592
24576	-1009417557	1156063801	1124950758	0	0	1115343146
24577	-1009729251	1156238749	1124488844	0	0	1116433128
24578	-1009853611	1156358642	1124259173	0	0	1117324906
24579	-1009967104	1156486670	1124245021	0	0	1117222090
24580	-1010110748	1156611357	1124209917	0	0	1116498116
24581	-1010265543	1156693959	1124132836	0	0	1115899732
24582	-1010467328	1156808235	1124216423	0	0	1116087730
24583	-1010585202	1156882901	1124263866	0	0	1116528146
24584	-1010771854	1157022436	1124267077	0	0	1116669103
24585	-1008395435	1155825579	1125285172	0	0	1105389219
24586	-1008840021	1155885582	1125136309	0	0	1105971365
24587	-1009012793	1155912804	1125126786	0	0	1110953056
24588	-1009315954	1156008576	1125060133	0	0	1114245088
24589	-1009522176	1156120676	1124815600	0	0	1116164287
24590	-1009681351	1156230841	1124513772	0	0	1117011912
24591	-1009809010	1156372821	1124258813	0	0	1117330222
24592	-1010028544	1156593863	1124214345	0	0	1117997848
24593	-1010025870	1156742045	1124311463	0	0	1119126616
24594	-1008456249	1155803037	1125281561	0	0	1105177170
24595	-1008892473	1155860921	1125143635	0	0	1106365437
24596	-1009112348	1155898596	1125125107	0	0	1111323141
24597	-1009395086	1155997383	1125063499	0	0	1114621395
24598	-1009597952	1156108388	1124836061	0	0	1116056028
24599	-1009777891	1156221013	1124533203	0	0	1116783531
24600	-1009916757	1156359367	1124259485	0	0	1117190860
24601	-1010157397	1156587605	1124214384	0	0	1116495392
24602	-1010348885	1156659172	1124138317	0	0	1112029803
24603	-1010572572	1156711552	1124110521	0	0	1110580018
24604	-1010751602	1156758201	1124110521	0	0	1126078448
24606	-1008170723	1155766656	1125442208	0	0	1106893574
24607	-1008600121	1155831751	1125200777	0	0	1105497635
24608	-1009031282	1155883805	1125131718	0	0	1108912745
24609	-1009373867	1155983787	1125081647	0	0	1113959022
24610	-1009593173	1156103595	1124846777	0	0	1116026005
24611	-1009814300	1156238265	1124485799	0	0	1116950999
24612	-1009908451	1156372437	1124258365	0	0	1117543734
24613	-1010033095	1156499684	1124237214	0	0	1117504243
24614	-1010113251	1156610873	1124209860	0	0	1116074447
24615	-1010283918	1156647211	1124165212	0	0	1100956185
24616	-1010770204	1156670350	1124110564	0	0	1101543459
24617	-1011080249	1156723741	1124164949	0	0	1111235720
24618	-1011347513	1156825273	1124196921	0	0	1113121416
24619	-1011416974	1156934030	1124168037	0	0	1117903671
24620	-1008225735	1155737984	1125455821	0	0	1107685463
24621	-1008651947	1155808469	1125204861	0	0	1106348091
24622	-1009094883	1155864405	1125137906	0	0	1108745302
24623	-1009465628	1155964715	1125089837	0	0	1113727823
24624	-1009694492	1156091179	1124861186	0	0	1116065866
24625	-1009925859	1156234553	1124489656	0	0	1116894649
24626	-1010026610	1156366706	1124255781	0	0	1117550077
24627	-1010143744	1156495986	1124241389	0	0	1117198067
24628	-1010260707	1156593735	1124212670	0	0	1115760521
24629	-1010388651	1156624797	1124176834	0	0	1099357104
24630	-1010869191	1156639829	1124183268	0	0	1103010595
24631	-1011162510	1156710229	1124183154	0	0	1111792943
24632	-1011453667	1156808832	1124221838	0	0	1112154888
24633	-1011567787	1156917504	1124241517	0	0	1117278365
24634	-1011568811	1156925653	1124241379	0	0	1118856892
24635	-1008200021	1155756701	1125442569	0	0	1107006408
24636	-1008608313	1155819122	1125208849	0	0	1105758667
24637	-1009047552	1155874475	1125135077	0	0	1108826521
24638	-1009408114	1155974429	1125087428	0	0	1113838466
24639	-1009623836	1156095957	1124857789	0	0	1115947339
24640	-1009866581	1156231893	1124499836	0	0	1116812893
24641	-1009965682	1156368768	1124256861	0	0	1117576940
24642	-1010084466	1156498091	1124239828	0	0	1117251978
24643	-1010192043	1156595001	1124207762	0	0	1115948343
24644	-1010330339	1156636217	1124168328	0	0	1101231575
24645	-1010801948	1156651805	1124149606	0	0	1101805734
24646	-1011107669	1156712875	1124179399	0	0	1111562420
24647	-1011383694	1156814891	1124214443	0	0	1112313128
24648	-1011464875	1156909312	1124203958	0	0	1117557442
24649	-1011468971	1156917717	1124202285	0	0	1118182279
24650	-1008116850	1155769998	1125461920	0	0	1107727493
24651	-1008551083	1155842247	1125205718	0	0	1105988122
24652	-1008986339	1155893006	1125128965	0	0	1108573395
24653	-1009338823	1155989959	1125078590	0	0	1113665965
24654	-1009556764	1156106823	1124843986	0	0	1116038640
24655	-1009774137	1156242645	1124475125	0	0	1116942390
24656	-1009872327	1156374770	1124258013	0	0	1117594804
24657	-1009984853	1156503239	1124235952	0	0	1117538615
24658	-1010073771	1156614642	1124212100	0	0	1116005479
24659	-1010254848	1156658077	1124160924	0	0	1101058767
24660	-1010760306	1156677461	1124110564	0	0	1101787256
24661	-1011014940	1156732900	1124142877	0	0	1111826452
24662	-1011271054	1156825813	1124166429	0	0	1112427784
24663	-1011341426	1156922453	1124144730	0	0	1117740398
24664	-1008082830	1155782315	1125463621	0	0	1107911065
24665	-1008517916	1155856640	1125209419	0	0	1106314329
24666	-1008936391	1155906148	1125132957	0	0	1108507866
24667	-1009294108	1156000868	1125072937	0	0	1113192993
24668	-1009520071	1156110677	1124839465	0	0	1115965874
24669	-1009734087	1156249600	1124460587	0	0	1117077192
24670	-1009812082	1156376121	1124259118	0	0	1117717554
24671	-1009924608	1156506795	1124234831	0	0	1117443155
24672	-1010028771	1156618766	1124214062	0	0	1115794812
24673	-1010224811	1156666567	1124159509	0	0	1102262364
24674	-1010721280	1156690119	1124110564	0	0	1102675378
24675	-1010958507	1156745131	1124115445	0	0	1112268149
24676	-1011192889	1156835541	1124121336	0	0	1112469072
24677	-1011258823	1156927389	1124110706	0	0	1117759173
24678	-1007978667	1155735239	1125520146	0	0	1108119151
24679	-1008278699	1155788032	1125368578	0	0	1107319961
24680	-1008609280	1155834098	1125196158	0	0	1105397765
24681	-1009007843	1155886507	1125130391	0	0	1108449736
24682	-1009298489	1155961131	1125105682	0	0	1112944452
24683	-1009569166	1156076473	1124904093	0	0	1115491222
24684	-1009744270	1156182343	1124635803	0	0	1116388321
24685	-1009853952	1156265557	1124420087	0	0	1117689010
24686	-1009866752	1156344249	1124265250	0	0	1118115193
24687	-1009943438	1156436452	1124255245	0	0	1117087287
24688	-1010049934	1156511645	1124231702	0	0	1117072126
24689	-1010139022	1156613774	1124206478	0	0	1115605104
24690	-1010399061	1156688213	1124113522	0	0	1113099832
24691	-1010614556	1156778240	1124122610	0	0	1111786592
24692	-1010967495	1156852437	1124110521	0	0	1110568624
24693	-1011050325	1156885234	1124110521	0	0	1114041835
24694	-1008024860	1155720832	1125517101	0	0	1108771689
24695	-1008304697	1155774763	1125373518	0	0	1107344620
24696	-1008652003	1155819506	1125195746	0	0	1104852205
24697	-1009048121	1155870848	1125136517	0	0	1108565674
24698	-1009356231	1155951417	1125106238	0	0	1113241272
24699	-1009624860	1156074325	1124900100	0	0	1115374164
24700	-1009811570	1156173056	1124646341	0	0	1116234993
24701	-1009924437	1156261547	1124428821	0	0	1117436441
24702	-1009960846	1156339513	1124269916	0	0	1117728338
24703	-1010047715	1156429312	1124255152	0	0	1117006477
24704	-1010146019	1156501845	1124237524	0	0	1116869085
24705	-1010241707	1156588288	1124217629	0	0	1112847864
24706	-1010598400	1156652900	1124116961	0	0	1108335886
24707	-1010934443	1156713956	1124123173	0	0	1112141159
24708	-1011142599	1156817835	1124115859	0	0	1097702080
24709	-1011211207	1156842510	1124117932	0	0	1113377000
24710	-1007942371	1155749774	1125522397	0	0	1108337978
24711	-1008242005	1155804146	1125366105	0	0	1107378003
24712	-1008561038	1155847595	1125198634	0	0	1105148894
24713	-1008960569	1155899278	1125127629	0	0	1108677731
24714	-1009219811	1155972921	1125111755	0	0	1112762495
24715	-1009515349	1156082347	1124900522	0	0	1115180962
24716	-1009674012	1156187179	1124636964	0	0	1116452604
24717	-1009790805	1156270094	1124407037	0	0	1117507770
24718	-1009810261	1156346169	1124260815	0	0	1118138921
24719	-1009877049	1156438941	1124255527	0	0	1117519981
24720	-1009955840	1156517405	1124228813	0	0	1117143549
24721	-1010070243	1156620829	1124210362	0	0	1115350264
24722	-1010342798	1156705024	1124119124	0	0	1112424224
24723	-1010581675	1156781924	1124135026	0	0	1112192902
24724	-1010813667	1156848740	1124110564	0	0	1114619536
24725	-1010831872	1156889984	1124124453	0	0	1118267366
24726	-1008026112	1155722269	1125516313	0	0	1108386584
24727	-1008306972	1155773582	1125374060	0	0	1107179249
24728	-1008659683	1155820388	1125192776	0	0	1105023920
24729	-1009039986	1155869653	1125136993	0	0	1108624465
24730	-1009364821	1155953550	1125105573	0	0	1113096651
24731	-1009632654	1156074539	1124898697	0	0	1115402457
24732	-1009822037	1156177138	1124634432	0	0	1116391913
24733	-1009916985	1156263595	1124424343	0	0	1117440790
24734	-1009963747	1156335588	1124275417	0	0	1117585948
24735	-1010050617	1156427861	1124255222	0	0	1117093152
24736	-1010144939	1156501675	1124237657	0	0	1117009838
24737	-1010243413	1156597163	1124207157	0	0	1112315960
24738	-1010623659	1156650254	1124127972	0	0	1107586200
24739	-1010938595	1156710485	1124121600	0	0	1110833991
24740	-1011210695	1156799573	1124152320	0	0	1111296400
24741	-1011319467	1156813525	1124193709	0	0	1107526070
24742	-1011330048	1156818859	1124194239	0	0	1115585815
24743	-1007934578	1155748381	1125524921	0	0	1108256242
24744	-1008233699	1155802041	1125372278	0	0	1107159136
24745	-1008570197	1155846670	1125195651	0	0	1105599640
24746	-1008953856	1155900871	1125127288	0	0	1108897589
24747	-1009211733	1155972466	1125113163	0	0	1112840268
24748	-1009501411	1156083513	1124899622	0	0	1115088292
24749	-1009683683	1156191815	1124623369	0	0	1116375542
24750	-1009783922	1156270123	1124406865	0	0	1117643601
24751	-1009804857	1156346852	1124259692	0	0	1118082333
24752	-1009875797	1156439808	1124255527	0	0	1117483057
24753	-1009954987	1156519268	1124228223	0	0	1117106328
24754	-1010074567	1156623275	1124210009	0	0	1115538104
24755	-1010329088	1156706361	1124124558	0	0	1113239358
24756	-1010549931	1156790941	1124156416	0	0	1115380473
24757	-1010649486	1156862478	1124204964	0	0	1116923664
24758	-1010673379	1156894805	1124260549	0	0	1117568765
24759	-1010679979	1156899527	1124263979	0	0	1116568177
24760	-1008031346	1155723662	1125514341	0	0	1108263351
24761	-1008318691	1155775261	1125366789	0	0	1107242076
24762	-1008654563	1155820629	1125194070	0	0	1104555587
24763	-1009052046	1155867762	1125138101	0	0	1108380085
24764	-1009371932	1155951573	1125106585	0	0	1113306766
24765	-1009641244	1156077568	1124892221	0	0	1115489866
24766	-1009822947	1156175332	1124638633	0	0	1116200272
24767	-1009940992	1156262414	1124426203	0	0	1117501545
24768	-1009963406	1156338574	1124271152	0	0	1117830659
24769	-1010053404	1156428061	1124255236	0	0	1117181041
24770	-1010140786	1156508999	1124232928	0	0	1116802910
24771	-1010261845	1156593636	1124212736	0	0	1111833488
24772	-1010619107	1156648064	1124137301	0	0	1108556444
24773	-1010929493	1156718535	1124126606	0	0	1114073344
24774	-1011073195	1156828701	1124110521	0	0	1116762272
24775	-1011106361	1156856420	1124110521	0	0	1116909949
24776	-1007935659	1155750557	1125523685	0	0	1108048485
24777	-1008232505	1155802269	1125372623	0	0	1106895672
24778	-1008558592	1155845006	1125201142	0	0	1105146323
24779	-1008982699	1155901568	1125127093	0	0	1108811428
24780	-1009201379	1155969565	1125116083	0	0	1113191775
24781	-1009491058	1156079673	1124908944	0	0	1115036284
24782	-1009686016	1156192953	1124620048	0	0	1116387967
24783	-1009774535	1156267861	1124412365	0	0	1117600106
24784	-1009812366	1156349781	1124259061	0	0	1117962253
24785	-1009876935	1156436637	1124255612	0	0	1117452244
24786	-1009961131	1156517319	1124228801	0	0	1117251496
24787	-1010064327	1156623872	1124210916	0	0	1115553216
24788	-1010333980	1156704256	1124121373	0	0	1112663410
24789	-1010556359	1156784029	1124145266	0	0	1112367579
24790	-1010802290	1156850631	1124116708	0	0	1110321040
24791	-1010947470	1156876942	1124110521	0	0	1108328877
24792	-1008022130	1155719922	1125517852	0	0	1108463057
24793	-1008315107	1155774023	1125369950	0	0	1107362211
24794	-1008648363	1155818709	1125197470	0	0	1104905599
24795	-1009061774	1155870948	1125136463	0	0	1108298239
24796	-1009387008	1155952000	1125106807	0	0	1113356395
24797	-1009639424	1156078094	1124891523	0	0	1115633324
24798	-1009828921	1156176555	1124634549	0	0	1116378963
24799	-1009922901	1156265600	1124419503	0	0	1117589145
24800	-1009961131	1156339428	1124270031	0	0	1117437105
24801	-1010068992	1156428573	1124255329	0	0	1117035281
24802	-1010149945	1156507392	1124233840	0	0	1117014595
24803	-1010262357	1156598784	1124206992	0	0	1112437592
24804	-1010605909	1156651278	1124123876	0	0	1107929740
24805	-1010931769	1156713444	1124122055	0	0	1111025375
24806	-1011194083	1156804750	1124134685	0	0	1113110496
24807	-1011265877	1156829170	1124160781	0	0	1113017914
24808	-1011272533	1156831573	1124161993	0	0	1113403857
24809	-1007943907	1155749191	1125522294	0	0	1108785477
24810	-1008236544	1155805696	1125367116	0	0	1107443864
24811	-1008565874	1155848491	1125196207	0	0	1105477272
24812	-1008946233	1155902151	1125127021	0	0	1108613979
24813	-1009222485	1155972309	1125112036	0	0	1112900821
24814	-1009488441	1156084537	1124898921	0	0	1115363390
24815	-1009679303	1156194276	1124617278	0	0	1116193694
24816	-1009792967	1156271858	1124402818	0	0	1117505883
24817	-1009810716	1156347435	1124259322	0	0	1118207455
24818	-1009872839	1156440462	1124255573	0	0	1117611141
24819	-1009949753	1156521330	1124227766	0	0	1117121800
24820	-1010066716	1156620885	1124210574	0	0	1115074216
24821	-1010344220	1156704256	1124118187	0	0	1112993168
24822	-1010546688	1156784427	1124149248	0	0	1113862149
24823	-1010742613	1156857899	1124160446	0	0	1115007792
24824	-1010762752	1156883570	1124187483	0	0	1117802630
24825	-1010765995	1156891591	1124192413	0	0	1118336220
24834	-1007504384	1156591545	1124077731	0	0	1117789902
24835	-1007553763	1156661988	1123816334	0	0	1117630414
24836	-1007631075	1156752142	1123866930	0	0	1117259516
24837	-1007718286	1156827122	1123698392	0	0	1117033342
24838	-1007810731	1156911801	1123539629	0	0	1117091816
24839	-1007628402	1156610034	1124059048	0	0	1118076273
24840	-1007653945	1156656925	1123832647	0	0	1118162631
24841	-1007678748	1156711140	1123863052	0	0	1117916540
24842	-1007757255	1156820480	1123722997	0	0	1117579266
24843	-1007823531	1156888306	1123609371	0	0	1117782600
24844	-1007851975	1156954837	1123374091	0	0	1116986273
24845	-1007987257	1157030386	1123127797	0	0	1118976048
24846	-1007329507	1156595997	1123991863	0	0	1117991518
24847	-1007364267	1156654834	1123739733	0	0	1118052955
24848	-1007400789	1156723883	1123876729	0	0	1118117990
24849	-1007459783	1156837774	1123837966	0	0	1118478952
24850	-1007457337	1156896469	1123775764	0	0	1118069107
24851	-1007534251	1156973511	1123600795	0	0	1112356121
24852	-1007930254	1157044053	1123129941	0	0	1111513472
24853	-1007610880	1156596722	1124091790	0	0	1116251132
24854	-1007689785	1156646343	1123890374	0	0	1116906783
24855	-1007726023	1156692807	1123814592	0	0	1116092311
24856	-1007926101	1156786261	1123827413	0	0	1116074793
24857	-1008041586	1156878436	1123860483	0	0	1117407361
24858	-1008044259	1156915669	1123714077	0	0	1118694601
24859	-1008060245	1156966343	1123324011	0	0	1117344473
24860	-1008173056	1157051477	1123383122	0	0	1116757816
24861	-1008248149	1157112533	1123566517	0	0	1116852532
24862	-1007369443	1156598713	1123990617	0	0	1121266766
24863	-1007299698	1156657252	1123708575	0	0	1119444291
24864	-1007336050	1156776917	1123936774	0	0	1118683939
24865	-1007341170	1156847531	1123914318	0	0	1118976312
24866	-1007346119	1156939278	1123839651	0	0	1118136728
24867	-1007429347	1157019762	1123647772	0	0	1115362214
24868	-1007678691	1157100843	1123127858	0	0	1111441609
24869	-1007775004	1157115108	1123081291	0	0	1099690029
24870	-1008201273	1157142016	1123514502	0	0	1107634112
24875	-1008950044	1157029348	1124503950	1074500810	1135760070	1120747042
24878	-1008681187	1157329522	1124128660	0	0	1127278300
24879	-1008705422	1156906155	1123911817	0	0	1127002527
24881	-1007775403	1156935965	1124156973	0	0	1127382132
24882	-1010764117	1156792576	1125597238	0	0	1112618215
24883	-1012829468	1157460679	1125398269	0	0	1116113480
24884	-1009526727	1156046151	1124964309	0	0	1116617671
24885	-1009743246	1156204402	1124580752	0	0	1116909138
24886	-1009935075	1156387300	1124257088	0	0	1117225637
24887	-1010109724	1156565291	1124218084	0	0	1115931573
24888	-1010472619	1156687474	1124110720	0	0	1112546819
24889	-1010915442	1156823381	1124110521	0	0	1113398113
24890	-1011078713	1156906112	1124110519	0	0	1115616505
24891	-1010134585	1156567822	1124217634	0	0	1124595433
24892	-1009979961	1156605198	1124214078	0	0	1124299000
24893	-1009860494	1156645433	1124231221	0	0	1123974144
24894	-1009754339	1156679396	1124245917	0	0	1124073743
24895	-1010121443	1156607033	1124210538	0	0	1126005076
24896	-1009984000	1156621284	1124216743	0	0	1125867759
24897	-1009794844	1156644452	1124236967	0	0	1125746367
24898	-1009654784	1156662272	1124245656	0	0	1125713663
24899	-1010029909	1156589554	1124214399	0	0	1125470688
24900	-1009819819	1156620715	1124229365	0	0	1125722132
24901	-1009618716	1156641579	1124264060	0	0	1126004292
24902	-1010102272	1156594987	1124214229	0	0	1123906245
24903	-1009979278	1156636203	1124218629	0	0	1124088816
24904	-1009879552	1156665657	1124232882	0	0	1124055893
24905	-1009847068	1156678713	1124237958	0	0	1123271593
24906	-1010065123	1156629120	1124210978	0	0	1123208048
24907	-1009938944	1156680804	1124236566	0	0	1124047244
24908	-1009820217	1156708053	1124264428	0	0	1124692582
24909	-1010181632	1156612196	1124202628	0	0	1122729042
24910	-1010084238	1156658489	1124202075	0	0	1123501313
24911	-1009982976	1156686848	1124240480	0	0	1124413235
24912	-1009901739	1156707101	1124264949	0	0	1124537431
26084	-1050116608	1109988096	-1162264576	0	0	1132893815
26085	-1041062912	1102742016	943194112	0	0	1133035032
26086	1166793378	-969284195	1106715698	0	0	1131544056
26087	1166821369	-969263927	1106716071	0	0	1133263618
26088	1166865531	-969265982	1106716080	0	0	1101330768
26089	1166902821	-969284137	1106713166	0	0	1124328596
26090	1166936375	-969319550	1106716032	0	0	1123794380
26091	1166875975	-969307314	1106716002	0	0	1132893815
26092	1166830656	-969311068	1106704064	0	0	1133035032
26096	1166910933	-969307515	1106716057	0	0	1135866914
26098	1166988789	-969331817	1106715947	0	0	1102089872
26461	1184618188	1169160480	1143676808	0	0	0
26462	-1102708736	-1062738944	0	0	0	1118797516
26463	-1132462080	1085137920	0	0	0	1109026976
26464	1097830400	1084475392	0	0	0	1134785616
26465	1097736193	-1063620608	-1132363776	0	0	0
