field0	field1	field2	field3	field4
1	0	0	4	0
2	27	3	2	1
3	0	0	4	0
4	27	7	2	3
5	0	0	4	0
6	27	10	2	5
7	0	0	4	0
8	27	11	2	7
9	0	0	4	0
10	27	1	2	9
11	0	0	4	0
12	27	4	2	11
13	0	0	4	0
14	27	2	2	13
15	0	0	4	0
16	27	6	2	15
17	0	0	4	0
18	27	8	2	17
19	0	0	4	0
20	27	5	2	19
21	0	0	4	0
22	27	22	2	21
23	0	0	4	0
24	27	9	2	23
25	0	0	4	0
26	20	1	2	25
27	0	0	4	0
28	20	0	2	27
29	0	0	4	0
30	67	5717	2	29
31	0	0	4	0
32	67	9317	2	31
33	0	0	4	0
34	67	5719	2	33
35	0	0	4	0
36	38	40	2	35
37	0	0	4	0
38	3	185	2	37
39	14	3	2	37
40	0	0	4	0
41	20	2	2	40
42	2	12637	2	40
43	0	0	4	0
44	20	2	2	43
45	0	0	4	0
46	67	5720	2	45
47	0	0	4	0
48	20	0	2	47
49	2	12643	2	47
50	0	0	4	0
51	8	55005	2	50
52	1	51	2	50
53	41	4395	2	50
54	0	0	4	0
55	67	7523	2	54
56	8	45123	2	54
57	0	0	4	0
58	67	7523	2	57
59	41	4395	2	57
60	0	0	4	0
61	67	1057	2	60
62	0	0	4	0
63	67	1043	2	62
64	0	0	4	0
65	24	5	2	64
66	0	0	4	0
67	24	2	2	66
68	0	0	4	0
69	30	1	2	68
70	0	0	4	0
71	30	4	2	70
72	0	0	4	0
73	30	7	2	72
74	0	0	4	0
75	30	9	2	74
76	0	0	4	0
77	30	6	2	76
78	0	0	4	0
79	30	10	2	78
80	0	0	4	0
81	30	11	2	80
82	0	0	4	0
83	30	3	2	82
84	0	0	4	0
85	30	2	2	84
86	0	0	4	0
87	30	5	2	86
88	0	0	8	0
89	30	8	2	88
90	0	0	4	0
91	5	0	2	90
92	27	8	2	90
93	28	4	2	90
94	0	0	4	0
95	5	0	2	94
96	27	2	2	94
97	28	6	2	94
98	0	0	4	0
99	5	0	2	98
100	27	4	2	98
101	28	5	2	98
102	0	0	4	0
103	5	0	2	102
104	27	2	2	102
105	28	7	2	102
106	0	0	4	0
107	5	0	2	106
108	27	6	2	106
109	28	11	2	106
110	0	0	4	0
111	5	0	2	110
112	27	5	2	110
113	28	1	2	110
114	0	0	4	0
115	5	0	2	114
116	27	7	2	114
117	28	9	2	114
118	0	0	4	0
119	5	0	2	118
120	27	1	2	118
121	28	6	2	118
122	0	0	4	0
123	5	0	2	122
124	27	10	2	122
125	28	8	2	122
126	0	0	4	0
127	5	0	2	126
128	27	3	2	126
129	28	3	2	126
130	0	0	4	0
131	5	0	2	130
132	27	11	2	130
133	28	2	2	130
134	0	0	4	0
135	67	1368	2	134
136	4	42928	2	134
137	0	0	4	0
138	67	5716	2	137
139	0	0	4	0
140	20	3	2	139
141	0	0	4	0
142	32	628	2	141
143	0	0	4	0
144	32	529	2	143
145	0	0	4	0
146	32	30	2	145
147	0	0	4	0
148	32	489	2	147
149	0	0	4	0
150	32	566	2	149
151	0	0	4	0
152	32	607	2	151
153	0	0	4	0
154	32	726	2	153
155	0	0	4	0
156	32	761	2	155
157	0	0	4	0
158	32	559	2	157
159	0	0	4	0
160	32	572	2	159
161	0	0	4	0
162	32	562	2	161
163	0	0	4	0
164	32	618	2	163
165	0	0	4	0
166	32	617	2	165
167	0	0	4	0
168	5	0	2	167
169	41	3820	2	167
170	0	0	4	0
171	5	0	2	170
172	41	2597	2	170
173	0	0	4	0
174	41	2597	2	173
175	0	0	4	0
176	41	3820	2	175
177	0	0	4	0
178	41	3358	2	177
179	0	0	4	0
180	41	3277	2	179
181	0	0	4	0
182	5	0	2	181
183	41	3277	2	181
184	0	0	4	0
185	5	0	2	184
186	41	3358	2	184
187	0	0	4	0
188	5	0	2	187
189	41	4384	2	187
190	0	0	4	0
191	41	4710	2	190
192	0	0	4	0
193	5	0	2	192
194	41	4710	2	192
195	0	0	4	0
196	41	4384	2	195
197	0	0	4	0
198	41	5031	2	197
199	0	0	4	0
200	41	5449	2	199
201	0	0	4	0
202	5	0	2	201
203	41	5031	2	201
204	0	0	4	0
205	5	0	2	204
206	41	5449	2	204
207	0	0	4	0
208	7	0	2	207
209	18	1637	2	207
210	0	0	4	0
211	7	0	2	210
212	18	1641	2	210
213	0	0	4	0
214	7	0	2	213
215	18	3704	2	213
216	0	0	4	0
217	7	0	2	216
218	18	1638	2	216
219	0	0	4	0
220	7	0	2	219
221	18	1640	2	219
222	0	0	4	0
223	7	0	2	222
224	18	2197	2	222
225	0	0	4	0
226	7	0	2	225
227	18	1497	2	225
228	0	0	4	0
229	7	0	2	228
230	18	1639	2	228
231	0	0	4	0
232	7	0	2	231
233	18	3487	2	231
234	0	0	4	0
235	67	9987	2	234
236	20	1	2	234
237	0	0	4	0
238	20	2	2	237
239	2	12638	2	237
240	0	0	4	0
241	26	5	2	240
242	0	0	4	0
243	17	1637	2	242
244	0	0	4	0
245	41	1519	2	244
246	0	0	4	0
247	20	0	2	246
248	2	12644	2	246
249	0	0	4	0
250	20	3	2	249
251	2	13699	2	249
252	0	0	4	0
253	67	10004	2	252
254	0	0	4	0
255	67	1368	2	254
256	0	0	4	0
257	4	1412	2	256
258	0	0	4	0
259	4	6827	2	258
260	0	0	4	0
261	4	890	2	260
262	0	0	4	0
263	4	13321	2	262
264	0	0	4	0
265	4	4166	2	264
266	0	0	4	0
267	4	5951	2	266
268	0	0	4	0
269	4	9600	2	268
270	0	0	4	0
271	4	721	2	270
272	0	0	4	0
273	4	1933	2	272
274	0	0	4	0
275	4	17467	2	274
276	0	0	4	0
277	4	10685	2	276
278	0	0	4	0
279	4	1420	2	278
280	0	0	4	0
281	4	6368	2	280
282	0	0	4	0
283	4	620	2	282
284	0	0	4	0
285	4	2442	2	284
286	0	0	4	0
287	4	19665	2	286
288	0	0	4	0
289	4	883	2	288
290	0	0	4	0
291	4	2620	2	290
292	0	0	4	0
293	4	25679	2	292
294	0	0	4	0
295	4	25677	2	294
296	0	0	4	0
297	4	2098	2	296
298	0	0	4	0
299	26	11	2	298
300	0	0	4	0
301	26	2	2	300
302	0	0	4	0
303	26	7	2	302
304	0	0	4	0
305	20	2	2	304
306	2	12636	2	304
307	0	0	4	0
308	67	7427	2	307
309	0	0	4	0
310	20	3	2	309
311	2	12637	2	309
312	0	0	4	0
313	24	5	2	312
314	60	0	2	312
315	0	0	4	0
316	10	23335	2	315
317	18	4571	2	315
318	0	0	4	0
319	41	4395	2	318
320	0	0	4	0
321	67	9637	2	320
322	0	0	4	0
323	20	1	2	322
324	2	12649	2	322
325	0	0	4	0
326	26	6	2	325
327	0	0	4	0
328	20	0	2	327
329	2	12647	2	327
330	0	0	4	0
331	20	0	2	330
332	29	9	2	330
333	0	0	4	0
334	67	2304	2	333
335	0	0	4	0
336	14	4	2	335
337	0	0	4	0
338	15	5	2	337
339	0	0	4	0
340	24	3	2	339
341	0	0	4	0
342	15	4	2	341
343	0	0	4	0
344	21	7	2	343
345	0	0	4	0
346	26	4	2	345
347	0	0	4	0
348	26	9	2	347
349	0	0	4	0
350	20	0	2	349
351	2	12649	2	349
352	0	0	4	0
353	38	37	2	352
354	0	0	4	0
355	67	3785	2	354
356	0	0	4	0
357	2	12506	2	356
358	0	0	4	0
359	20	0	2	358
360	2	13700	2	358
361	0	0	4	0
362	20	1	2	361
363	2	12643	2	361
364	0	0	4	0
365	34	8	2	364
366	0	0	4	0
367	26	1	2	366
368	0	0	4	0
369	10	23335	2	368
370	17	3277	2	368
371	0	0	4	0
372	11	78	2	371
373	18	3057	2	371
374	0	0	4	0
375	26	3	2	374
376	0	0	4	0
377	67	1630	2	376
378	0	0	4	0
379	67	1625	2	378
380	0	0	4	0
381	67	5723	2	380
382	0	0	4	0
383	67	1633	2	382
384	0	0	4	0
385	67	1635	2	384
386	0	0	4	0
387	67	1634	2	386
388	0	0	4	0
389	67	1636	2	388
390	0	0	4	0
391	67	1621	2	390
392	0	0	4	0
393	67	1629	2	392
394	0	0	4	0
395	67	1041	2	394
396	0	0	4	0
397	67	1058	2	396
398	0	0	4	0
399	39	85	2	398
400	0	0	4	0
401	40	85	2	400
402	0	0	4	0
403	67	6873	2	402
404	20	1	2	402
405	0	0	4	0
406	10	24378	2	405
407	0	0	4	0
408	67	1368	2	407
409	8	55000	2	407
410	0	0	4	0
411	67	5668	2	410
412	2	924	2	410
413	0	0	4	0
414	67	5669	2	413
415	2	923	2	413
416	0	0	4	0
417	38	49	2	416
418	0	0	4	0
419	1	51	2	418
420	4	9099	2	418
421	8	68478	2	418
422	0	0	4	0
423	7	0	2	422
424	18	4411	2	422
425	0	0	4	0
426	7	0	2	425
427	18	1658	2	425
428	0	0	4	0
429	7	0	2	428
430	18	1659	2	428
431	0	0	4	0
432	7	0	2	431
433	18	1660	2	431
434	0	0	4	0
435	7	0	2	434
436	18	3557	2	434
437	0	0	4	0
438	7	0	2	437
439	18	1657	2	437
440	0	0	4	0
441	7	0	2	440
442	18	1617	2	440
443	0	0	4	0
444	7	0	2	443
445	18	1661	2	443
446	0	0	4	0
447	7	0	2	446
448	18	1537	2	446
449	0	0	4	0
450	7	0	2	449
451	18	1519	2	449
452	0	0	4	0
453	7	0	2	452
454	18	1662	2	452
455	0	0	4	0
456	67	9161	2	455
457	20	1	2	455
458	0	0	4	0
459	67	5809	2	458
460	2	11835	2	458
461	0	0	4	0
462	67	5810	2	461
463	2	11836	2	461
464	0	0	4	0
465	67	5818	2	464
466	20	1	2	464
467	0	0	4	0
468	20	1	2	467
469	29	21	2	467
470	0	0	4	0
471	37	1800	2	470
472	0	0	4	0
473	7	0	2	472
474	0	0	4	0
475	8	26273	2	474
476	0	0	4	0
477	8	26157	2	476
478	0	0	4	0
479	8	26272	2	478
480	0	0	4	0
481	8	26274	2	480
482	0	0	4	0
483	67	2303	2	482
484	0	0	4	0
485	35	0	2	484
486	0	0	4	0
487	25	3	2	486
488	0	0	4	0
489	25	6	2	488
490	0	0	4	0
491	67	1368	2	490
492	5	0	2	490
493	27	10	2	490
494	28	9	2	490
495	0	0	4	0
496	67	1368	2	495
497	5	0	2	495
498	27	11	2	495
499	28	5	2	495
500	0	0	4	0
501	67	1368	2	500
502	5	0	2	500
503	27	2	2	500
504	28	6	2	500
505	0	0	4	0
506	67	1368	2	505
507	5	0	2	505
508	27	5	2	505
509	28	4	2	505
510	0	0	4	0
511	67	1368	2	510
512	5	0	2	510
513	27	4	2	510
514	28	11	2	510
515	0	0	4	0
516	67	1368	2	515
517	5	0	2	515
518	27	1	2	515
519	28	1	2	515
520	0	0	4	0
521	67	1368	2	520
522	5	0	2	520
523	27	8	2	520
524	28	3	2	520
525	0	0	4	0
526	67	1368	2	525
527	5	0	2	525
528	27	7	2	525
529	28	8	2	525
530	0	0	4	0
531	67	1368	2	530
532	5	0	2	530
533	27	6	2	530
534	28	7	2	530
535	0	0	4	0
536	67	1368	2	535
537	5	0	2	535
538	27	3	2	535
539	28	2	2	535
540	0	0	4	0
541	25	5	2	540
542	0	0	4	0
543	67	6336	2	542
544	20	1	2	542
545	0	0	4	0
546	26	8	2	545
547	0	0	4	0
548	16	0	2	547
549	0	0	4	0
550	25	4	2	549
551	0	0	4	0
552	41	1537	2	551
553	0	0	4	0
554	41	1657	2	553
555	0	0	4	0
556	41	3557	2	555
557	0	0	4	0
558	41	1637	2	557
559	0	0	4	0
560	41	1638	2	559
561	0	0	4	0
562	41	3487	2	561
563	0	0	4	0
564	41	1497	2	563
565	0	0	4	0
566	8	24378	2	565
567	0	0	4	0
568	10	23333	2	567
569	18	4572	2	567
570	0	0	4	0
571	25	7	2	570
572	0	0	4	0
573	67	1640	2	572
574	0	0	4	0
575	67	5724	2	574
576	0	0	4	0
577	67	1637	2	576
578	0	0	4	0
579	67	1626	2	578
580	0	0	4	0
581	67	1631	2	580
582	0	0	4	0
583	67	1632	2	582
584	0	0	4	0
585	67	1639	2	584
586	0	0	4	0
587	67	1638	2	586
588	0	0	4	0
589	67	1622	2	588
590	0	0	4	0
591	32	1	2	590
592	0	0	4	0
593	32	0	2	592
594	0	0	4	0
595	32	530	2	594
596	0	0	4	0
597	32	571	2	596
598	0	0	4	0
599	32	861	2	598
600	0	0	4	0
601	32	870	2	600
602	0	0	4	0
603	67	6352	2	602
604	20	0	2	602
605	0	0	4	0
606	67	6892	2	605
607	20	0	2	605
608	0	0	4	0
609	67	6761	2	608
610	20	1	2	608
611	0	0	4	0
612	67	6762	2	611
613	20	1	2	611
614	0	0	4	0
615	67	6760	2	614
616	20	1	2	614
617	0	0	4	0
618	65	0	2	617
619	0	0	4	0
620	25	11	2	619
621	0	0	4	0
622	10	34976	2	621
623	0	0	4	0
624	25	1	2	623
625	0	0	4	0
626	3	187	2	625
627	14	3	2	625
628	0	0	4	0
629	25	8	2	628
630	0	0	4	0
631	8	48890	2	630
632	0	0	4	0
633	10	23451	2	632
634	0	0	4	0
635	3	213	2	634
636	14	4	2	634
637	0	0	4	0
638	2	6686	2	637
639	0	0	4	0
640	25	10	2	639
641	0	0	4	0
642	46	5	2	641
643	0	0	4	0
644	10	23333	2	643
645	17	3277	2	643
646	0	0	4	0
647	67	7385	2	646
648	20	1	2	646
649	0	0	4	0
650	67	7386	2	649
651	20	1	2	649
652	0	0	4	0
653	67	7387	2	652
654	20	1	2	652
655	0	0	4	0
656	67	7388	2	655
657	20	1	2	655
658	0	0	4	0
659	67	7384	2	658
660	20	1	2	658
661	0	0	4	0
662	67	6971	2	661
663	20	0	2	661
664	0	0	4	0
665	67	7290	2	664
666	20	1	2	664
667	0	0	4	0
668	67	7290	2	667
669	20	3	2	667
670	0	0	4	0
671	67	6982	2	670
672	20	0	2	670
673	0	0	4	0
674	67	6984	2	673
675	20	1	2	673
676	0	0	4	0
677	67	6930	2	676
678	20	0	2	676
679	0	0	4	0
680	67	6791	2	679
681	4	33134	2	679
682	20	0	2	679
683	0	0	4	0
684	67	7289	2	683
685	20	0	2	683
686	0	0	4	0
687	67	7289	2	686
688	20	2	2	686
689	0	0	4	0
690	67	7385	2	689
691	20	0	2	689
692	0	0	4	0
693	67	7386	2	692
694	20	0	2	692
695	0	0	4	0
696	67	6676	2	695
697	20	1	2	695
698	0	0	4	0
699	67	7362	2	698
700	2	11835	2	698
701	0	0	4	0
702	67	7364	2	701
703	2	11835	2	701
704	0	0	4	0
705	67	7365	2	704
706	2	11836	2	704
707	0	0	4	0
708	67	7363	2	707
709	2	11836	2	707
710	0	0	4	0
711	20	3	2	710
712	2	8759	2	710
713	0	0	4	0
714	67	7199	2	713
715	0	0	4	0
716	67	7362	2	715
717	2	924	2	715
718	0	0	4	0
719	67	6853	2	718
720	20	0	2	718
721	0	0	4	0
722	20	2	2	721
723	2	8760	2	721
724	0	0	4	0
725	67	6982	2	724
726	20	1	2	724
727	0	0	4	0
728	67	7091	2	727
729	0	0	4	0
730	20	1	2	729
731	2	12647	2	729
732	0	0	4	0
733	8	68458	2	732
734	0	0	4	0
735	67	6785	2	734
736	20	0	2	734
737	0	0	4	0
738	67	6916	2	737
739	20	0	2	737
740	0	0	4	0
741	38	164	2	740
742	26	6	2	740
743	0	0	4	0
744	38	164	2	743
745	26	4	2	743
746	0	0	4	0
747	38	164	2	746
748	26	7	2	746
749	0	0	4	0
750	38	164	2	749
751	26	9	2	749
752	0	0	4	0
753	38	164	2	752
754	26	11	2	752
755	0	0	4	0
756	38	164	2	755
757	26	3	2	755
758	0	0	4	0
759	38	164	2	758
760	26	8	2	758
761	0	0	4	0
762	38	164	2	761
763	26	2	2	761
764	0	0	4	0
765	38	164	2	764
766	26	5	2	764
767	0	0	4	0
768	38	164	2	767
769	26	1	2	767
770	0	0	4	0
771	67	9987	2	770
772	20	1	2	770
773	2	13698	2	770
774	0	0	4	0
775	20	2	2	774
776	2	13699	2	774
777	0	0	4	0
778	67	6969	2	777
779	20	1	2	777
780	0	0	4	0
781	67	6785	2	780
782	20	1	2	780
783	0	0	4	0
784	61	0	2	783
785	0	0	4	0
786	67	4546	2	785
787	16	0	2	785
788	1	51	2	785
789	0	0	4	0
790	67	6884	2	789
791	20	1	2	789
792	0	0	4	0
793	67	6883	2	792
794	20	1	2	792
795	0	0	4	0
796	67	6885	2	795
797	20	1	2	795
798	0	0	4	0
799	67	6888	2	798
800	20	1	2	798
801	0	0	4	0
802	67	7384	2	801
803	20	0	2	801
804	0	0	4	0
805	67	7387	2	804
806	20	0	2	804
807	0	0	4	0
808	20	3	2	807
809	2	12640	2	807
810	0	0	4	0
811	67	7291	2	810
812	20	1	2	810
813	0	0	4	0
814	67	6676	2	813
815	20	0	2	813
816	0	0	4	0
817	67	6760	2	816
818	20	0	2	816
819	0	0	4	0
820	67	6761	2	819
821	20	0	2	819
822	0	0	4	0
823	67	6762	2	822
824	20	0	2	822
825	0	0	4	0
826	67	3785	2	825
827	20	3	2	825
828	0	0	4	0
829	67	7308	2	828
830	20	1	2	828
831	0	0	4	0
832	67	7311	2	831
833	20	1	2	831
834	0	0	4	0
835	67	7313	2	834
836	20	1	2	834
837	0	0	4	0
838	67	7314	2	837
839	20	1	2	837
840	0	0	4	0
841	67	7315	2	840
842	20	1	2	840
843	0	0	4	0
844	67	7317	2	843
845	20	1	2	843
846	0	0	4	0
847	67	7318	2	846
848	20	1	2	846
849	0	0	4	0
850	67	7320	2	849
851	20	1	2	849
852	0	0	4	0
853	67	7321	2	852
854	20	1	2	852
855	0	0	4	0
856	67	7322	2	855
857	20	1	2	855
858	0	0	4	0
859	67	7324	2	858
860	20	1	2	858
861	0	0	4	0
862	67	7325	2	861
863	20	1	2	861
864	0	0	4	0
865	67	7327	2	864
866	20	1	2	864
867	0	0	4	0
868	67	7328	2	867
869	20	1	2	867
870	0	0	4	0
871	67	7329	2	870
872	20	1	2	870
873	0	0	4	0
874	67	7331	2	873
875	20	1	2	873
876	0	0	4	0
877	67	7307	2	876
878	20	1	2	876
879	0	0	4	0
880	67	7309	2	879
881	20	1	2	879
882	0	0	4	0
883	67	7310	2	882
884	20	1	2	882
885	0	0	4	0
886	67	7312	2	885
887	20	1	2	885
888	0	0	4	0
889	67	7316	2	888
890	20	1	2	888
891	0	0	4	0
892	67	7319	2	891
893	20	1	2	891
894	0	0	4	0
895	67	7323	2	894
896	20	1	2	894
897	0	0	4	0
898	67	7326	2	897
899	20	1	2	897
900	0	0	4	0
901	67	7330	2	900
902	20	1	2	900
903	0	0	4	0
904	20	0	2	903
905	2	13698	2	903
906	0	0	4	0
907	67	6883	2	906
908	20	0	2	906
909	0	0	4	0
910	67	6885	2	909
911	20	0	2	909
912	0	0	4	0
913	67	6884	2	912
914	20	0	2	912
915	0	0	4	0
916	20	3	2	915
917	2	12642	2	915
918	0	0	4	0
919	67	6909	2	918
920	20	0	2	918
921	0	0	4	0
922	38	134	2	921
923	0	0	4	0
924	67	6889	2	923
925	20	1	2	923
926	0	0	4	0
927	67	6980	2	926
928	20	1	2	926
929	0	0	4	0
930	20	2	2	929
931	2	12640	2	929
932	0	0	4	0
933	67	7363	2	932
934	2	923	2	932
935	0	0	4	0
936	20	1	2	935
937	8	65031	2	935
938	0	0	4	0
939	20	1	2	938
940	8	62309	2	938
941	0	0	4	0
942	20	1	2	941
943	8	65030	2	941
944	0	0	4	0
945	67	7013	2	944
946	20	0	2	944
947	0	0	4	0
948	67	6971	2	947
949	20	1	2	947
950	8	58501	2	947
951	0	0	4	0
952	67	7442	2	951
953	20	0	2	951
954	0	0	4	0
955	67	6971	2	954
956	20	0	2	954
957	8	58501	2	954
958	0	0	4	0
959	67	6900	2	958
960	20	0	2	958
961	0	0	4	0
962	67	6918	2	961
963	20	0	2	961
964	0	0	4	0
965	20	3	2	964
966	2	8763	2	964
967	0	0	4	0
968	4	34776	2	967
969	0	0	4	0
970	4	34802	2	969
971	0	0	4	0
972	4	34775	2	971
973	0	0	4	0
974	4	34793	2	973
975	0	0	4	0
976	20	2	2	975
977	2	12642	2	975
978	0	0	4	0
979	20	1	2	978
980	2	12646	2	978
981	0	0	4	0
982	27	1	2	981
983	28	4	2	981
984	0	0	4	0
985	27	2	2	984
986	28	4	2	984
987	0	0	4	0
988	27	8	2	987
989	28	4	2	987
990	0	0	4	0
991	27	5	2	990
992	28	4	2	990
993	0	0	4	0
994	27	3	2	993
995	28	4	2	993
996	0	0	4	0
997	27	7	2	996
998	28	4	2	996
999	0	0	4	0
1000	27	4	2	999
1001	28	4	2	999
1002	0	0	4	0
1003	27	10	2	1002
1004	28	4	2	1002
1005	0	0	4	0
1006	27	9	2	1005
1007	28	4	2	1005
1008	0	0	4	0
1009	27	22	2	1008
1010	28	4	2	1008
1011	0	0	4	0
1012	8	66303	2	1011
1013	17	14	2	1011
1014	0	0	4	0
1015	8	66303	2	1014
1016	17	3430	2	1014
1017	0	0	4	0
1018	8	66303	2	1017
1019	17	1638	2	1017
1020	0	0	4	0
1021	8	66303	2	1020
1022	17	1497	2	1020
1023	0	0	4	0
1024	67	3785	2	1023
1025	20	3	2	1023
1026	2	924	2	1023
1027	0	0	4	0
1028	67	6921	2	1027
1029	20	0	2	1027
1030	0	0	4	0
1031	67	6921	2	1030
1032	20	1	2	1030
1033	0	0	4	0
1034	67	6969	2	1033
1035	20	0	2	1033
1036	0	0	4	0
1037	67	6977	2	1036
1038	20	0	2	1036
1039	0	0	4	0
1040	62	9000	2	1039
1041	0	0	4	0
1042	67	7303	2	1041
1043	20	0	2	1041
1044	0	0	4	0
1045	67	7303	2	1044
1046	20	2	2	1044
1047	0	0	4	0
1048	20	3	2	1047
1049	2	12641	2	1047
1050	0	0	4	0
1051	8	62807	2	1050
1052	8	63711	2	1050
1053	20	0	2	1050
1054	0	0	4	0
1055	8	62821	2	1054
1056	8	63711	2	1054
1057	20	0	2	1054
1058	0	0	4	0
1059	8	62821	2	1058
1060	8	62807	2	1058
1061	20	0	2	1058
1062	0	0	4	0
1063	20	0	2	1062
1064	8	62320	2	1062
1065	0	0	4	0
1066	17	1497	2	1065
1067	0	0	4	0
1068	17	1638	2	1067
1069	0	0	4	0
1070	17	14	2	1069
1071	0	0	4	0
1072	17	3430	2	1071
1073	0	0	4	0
1074	67	6926	2	1073
1075	20	1	2	1073
1076	0	0	4	0
1077	1	51	2	1076
1078	8	68478	2	1076
1079	4	8403	2	1076
1080	0	0	4	0
1081	5	0	2	1080
1082	6	0	2	1080
1083	7	0	2	1080
1084	0	0	4	0
1085	20	2	2	1084
1086	2	8758	2	1084
1087	0	0	4	0
1088	20	2	2	1087
1089	2	8762	2	1087
1090	0	0	4	0
1091	20	2	2	1090
1092	2	12639	2	1090
1093	0	0	4	0
1094	67	6971	2	1093
1095	20	1	2	1093
1096	0	0	4	0
1097	67	6980	2	1096
1098	20	0	2	1096
1099	0	0	4	0
1100	67	6909	2	1099
1101	20	1	2	1099
1102	0	0	4	0
1103	67	6968	2	1102
1104	20	1	2	1102
1105	0	0	4	0
1106	67	6981	2	1105
1107	20	1	2	1105
1108	0	0	4	0
1109	67	7304	2	1108
1110	20	1	2	1108
1111	0	0	4	0
1112	67	7304	2	1111
1113	20	3	2	1111
1114	0	0	4	0
1115	67	9954	2	1114
1116	0	0	4	0
1117	8	63034	2	1116
1118	0	0	4	0
1119	67	7385	2	1118
1120	0	0	4	0
1121	67	7386	2	1120
1122	0	0	4	0
1123	67	7387	2	1122
1124	0	0	4	0
1125	67	7388	2	1124
1126	0	0	4	0
1127	67	7384	2	1126
1128	0	0	4	0
1129	67	7441	2	1128
1130	20	1	2	1128
1131	0	0	4	0
1132	67	6920	2	1131
1133	20	1	2	1131
1134	0	0	4	0
1135	67	3785	2	1134
1136	20	3	2	1134
1137	2	923	2	1134
1138	0	0	4	0
1139	67	1368	2	1138
1140	4	5489	2	1138
1141	0	0	4	0
1142	67	1368	2	1141
1143	4	12336	2	1141
1144	0	0	4	0
1145	67	1368	2	1144
1146	4	8140	2	1144
1147	0	0	4	0
1148	67	1368	2	1147
1149	4	1351	2	1147
1150	0	0	4	0
1151	67	1368	2	1150
1152	4	1444	2	1150
1153	0	0	4	0
1154	67	1368	2	1153
1155	4	927	2	1153
1156	0	0	4	0
1157	67	1368	2	1156
1158	4	739	2	1156
1159	0	0	4	0
1160	67	1368	2	1159
1161	4	5484	2	1159
1162	0	0	4	0
1163	67	2174	2	1162
1164	8	58818	2	1162
1165	0	0	4	0
1166	25	2	2	1165
1167	0	0	4	0
1168	20	0	2	1167
1169	10	65737	2	1167
1170	0	0	4	0
1171	20	1	2	1170
1172	10	64193	2	1170
1173	0	0	4	0
1174	67	6823	2	1173
1175	20	0	2	1173
1176	0	0	4	0
1177	67	6823	2	1176
1178	20	1	2	1176
1179	0	0	4	0
1180	67	6895	2	1179
1181	20	1	2	1179
1182	0	0	4	0
1183	67	6876	2	1182
1184	20	0	2	1182
1185	0	0	4	0
1186	67	6328	2	1185
1187	20	1	2	1185
1188	0	0	4	0
1189	67	6323	2	1188
1190	20	0	2	1188
1191	0	0	4	0
1192	67	6334	2	1191
1193	20	1	2	1191
1194	0	0	4	0
1195	67	6983	2	1194
1196	20	1	2	1194
1197	0	0	4	0
1198	67	6889	2	1197
1199	20	0	2	1197
1200	0	0	4	0
1201	67	6929	2	1200
1202	20	1	2	1200
1203	0	0	4	0
1204	67	6913	2	1203
1205	20	0	2	1203
1206	0	0	4	0
1207	38	132	2	1206
1208	0	0	4	0
1209	67	7388	2	1208
1210	20	0	2	1208
1211	0	0	4	0
1212	4	29328	2	1211
1213	0	0	4	0
1214	4	28407	2	1213
1215	0	0	4	0
1216	4	24746	2	1215
1217	0	0	4	0
1218	4	32498	2	1217
1219	0	0	4	0
1220	4	31889	2	1219
1221	0	0	4	0
1222	4	6653	2	1221
1223	0	0	4	0
1224	4	9700	2	1223
1225	0	0	4	0
1226	4	31890	2	1225
1227	0	0	4	0
1228	4	26503	2	1227
1229	0	0	4	0
1230	4	28093	2	1229
1231	0	0	4	0
1232	4	28440	2	1231
1233	0	0	4	0
1234	4	31685	2	1233
1235	0	0	4	0
1236	67	6353	2	1235
1237	20	1	2	1235
1238	0	0	4	0
1239	67	6792	2	1238
1240	4	33134	2	1238
1241	20	1	2	1238
1242	0	0	4	0
1243	67	6353	2	1242
1244	20	0	2	1242
1245	0	0	4	0
1246	18	4609	2	1245
1247	0	0	4	0
1248	2	8466	2	1247
1249	0	0	4	0
1250	67	6425	2	1249
1251	20	1	2	1249
1252	0	0	4	0
1253	20	0	2	1252
1254	8	65030	2	1252
1255	0	0	4	0
1256	20	0	2	1255
1257	8	65031	2	1255
1258	0	0	4	0
1259	20	0	2	1258
1260	8	62309	2	1258
1261	0	0	4	0
1262	67	6378	2	1261
1263	20	1	2	1261
1264	0	0	4	0
1265	67	6926	2	1264
1266	20	0	2	1264
1267	0	0	4	0
1268	20	1	2	1267
1269	10	52092	2	1267
1270	0	0	4	0
1271	67	5718	2	1270
1272	0	0	4	0
1273	20	1	2	1272
1274	8	62320	2	1272
1275	0	0	4	0
1276	20	3	2	1275
1277	2	8765	2	1275
1278	0	0	4	0
1279	28	7	2	1278
1280	70	85	2	1278
1281	0	0	4	0
1282	28	1	2	1281
1283	70	85	2	1281
1284	0	0	4	0
1285	28	9	2	1284
1286	70	85	2	1284
1287	0	0	4	0
1288	28	4	2	1287
1289	70	85	2	1287
1290	0	0	4	0
1291	28	6	2	1290
1292	70	85	2	1290
1293	0	0	4	0
1294	28	3	2	1293
1295	70	85	2	1293
1296	0	0	4	0
1297	28	5	2	1296
1298	70	85	2	1296
1299	0	0	4	0
1300	28	8	2	1299
1301	70	85	2	1299
1302	0	0	4	0
1303	67	6916	2	1302
1304	20	1	2	1302
1305	0	0	4	0
1306	20	1	2	1305
1307	10	64021	2	1305
1308	0	0	4	0
1309	67	6972	2	1308
1310	20	0	2	1308
1311	0	0	4	0
1312	67	6319	2	1311
1313	20	1	2	1311
1314	0	0	4	0
1315	67	6977	2	1314
1316	20	1	2	1314
1317	0	0	4	0
1318	67	6892	2	1317
1319	20	1	2	1317
1320	0	0	4	0
1321	67	6421	2	1320
1322	20	1	2	1320
1323	0	0	4	0
1324	67	6436	2	1323
1325	20	0	2	1323
1326	0	0	4	0
1327	67	6436	2	1326
1328	20	1	2	1326
1329	0	0	4	0
1330	67	6875	2	1329
1331	20	0	2	1329
1332	0	0	4	0
1333	67	6972	2	1332
1334	20	1	2	1332
1335	0	0	4	0
1336	67	6312	2	1335
1337	20	1	2	1335
1338	0	0	4	0
1339	67	6915	2	1338
1340	20	1	2	1338
1341	0	0	4	0
1342	67	6362	2	1341
1343	20	1	2	1341
1344	0	0	4	0
1345	67	6438	2	1344
1346	20	0	2	1344
1347	0	0	4	0
1348	17	1519	2	1347
1349	0	0	4	0
1350	17	405	2	1349
1351	0	0	4	0
1352	17	1377	2	1351
1353	0	0	4	0
1354	17	400	2	1353
1355	0	0	4	0
1356	17	440	2	1355
1357	0	0	4	0
1358	17	3	2	1357
1359	0	0	4	0
1360	62	42000	2	1359
1361	0	0	4	0
1362	17	3487	2	1361
1363	0	0	4	0
1364	67	6427	2	1363
1365	20	1	2	1363
1366	0	0	4	0
1367	67	6984	2	1366
1368	20	0	2	1366
1369	0	0	4	0
1370	67	6327	2	1369
1371	20	1	2	1369
1372	0	0	4	0
1373	67	6917	2	1372
1374	20	1	2	1372
1375	0	0	4	0
1376	67	6888	2	1375
1377	20	0	2	1375
1378	0	0	4	0
1379	20	3	2	1378
1380	2	8761	2	1378
1381	0	0	4	0
1382	20	2	2	1381
1383	2	8766	2	1381
1384	0	0	4	0
1385	67	6915	2	1384
1386	20	0	2	1384
1387	0	0	4	0
1388	67	6853	2	1387
1389	20	1	2	1387
1390	0	0	4	0
1391	67	7000	2	1390
1392	20	0	2	1390
1393	0	0	4	0
1394	67	6968	2	1393
1395	20	0	2	1393
1396	0	0	4	0
1397	17	3557	2	1396
1398	0	0	4	0
1399	17	12	2	1398
1400	0	0	4	0
1401	17	1657	2	1400
1402	0	0	4	0
1403	17	809	2	1402
1404	0	0	4	0
1405	67	6919	2	1404
1406	20	0	2	1404
1407	0	0	4	0
1408	8	68503	2	1407
1409	0	0	4	0
1410	67	6918	2	1409
1411	20	1	2	1409
1412	0	0	4	0
1413	67	6919	2	1412
1414	20	1	2	1412
1415	0	0	4	0
1416	67	1368	2	1415
1417	17	1657	2	1415
1418	0	0	4	0
1419	67	1368	2	1418
1420	17	1519	2	1418
1421	0	0	4	0
1422	67	1368	2	1421
1423	17	3557	2	1421
1424	0	0	4	0
1425	67	1368	2	1424
1426	17	1537	2	1424
1427	0	0	4	0
1428	18	4583	2	1427
1429	0	0	4	0
1430	18	4575	2	1429
1431	0	0	4	0
1432	18	4612	2	1431
1433	0	0	4	0
1434	18	4539	2	1433
1435	0	0	4	0
1436	18	4538	2	1435
1437	0	0	4	0
1438	18	4611	2	1437
1439	0	0	4	0
1440	18	4581	2	1439
1441	0	0	4	0
1442	18	4582	2	1441
1443	0	0	4	0
1444	18	4584	2	1443
1445	0	0	4	0
1446	18	4589	2	1445
1447	0	0	4	0
1448	67	6424	2	1447
1449	20	1	2	1447
1450	0	0	4	0
1451	20	3	2	1450
1452	61	0	2	1450
1453	0	0	4	0
1454	20	2	2	1453
1455	61	0	2	1453
1456	0	0	4	0
1457	20	1	2	1456
1458	8	49464	2	1456
1459	0	0	4	0
1460	20	1	2	1459
1461	8	49460	2	1459
1462	0	0	4	0
1463	20	1	2	1462
1464	8	49346	2	1462
1465	0	0	4	0
1466	38	56	2	1465
1467	0	0	4	0
1468	38	29	2	1467
1469	0	0	4	0
1470	38	191	2	1469
1471	0	0	4	0
1472	38	192	2	1471
1473	0	0	4	0
1474	38	193	2	1473
1475	0	0	4	0
1476	20	2	2	1475
1477	2	12641	2	1475
1478	0	0	4	0
1479	4	35069	2	1478
1480	0	0	4	0
1481	4	35273	2	1480
1482	0	0	4	0
1483	67	9987	2	1482
1484	20	1	2	1482
1485	2	13700	2	1482
1486	0	0	4	0
1487	67	6323	2	1486
1488	20	1	2	1486
1489	0	0	4	0
1490	67	6423	2	1489
1491	20	1	2	1489
1492	0	0	4	0
1493	67	6433	2	1492
1494	20	0	2	1492
1495	0	0	4	0
1496	4	30249	2	1495
1497	8	61421	2	1495
1498	20	0	2	1495
1499	0	0	4	0
1500	67	6873	2	1499
1501	20	0	2	1499
1502	0	0	4	0
1503	20	2	2	1502
1504	2	8764	2	1502
1505	0	0	4	0
1506	20	3	2	1505
1507	2	8767	2	1505
1508	0	0	4	0
1509	67	6429	2	1508
1510	20	1	2	1508
1511	0	0	4	0
1512	67	5820	2	1511
1513	20	1	2	1511
1514	0	0	4	0
1515	67	7441	2	1514
1516	20	0	2	1514
1517	0	0	4	0
1518	67	6913	2	1517
1519	20	1	2	1517
1520	0	0	4	0
1521	4	33142	2	1520
1522	20	1	2	1520
1523	0	0	4	0
1524	67	7860	2	1523
1525	20	1	2	1523
1526	0	0	4	0
1527	8	66303	2	1526
1528	17	3557	2	1526
1529	0	0	4	0
1530	8	66303	2	1529
1531	17	1657	2	1529
1532	0	0	4	0
1533	8	66303	2	1532
1534	17	809	2	1532
1535	0	0	4	0
1536	8	66303	2	1535
1537	17	12	2	1535
1538	0	0	4	0
1539	67	1368	2	1538
1540	17	4395	2	1538
1541	0	0	4	0
1542	67	1368	2	1541
1543	8	21848	2	1541
1544	10	21848	2	1541
1545	41	4395	2	1541
1546	0	0	4	0
1547	10	65403	2	1546
1548	0	0	4	0
1549	67	6983	2	1548
1550	20	0	2	1548
1551	0	0	4	0
1552	8	66304	2	1551
1553	8	66303	2	1551
1554	0	0	4	0
1555	8	60682	2	1554
1556	0	0	4	0
1557	4	16111	2	1556
1558	41	4100	2	1556
1559	0	0	4	0
1560	4	16111	2	1559
1561	41	4197	2	1559
1562	0	0	4	0
1563	4	16111	2	1562
1564	41	3456	2	1562
1565	0	0	4	0
1566	4	16111	2	1565
1567	18	3421	2	1565
1568	0	0	4	0
1569	4	16111	2	1568
1570	18	2177	2	1568
1571	0	0	4	0
1572	67	6577	2	1571
1573	0	0	4	0
1574	20	1	2	1573
1575	2	12644	2	1573
1576	0	0	4	0
1577	67	6981	2	1576
1578	20	0	2	1576
1579	0	0	4	0
1580	67	6886	2	1579
1581	20	0	2	1579
1582	0	0	4	0
1583	67	7013	2	1582
1584	20	1	2	1582
1585	0	0	4	0
1586	67	6886	2	1585
1587	20	1	2	1585
1588	0	0	4	0
1589	20	1	2	1588
1590	8	55817	2	1588
1591	0	0	4	0
1592	67	6920	2	1591
1593	20	0	2	1591
1594	0	0	4	0
1595	67	6448	2	1594
1596	0	0	4	0
1597	17	543	2	1596
1598	0	0	4	0
1599	17	186	2	1598
1600	0	0	4	0
1601	17	87	2	1600
1602	0	0	4	0
1603	17	131	2	1602
1604	0	0	4	0
1605	17	3576	2	1604
1606	0	0	4	0
1607	8	62807	2	1606
1608	8	65134	2	1606
1609	20	1	2	1606
1610	0	0	4	0
1611	8	62821	2	1610
1612	8	65134	2	1610
1613	20	1	2	1610
1614	0	0	4	0
1615	8	62821	2	1614
1616	8	62807	2	1614
1617	20	1	2	1614
1618	0	0	4	0
1619	67	6917	2	1618
1620	20	0	2	1618
1621	0	0	4	0
1622	67	6875	2	1621
1623	20	1	2	1621
1624	0	0	4	0
1625	67	6876	2	1624
1626	20	1	2	1624
1627	0	0	4	0
1628	10	52418	2	1627
1629	0	0	4	0
1630	17	3665	2	1629
1631	0	0	4	0
1632	17	362	2	1631
1633	0	0	4	0
1634	17	222	2	1633
1635	0	0	4	0
1636	17	159	2	1635
1637	0	0	4	0
1638	20	1	2	1637
1639	61	0	2	1637
1640	0	0	4	0
1641	67	7454	2	1640
1642	0	0	4	0
1643	67	7867	2	1642
1644	20	0	2	1642
1645	0	0	4	0
1646	67	7867	2	1645
1647	20	2	2	1645
1648	0	0	4	0
1649	8	60962	2	1648
1650	11	78	2	1648
1651	0	0	4	0
1652	67	6330	2	1651
1653	20	1	2	1651
1654	0	0	4	0
1655	20	3	2	1654
1656	2	12636	2	1654
1657	0	0	4	0
1658	20	3	2	1657
1659	2	9297	2	1657
1660	0	0	4	0
1661	67	6354	2	1660
1662	20	0	2	1660
1663	0	0	4	0
1664	38	32	2	1663
1665	0	0	4	0
1666	38	31	2	1665
1667	0	0	4	0
1668	38	30	2	1667
1669	0	0	4	0
1670	17	5095	2	1669
1671	0	0	4	0
1672	17	5389	2	1671
1673	0	0	4	0
1674	67	7198	2	1673
1675	0	0	4	0
1676	67	7889	2	1675
1677	20	2	2	1675
1678	0	0	4	0
1679	67	7889	2	1678
1680	20	0	2	1678
1681	0	0	4	0
1682	67	9331	2	1681
1683	0	0	4	0
1684	38	166	2	1683
1685	26	8	2	1683
1686	0	0	4	0
1687	38	166	2	1686
1688	26	4	2	1686
1689	0	0	4	0
1690	38	166	2	1689
1691	26	7	2	1689
1692	0	0	4	0
1693	38	166	2	1692
1694	26	11	2	1692
1695	0	0	4	0
1696	38	166	2	1695
1697	26	3	2	1695
1698	0	0	4	0
1699	38	166	2	1698
1700	26	2	2	1698
1701	0	0	4	0
1702	38	166	2	1701
1703	26	5	2	1701
1704	0	0	4	0
1705	38	166	2	1704
1706	26	9	2	1704
1707	0	0	4	0
1708	38	166	2	1707
1709	26	6	2	1707
1710	0	0	4	0
1711	38	166	2	1710
1712	26	1	2	1710
1713	0	0	4	0
1714	20	0	2	1713
1715	2	12646	2	1713
1716	0	0	4	0
1717	67	6420	2	1716
1718	20	1	2	1716
1719	0	0	4	0
1720	67	6431	2	1719
1721	20	0	2	1719
1722	0	0	4	0
1723	63	0	2	1722
1724	0	0	4	0
1725	20	2	2	1724
1726	2	9302	2	1724
1727	0	0	4	0
1728	20	3	2	1727
1729	2	9317	2	1727
1730	0	0	4	0
1731	67	6431	2	1730
1732	20	1	2	1730
1733	0	0	4	0
1734	67	2304	2	1733
1735	10	23335	2	1733
1736	18	4572	2	1733
1737	0	0	4	0
1738	67	2303	2	1737
1739	10	23333	2	1737
1740	18	4571	2	1737
1741	0	0	4	0
1742	67	6414	2	1741
1743	20	0	2	1741
1744	0	0	4	0
1745	10	61980	2	1744
1746	8	62181	2	1744
1747	0	0	4	0
1748	25	22	2	1747
1749	26	6	2	1747
1750	62	9000	2	1747
1751	0	0	4	0
1752	25	22	2	1751
1753	26	11	2	1751
1754	62	9000	2	1751
1755	0	0	4	0
1756	25	22	2	1755
1757	26	3	2	1755
1758	62	9000	2	1755
1759	0	0	4	0
1760	25	22	2	1759
1761	26	8	2	1759
1762	62	9000	2	1759
1763	0	0	4	0
1764	25	22	2	1763
1765	26	5	2	1763
1766	62	9000	2	1763
1767	0	0	4	0
1768	25	26	2	1767
1769	26	4	2	1767
1770	62	9000	2	1767
1771	0	0	4	0
1772	25	22	2	1771
1773	26	1	2	1771
1774	62	9000	2	1771
1775	0	0	4	0
1776	25	22	2	1775
1777	26	9	2	1775
1778	62	9000	2	1775
1779	0	0	4	0
1780	67	7704	2	1779
1781	20	3	2	1779
1782	0	0	4	0
1783	67	7704	2	1782
1784	20	1	2	1782
1785	0	0	4	0
1786	4	39605	2	1785
1787	0	0	4	0
1788	4	16802	2	1787
1789	0	0	4	0
1790	4	10181	2	1789
1791	0	0	4	0
1792	4	36648	2	1791
1793	0	0	4	0
1794	67	6900	2	1793
1795	20	1	2	1793
1796	0	0	4	0
1797	67	7826	2	1796
1798	20	3	2	1796
1799	0	0	4	0
1800	67	7826	2	1799
1801	20	1	2	1799
1802	0	0	4	0
1803	67	7827	2	1802
1804	20	1	2	1802
1805	0	0	4	0
1806	67	7827	2	1805
1807	20	3	2	1805
1808	0	0	4	0
1809	67	6451	2	1808
1810	0	0	4	0
1811	67	7834	2	1810
1812	20	3	2	1810
1813	0	0	4	0
1814	67	7834	2	1813
1815	20	1	2	1813
1816	0	0	4	0
1817	8	60962	2	1816
1818	0	0	4	0
1819	8	49680	2	1818
1820	0	0	4	0
1821	8	49719	2	1820
1822	0	0	4	0
1823	8	60968	2	1822
1824	0	0	4	0
1825	8	60944	2	1824
1826	0	0	4	0
1827	67	6450	2	1826
1828	0	0	4	0
1829	67	6452	2	1828
1830	0	0	4	0
1831	67	8794	2	1830
1832	20	1	2	1830
1833	0	0	4	0
1834	67	7824	2	1833
1835	20	3	2	1833
1836	0	0	4	0
1837	67	7824	2	1836
1838	20	1	2	1836
1839	0	0	4	0
1840	20	3	2	1839
1841	2	12638	2	1839
1842	0	0	4	0
1843	67	7442	2	1842
1844	20	1	2	1842
1845	0	0	4	0
1846	56	9000	2	1845
1847	0	0	4	0
1848	25	2	2	1847
1849	26	3	2	1847
1850	62	9000	2	1847
1851	0	0	4	0
1852	25	2	2	1851
1853	26	4	2	1851
1854	62	9000	2	1851
1855	0	0	4	0
1856	25	2	2	1855
1857	26	7	2	1855
1858	62	9000	2	1855
1859	0	0	4	0
1860	25	2	2	1859
1861	26	9	2	1859
1862	62	9000	2	1859
1863	0	0	4	0
1864	25	2	2	1863
1865	26	1	2	1863
1866	62	9000	2	1863
1867	0	0	4	0
1868	25	2	2	1867
1869	26	6	2	1867
1870	62	9000	2	1867
1871	0	0	4	0
1872	25	2	2	1871
1873	26	8	2	1871
1874	62	9000	2	1871
1875	0	0	4	0
1876	67	5717	2	1875
1877	61	0	2	1875
1878	63	0	2	1875
1879	0	0	4	0
1880	67	7817	2	1879
1881	20	2	2	1879
1882	0	0	4	0
1883	67	7817	2	1882
1884	20	0	2	1882
1885	0	0	4	0
1886	4	29611	2	1885
1887	0	0	4	0
1888	4	42928	2	1887
1889	0	0	4	0
1890	4	7999	2	1889
1891	0	0	4	0
1892	4	17468	2	1891
1893	0	0	4	0
1894	67	1368	2	1893
1895	8	44825	2	1893
1896	0	0	4	0
1897	67	1368	2	1896
1898	8	44824	2	1896
1899	0	0	4	0
1900	67	1368	2	1899
1901	8	44827	2	1899
1902	0	0	4	0
1903	67	7869	2	1902
1904	20	0	2	1902
1905	0	0	4	0
1906	67	7869	2	1905
1907	20	2	2	1905
1908	0	0	4	0
1909	20	1	2	1908
1910	58	0	2	1908
1911	0	0	4	0
1912	25	7	2	1911
1913	26	1	2	1911
1914	62	9000	2	1911
1915	0	0	4	0
1916	25	7	2	1915
1917	26	6	2	1915
1918	62	9000	2	1915
1919	0	0	4	0
1920	25	7	2	1919
1921	26	8	2	1919
1922	62	9000	2	1919
1923	0	0	4	0
1924	25	7	2	1923
1925	26	4	2	1923
1926	62	9000	2	1923
1927	0	0	4	0
1928	25	7	2	1927
1929	26	9	2	1927
1930	62	9000	2	1927
1931	0	0	4	0
1932	25	7	2	1931
1933	26	5	2	1931
1934	62	9000	2	1931
1935	0	0	4	0
1936	4	30249	2	1935
1937	8	61421	2	1935
1938	20	1	2	1935
1939	0	0	4	0
1940	67	6428	2	1939
1941	20	1	2	1939
1942	0	0	4	0
1943	28	2	2	1942
1944	70	85	2	1942
1945	0	0	4	0
1946	67	6438	2	1945
1947	20	1	2	1945
1948	0	0	4	0
1949	67	6352	2	1948
1950	20	1	2	1948
1951	0	0	4	0
1952	20	1	2	1951
1953	10	59930	2	1951
1954	0	0	4	0
1955	20	1	2	1954
1956	2	12648	2	1954
1957	0	0	4	0
1958	67	7859	2	1957
1959	20	1	2	1957
1960	0	0	4	0
1961	67	6335	2	1960
1962	20	1	2	1960
1963	0	0	4	0
1964	67	6414	2	1963
1965	20	1	2	1963
1966	0	0	4	0
1967	27	10	2	1966
1968	55	8128	2	1966
1969	55	8127	2	1966
1970	0	0	4	0
1971	27	11	2	1970
1972	55	8128	2	1970
1973	55	8127	2	1970
1974	0	0	4	0
1975	27	1	2	1974
1976	55	8128	2	1974
1977	55	8127	2	1974
1978	0	0	4	0
1979	27	3	2	1978
1980	55	8128	2	1978
1981	55	8127	2	1978
1982	0	0	4	0
1983	27	2	2	1982
1984	55	8128	2	1982
1985	55	8127	2	1982
1986	0	0	4	0
1987	27	6	2	1986
1988	55	8128	2	1986
1989	55	8127	2	1986
1990	0	0	4	0
1991	27	8	2	1990
1992	55	8128	2	1990
1993	55	8127	2	1990
1994	0	0	4	0
1995	27	5	2	1994
1996	55	8128	2	1994
1997	55	8127	2	1994
1998	0	0	4	0
1999	27	4	2	1998
2000	55	8128	2	1998
2001	55	8127	2	1998
2002	0	0	4	0
2003	27	7	2	2002
2004	55	8128	2	2002
2005	55	8127	2	2002
2006	0	0	4	0
2007	27	22	2	2006
2008	55	8128	2	2006
2009	55	8127	2	2006
2010	0	0	4	0
2011	27	9	2	2010
2012	55	8128	2	2010
2013	55	8127	2	2010
2014	0	0	4	0
2015	67	7946	2	2014
2016	20	0	2	2014
2017	0	0	4	0
2018	67	7946	2	2017
2019	20	2	2	2017
2020	0	0	4	0
2021	20	1	2	2020
2022	2	12645	2	2020
2023	0	0	4	0
2024	20	2	2	2023
2025	2	9310	2	2023
2026	0	0	4	0
2027	20	2	2	2026
2028	2	9306	2	2026
2029	0	0	4	0
2030	4	33142	2	2029
2031	20	0	2	2029
2032	0	0	4	0
2033	20	0	2	2032
2034	10	63317	2	2032
2035	0	0	4	0
2036	67	6331	2	2035
2037	20	1	2	2035
2038	0	0	4	0
2039	67	6354	2	2038
2040	20	1	2	2038
2041	0	0	4	0
2042	67	11747	2	2041
2043	20	1	2	2041
2044	0	0	4	0
2045	20	3	2	2044
2046	2	9307	2	2044
2047	0	0	4	0
2048	67	6449	2	2047
2049	0	0	4	0
2050	67	6878	2	2049
2051	20	0	2	2049
2052	0	0	4	0
2053	67	6878	2	2052
2054	20	1	2	2052
2055	0	0	4	0
2056	67	8938	2	2055
2057	20	1	2	2055
2058	0	0	4	0
2059	20	2	2	2058
2060	2	11865	2	2058
2061	0	0	4	0
2062	67	8656	2	2061
2063	0	0	4	0
2064	67	7817	2	2063
2065	20	1	2	2063
2066	0	0	4	0
2067	67	7817	2	2066
2068	20	3	2	2066
2069	0	0	4	0
2070	25	10	2	2069
2071	26	9	2	2069
2072	62	9000	2	2069
2073	0	0	4	0
2074	25	10	2	2073
2075	26	5	2	2073
2076	62	9000	2	2073
2077	0	0	4	0
2078	25	10	2	2077
2079	26	3	2	2077
2080	62	9000	2	2077
2081	0	0	4	0
2082	25	10	2	2081
2083	26	8	2	2081
2084	62	9000	2	2081
2085	0	0	4	0
2086	25	10	2	2085
2087	26	4	2	2085
2088	62	9000	2	2085
2089	0	0	4	0
2090	25	10	2	2089
2091	26	2	2	2089
2092	62	9000	2	2089
2093	0	0	4	0
2094	25	10	2	2093
2095	26	6	2	2093
2096	62	9000	2	2093
2097	0	0	4	0
2098	25	10	2	2097
2099	26	1	2	2097
2100	62	9000	2	2097
2101	0	0	4	0
2102	28	11	2	2101
2103	70	85	2	2101
2104	0	0	4	0
2105	67	7895	2	2104
2106	20	1	2	2104
2107	0	0	4	0
2108	67	7895	2	2107
2109	20	3	2	2107
2110	0	0	4	0
2111	67	1368	2	2110
2112	4	26044	2	2110
2113	0	0	4	0
2114	67	1368	2	2113
2115	4	31261	2	2113
2116	0	0	4	0
2117	67	1368	2	2116
2118	4	5661	2	2116
2119	0	0	4	0
2120	67	6433	2	2119
2121	20	1	2	2119
2122	0	0	4	0
2123	62	21000	2	2122
2124	0	0	4	0
2125	61	0	2	2124
2126	63	0	2	2124
2127	0	0	4	0
2128	33	0	2	2127
2129	34	3	2	2127
2130	3	85	2	2127
2131	0	0	4	0
2132	67	6319	2	2131
2133	20	0	2	2131
2134	0	0	4	0
2135	65	1	2	2134
2136	0	0	4	0
2137	67	6785	2	2136
2138	61	0	2	2136
2139	0	0	4	0
2140	67	8773	2	2139
2141	20	1	2	2139
2142	0	0	4	0
2143	20	3	2	2142
2144	2	9315	2	2142
2145	0	0	4	0
2146	67	7889	2	2145
2147	20	1	2	2145
2148	0	0	4	0
2149	67	7889	2	2148
2150	20	3	2	2148
2151	0	0	4	0
2152	10	23335	2	2151
2153	18	5680	2	2151
2154	0	0	4	0
2155	67	8661	2	2154
2156	0	0	4	0
2157	20	3	2	2156
2158	2	9311	2	2156
2159	0	0	4	0
2160	67	7827	2	2159
2161	20	0	2	2159
2162	0	0	4	0
2163	67	7827	2	2162
2164	20	2	2	2162
2165	0	0	4	0
2166	67	7946	2	2165
2167	20	3	2	2165
2168	0	0	4	0
2169	67	7946	2	2168
2170	20	1	2	2168
2171	0	0	4	0
2172	67	7824	2	2171
2173	20	2	2	2171
2174	0	0	4	0
2175	67	7824	2	2174
2176	20	0	2	2174
2177	0	0	4	0
2178	20	2	2	2177
2179	2	11867	2	2177
2180	0	0	4	0
2181	20	3	2	2180
2182	2	9301	2	2180
2183	0	0	4	0
2184	10	23333	2	2183
2185	41	5031	2	2183
2186	0	0	4	0
2187	67	5718	2	2186
2188	41	5031	2	2186
2189	0	0	4	0
2190	38	165	2	2189
2191	26	11	2	2189
2192	0	0	4	0
2193	38	165	2	2192
2194	26	6	2	2192
2195	0	0	4	0
2196	38	165	2	2195
2197	26	3	2	2195
2198	0	0	4	0
2199	38	165	2	2198
2200	26	8	2	2198
2201	0	0	4	0
2202	38	165	2	2201
2203	26	9	2	2201
2204	0	0	4	0
2205	38	165	2	2204
2206	26	1	2	2204
2207	0	0	4	0
2208	38	165	2	2207
2209	26	2	2	2207
2210	0	0	4	0
2211	38	165	2	2210
2212	26	7	2	2210
2213	0	0	4	0
2214	38	165	2	2213
2215	26	4	2	2213
2216	0	0	4	0
2217	38	165	2	2216
2218	26	5	2	2216
2219	0	0	4	0
2220	38	177	2	2219
2221	26	9	2	2219
2222	0	0	4	0
2223	38	177	2	2222
2224	26	4	2	2222
2225	0	0	4	0
2226	38	177	2	2225
2227	26	3	2	2225
2228	0	0	4	0
2229	38	177	2	2228
2230	26	8	2	2228
2231	0	0	4	0
2232	38	177	2	2231
2233	26	2	2	2231
2234	0	0	4	0
2235	38	177	2	2234
2236	26	5	2	2234
2237	0	0	4	0
2238	38	177	2	2237
2239	26	7	2	2237
2240	0	0	4	0
2241	38	177	2	2240
2242	26	1	2	2240
2243	0	0	4	0
2244	38	177	2	2243
2245	26	6	2	2243
2246	0	0	4	0
2247	38	177	2	2246
2248	26	11	2	2246
2249	0	0	4	0
2250	17	5683	2	2249
2251	0	0	4	0
2252	67	7453	2	2251
2253	8	71949	2	2251
2254	0	0	4	0
2255	67	7453	2	2254
2256	8	70871	2	2254
2257	0	0	4	0
2258	67	8697	2	2257
2259	0	0	4	0
2260	10	84974	2	2259
2261	0	0	4	0
2262	20	2	2	2261
2263	2	9298	2	2261
2264	0	0	4	0
2265	67	7867	2	2264
2266	20	1	2	2264
2267	0	0	4	0
2268	67	7867	2	2267
2269	20	3	2	2267
2270	0	0	4	0
2271	33	7	2	2270
2272	34	7	2	2270
2273	0	0	4	0
2274	67	7453	2	2273
2275	0	0	4	0
2276	67	8803	2	2275
2277	0	0	4	0
2278	20	3	2	2277
2279	2	9303	2	2277
2280	0	0	4	0
2281	20	2	2	2280
2282	2	9318	2	2280
2283	0	0	4	0
2284	25	6	2	2283
2285	26	3	2	2283
2286	62	9000	2	2283
2287	0	0	4	0
2288	25	6	2	2287
2289	26	5	2	2287
2290	62	9000	2	2287
2291	0	0	4	0
2292	25	6	2	2291
2293	26	11	2	2291
2294	62	9000	2	2291
2295	0	0	4	0
2296	25	6	2	2295
2297	26	7	2	2295
2298	62	9000	2	2295
2299	0	0	4	0
2300	25	6	2	2299
2301	26	1	2	2299
2302	62	9000	2	2299
2303	0	0	4	0
2304	25	6	2	2303
2305	26	6	2	2303
2306	62	9000	2	2303
2307	0	0	4	0
2308	25	6	2	2307
2309	26	2	2	2307
2310	62	9000	2	2307
2311	0	0	4	0
2312	67	7826	2	2311
2313	20	2	2	2311
2314	0	0	4	0
2315	67	7826	2	2314
2316	20	0	2	2314
2317	0	0	4	0
2318	67	9002	2	2317
2319	2	11836	2	2317
2320	0	0	4	0
2321	33	16	2	2320
2322	0	0	4	0
2323	20	3	2	2322
2324	2	11868	2	2322
2325	0	0	4	0
2326	66	2	2	2325
2327	0	0	4	0
2328	66	1	2	2327
2329	0	0	4	0
2330	66	3	2	2329
2331	0	0	4	0
2332	66	5	2	2331
2333	0	0	4	0
2334	66	4	2	2333
2335	0	0	4	0
2336	66	6	2	2335
2337	0	0	4	0
2338	66	7	2	2337
2339	0	0	4	0
2340	66	8	2	2339
2341	0	0	4	0
2342	66	27	2	2341
2343	0	0	4	0
2344	67	8831	2	2343
2345	0	0	4	0
2346	20	2	2	2345
2347	2	9300	2	2345
2348	0	0	4	0
2349	38	181	2	2348
2350	26	3	2	2348
2351	0	0	4	0
2352	38	181	2	2351
2353	26	8	2	2351
2354	0	0	4	0
2355	38	181	2	2354
2356	26	2	2	2354
2357	0	0	4	0
2358	38	181	2	2357
2359	26	5	2	2357
2360	0	0	4	0
2361	38	181	2	2360
2362	26	4	2	2360
2363	0	0	4	0
2364	38	181	2	2363
2365	26	7	2	2363
2366	0	0	4	0
2367	38	181	2	2366
2368	26	9	2	2366
2369	0	0	4	0
2370	38	181	2	2369
2371	26	1	2	2369
2372	0	0	4	0
2373	38	181	2	2372
2374	26	6	2	2372
2375	0	0	4	0
2376	38	181	2	2375
2377	26	11	2	2375
2378	0	0	4	0
2379	3	359	2	2378
2380	14	4	2	2378
2381	0	0	4	0
2382	20	2	2	2381
2383	2	11863	2	2381
2384	0	0	4	0
2385	25	4	2	2384
2386	26	11	2	2384
2387	62	9000	2	2384
2388	0	0	4	0
2389	25	4	2	2388
2390	26	3	2	2388
2391	62	9000	2	2388
2392	0	0	4	0
2393	25	4	2	2392
2394	26	5	2	2392
2395	62	9000	2	2392
2396	0	0	4	0
2397	25	4	2	2396
2398	26	4	2	2396
2399	62	9000	2	2396
2400	0	0	4	0
2401	25	4	2	2400
2402	26	6	2	2400
2403	62	9000	2	2400
2404	0	0	4	0
2405	25	4	2	2404
2406	26	1	2	2404
2407	62	9000	2	2404
2408	0	0	4	0
2409	25	4	2	2408
2410	26	8	2	2408
2411	62	9000	2	2408
2412	0	0	4	0
2413	25	5	2	2412
2414	26	9	2	2412
2415	62	9000	2	2412
2416	0	0	4	0
2417	25	5	2	2416
2418	26	6	2	2416
2419	62	9000	2	2416
2420	0	0	4	0
2421	25	5	2	2420
2422	26	8	2	2420
2423	62	9000	2	2420
2424	0	0	4	0
2425	25	5	2	2424
2426	26	5	2	2424
2427	62	9000	2	2424
2428	0	0	4	0
2429	25	5	2	2428
2430	26	4	2	2428
2431	62	9000	2	2428
2432	0	0	4	0
2433	25	5	2	2432
2434	26	1	2	2432
2435	62	9000	2	2432
2436	0	0	4	0
2437	25	5	2	2436
2438	26	3	2	2436
2439	62	9000	2	2436
2440	0	0	4	0
2441	20	2	2	2440
2442	2	9304	2	2440
2443	0	0	4	0
2444	67	11544	2	2443
2445	20	1	2	2443
2446	0	0	4	0
2447	67	8797	2	2446
2448	0	0	4	0
2449	67	8798	2	2448
2450	0	0	4	0
2451	67	8799	2	2450
2452	0	0	4	0
2453	67	8800	2	2452
2454	0	0	4	0
2455	67	7873	2	2454
2456	20	2	2	2454
2457	0	0	4	0
2458	67	7873	2	2457
2459	20	0	2	2457
2460	0	0	4	0
2461	20	2	2	2460
2462	2	9316	2	2460
2463	0	0	4	0
2464	67	7873	2	2463
2465	20	1	2	2463
2466	0	0	4	0
2467	67	7873	2	2466
2468	20	3	2	2466
2469	0	0	4	0
2470	67	8807	2	2469
2471	0	0	4	0
2472	20	2	2	2471
2473	2	9312	2	2471
2474	0	0	4	0
2475	20	2	2	2474
2476	2	9314	2	2474
2477	0	0	4	0
2478	38	142	2	2477
2479	0	0	4	0
2480	20	1	2	2479
2481	8	88337	2	2479
2482	0	0	4	0
2483	67	6333	2	2482
2484	20	1	2	2482
2485	0	0	4	0
2486	67	6230	2	2485
2487	20	1	2	2485
2488	0	0	4	0
2489	8	83803	2	2488
2490	8	83805	2	2488
2491	8	83747	2	2488
2492	0	0	4	0
2493	67	7454	2	2492
2494	8	71949	2	2492
2495	0	0	4	0
2496	67	7454	2	2495
2497	8	70871	2	2495
2498	0	0	4	0
2499	67	9316	2	2498
2500	0	0	4	0
2501	8	23333	2	2500
2502	8	23451	2	2500
2503	8	23505	2	2500
2504	0	0	4	0
2505	8	23335	2	2504
2506	8	23451	2	2504
2507	8	23505	2	2504
2508	0	0	4	0
2509	20	2	2	2508
2510	2	9308	2	2508
2511	0	0	4	0
2512	8	95540	2	2511
2513	0	0	4	0
2514	20	3	2	2513
2515	2	9313	2	2513
2516	0	0	4	0
2517	20	3	2	2516
2518	2	9319	2	2516
2519	0	0	4	0
2520	20	3	2	2519
2521	2	9299	2	2519
2522	0	0	4	0
2523	67	9377	2	2522
2524	0	0	4	0
2525	27	3	2	2524
2526	41	5031	2	2524
2527	0	0	4	0
2528	67	7834	2	2527
2529	20	2	2	2527
2530	0	0	4	0
2531	67	7834	2	2530
2532	20	0	2	2530
2533	0	0	4	0
2534	39	10	2	2533
2535	0	0	4	0
2536	2	4972	2	2535
2537	0	0	4	0
2538	67	8811	2	2537
2539	0	0	4	0
2540	67	7858	2	2539
2541	20	1	2	2539
2542	0	0	4	0
2543	27	2	2	2542
2544	41	5031	2	2542
2545	0	0	4	0
2546	26	6	2	2545
2547	2	12675	2	2545
2548	62	21000	2	2545
2549	0	0	4	0
2550	26	3	2	2549
2551	2	12675	2	2549
2552	62	21000	2	2549
2553	0	0	4	0
2554	26	8	2	2553
2555	2	12675	2	2553
2556	62	21000	2	2553
2557	0	0	4	0
2558	26	2	2	2557
2559	2	12675	2	2557
2560	62	21000	2	2557
2561	0	0	4	0
2562	26	5	2	2561
2563	2	12675	2	2561
2564	62	21000	2	2561
2565	0	0	4	0
2566	26	4	2	2565
2567	2	12675	2	2565
2568	62	21000	2	2565
2569	0	0	4	0
2570	26	7	2	2569
2571	2	12675	2	2569
2572	62	21000	2	2569
2573	0	0	4	0
2574	26	9	2	2573
2575	2	12675	2	2573
2576	62	21000	2	2573
2577	0	0	4	0
2578	26	1	2	2577
2579	2	12675	2	2577
2580	62	21000	2	2577
2581	0	0	4	0
2582	26	11	2	2581
2583	2	12675	2	2581
2584	62	21000	2	2581
2585	0	0	4	0
2586	38	180	2	2585
2587	26	6	2	2585
2588	0	0	4	0
2589	38	180	2	2588
2590	26	11	2	2588
2591	0	0	4	0
2592	38	180	2	2591
2593	26	3	2	2591
2594	0	0	4	0
2595	38	180	2	2594
2596	26	8	2	2594
2597	0	0	4	0
2598	38	180	2	2597
2599	26	2	2	2597
2600	0	0	4	0
2601	38	180	2	2600
2602	26	5	2	2600
2603	0	0	4	0
2604	38	180	2	2603
2605	26	4	2	2603
2606	0	0	4	0
2607	38	180	2	2606
2608	26	7	2	2606
2609	0	0	4	0
2610	38	180	2	2609
2611	26	9	2	2609
2612	0	0	4	0
2613	38	180	2	2612
2614	26	1	2	2612
2615	0	0	4	0
2616	67	8804	2	2615
2617	20	1	2	2615
2618	0	0	4	0
2619	38	167	2	2618
2620	26	2	2	2618
2621	0	0	4	0
2622	38	167	2	2621
2623	26	8	2	2621
2624	0	0	4	0
2625	38	167	2	2624
2626	26	11	2	2624
2627	0	0	4	0
2628	38	167	2	2627
2629	26	4	2	2627
2630	0	0	4	0
2631	38	167	2	2630
2632	26	7	2	2630
2633	0	0	4	0
2634	38	167	2	2633
2635	26	9	2	2633
2636	0	0	4	0
2637	38	167	2	2636
2638	26	1	2	2636
2639	0	0	4	0
2640	38	167	2	2639
2641	26	3	2	2639
2642	0	0	4	0
2643	38	167	2	2642
2644	26	5	2	2642
2645	0	0	4	0
2646	38	167	2	2645
2647	26	6	2	2645
2648	0	0	4	0
2649	38	41	2	2648
2650	26	11	2	2648
2651	0	0	4	0
2652	38	41	2	2651
2653	26	3	2	2651
2654	0	0	4	0
2655	38	41	2	2654
2656	26	8	2	2654
2657	0	0	4	0
2658	38	41	2	2657
2659	26	2	2	2657
2660	0	0	4	0
2661	38	41	2	2660
2662	26	5	2	2660
2663	0	0	4	0
2664	38	41	2	2663
2665	26	4	2	2663
2666	0	0	4	0
2667	38	41	2	2666
2668	26	7	2	2666
2669	0	0	4	0
2670	38	41	2	2669
2671	26	9	2	2669
2672	0	0	4	0
2673	38	41	2	2672
2674	26	1	2	2672
2675	0	0	4	0
2676	38	41	2	2675
2677	26	6	2	2675
2678	0	0	4	0
2679	20	1	2	2678
2680	10	90170	2	2678
2681	0	0	4	0
2682	39	17	2	2681
2683	0	0	4	0
2684	2	4974	2	2683
2685	0	0	4	0
2686	39	18	2	2685
2687	0	0	4	0
2688	2	7829	2	2687
2689	0	0	4	0
2690	67	7812	2	2689
2691	20	1	2	2689
2692	0	0	4	0
2693	20	3	2	2692
2694	2	9309	2	2692
2695	0	0	4	0
2696	39	7	2	2695
2697	0	0	4	0
2698	2	11869	2	2697
2699	0	0	4	0
2700	3	333	2	2699
2701	14	3	2	2699
2702	0	0	4	0
2703	39	2	2	2702
2704	0	0	4	0
2705	20	2	2	2704
2706	2	11864	2	2704
2707	0	0	4	0
2708	20	3	2	2707
2709	2	11863	2	2707
2710	0	0	4	0
2711	20	3	2	2710
2712	2	11866	2	2710
2713	0	0	4	0
2714	4	49779	2	2713
2715	0	0	4	0
2716	4	50419	2	2715
2717	0	0	4	0
2718	4	48706	2	2717
2719	0	0	4	0
2720	4	50496	2	2719
2721	0	0	4	0
2722	4	50491	2	2721
2723	0	0	4	0
2724	4	50481	2	2723
2725	0	0	4	0
2726	4	48848	2	2725
2727	0	0	4	0
2728	4	47682	2	2727
2729	0	0	4	0
2730	4	48802	2	2729
2731	0	0	4	0
2732	4	47667	2	2731
2733	0	0	4	0
2734	4	48683	2	2733
2735	0	0	4	0
2736	4	48630	2	2735
2737	0	0	4	0
2738	4	48686	2	2737
2739	0	0	4	0
2740	10	23333	2	2739
2741	18	5681	2	2739
2742	0	0	4	0
2743	26	6	2	2742
2744	62	9000	2	2742
2745	0	0	4	0
2746	26	11	2	2745
2747	62	9000	2	2745
2748	0	0	4	0
2749	26	3	2	2748
2750	62	9000	2	2748
2751	0	0	4	0
2752	26	8	2	2751
2753	62	9000	2	2751
2754	0	0	4	0
2755	26	2	2	2754
2756	62	9000	2	2754
2757	0	0	4	0
2758	26	5	2	2757
2759	62	9000	2	2757
2760	0	0	4	0
2761	26	4	2	2760
2762	62	9000	2	2760
2763	0	0	4	0
2764	26	9	2	2763
2765	62	9000	2	2763
2766	0	0	4	0
2767	26	1	2	2766
2768	62	9000	2	2766
2769	0	0	4	0
2770	26	7	2	2769
2772	0	0	4	0
2773	67	8774	2	2772
2774	20	1	2	2772
2775	0	0	4	0
2776	2	4971	2	2775
2777	0	0	4	0
2778	67	8784	2	2777
2779	0	0	4	0
2780	20	1	2	2779
2781	10	91277	2	2779
2782	0	0	4	0
2783	33	0	2	2782
2784	34	5	2	2782
2785	3	81	2	2782
2786	0	0	4	0
2787	67	11545	2	2786
2788	20	1	2	2786
2789	0	0	4	0
2790	8	96543	2	2789
2791	0	0	4	0
2792	67	8336	2	2791
2793	20	1	2	2791
2794	0	0	4	0
2795	67	8696	2	2794
2796	0	0	4	0
2797	25	3	2	2796
2798	26	3	2	2796
2799	62	9000	2	2796
2800	0	0	4	0
2801	25	3	2	2800
2802	26	2	2	2800
2803	62	9000	2	2800
2804	0	0	4	0
2805	25	3	2	2804
2806	26	5	2	2804
2807	62	9000	2	2804
2808	0	0	4	0
2809	25	3	2	2808
2810	26	4	2	2808
2811	62	9000	2	2808
2812	0	0	4	0
2813	25	3	2	2812
2814	26	1	2	2812
2815	62	9000	2	2812
2816	0	0	4	0
2817	25	3	2	2816
2818	26	6	2	2816
2819	62	9000	2	2816
2820	0	0	4	0
2821	25	3	2	2820
2822	26	7	2	2820
2823	62	9000	2	2820
2824	0	0	4	0
2825	25	3	2	2824
2826	26	8	2	2824
2827	62	9000	2	2824
2828	0	0	4	0
2829	25	3	2	2828
2830	26	9	2	2828
2831	62	9000	2	2828
2832	0	0	4	0
2833	67	8770	2	2832
2834	20	1	2	2832
2835	0	0	4	0
2836	20	1	2	2835
2837	16	0	2	2835
2838	0	0	4	0
2839	8	89397	2	2838
2840	20	1	2	2838
2841	0	0	4	0
2842	67	9313	2	2841
2843	0	0	4	0
2844	18	5400	2	2843
2845	0	0	4	0
2846	18	5401	2	2845
2847	0	0	4	0
2848	18	5402	2	2847
2849	0	0	4	0
2850	39	20	2	2849
2851	0	0	4	0
2852	39	3	2	2851
2853	0	0	4	0
2854	67	9324	2	2853
2855	0	0	4	0
2856	67	9001	2	2855
2857	2	11835	2	2855
2858	0	0	4	0
2859	20	3	2	2858
2860	2	11856	2	2858
2861	0	0	4	0
2862	20	3	2	2861
2863	2	11858	2	2861
2864	0	0	4	0
2865	20	2	2	2864
2866	2	11859	2	2864
2867	0	0	4	0
2868	20	3	2	2867
2869	2	11859	2	2867
2870	0	0	4	0
2871	20	3	2	2870
2872	2	11862	2	2870
2873	0	0	4	0
2874	8	95650	2	2873
2875	20	1	2	2873
2876	0	0	4	0
2877	67	8993	2	2876
2878	20	1	2	2876
2879	0	0	4	0
2880	20	2	2	2879
2881	2	11856	2	2879
2882	0	0	4	0
2883	67	9472	2	2882
2884	0	0	4	0
2885	8	76133	2	2884
2886	20	1	2	2884
2887	0	0	4	0
2888	39	5	2	2887
2889	0	0	4	0
2890	39	8	2	2889
2891	0	0	4	0
2892	39	12	2	2891
2893	0	0	4	0
2894	39	14	2	2893
2895	0	0	4	0
2896	39	15	2	2895
2897	0	0	4	0
2898	39	16	2	2897
2899	0	0	4	0
2900	39	19	2	2899
2901	0	0	4	0
2902	39	2	2	2901
2903	3	2	2	2901
2904	0	0	4	0
2905	20	3	2	2904
2906	2	9305	2	2904
2907	0	0	4	0
2908	20	0	2	2907
2909	58	0	2	2907
2910	0	0	4	0
2911	33	3	2	2910
2912	14	3	2	2910
2913	0	0	4	0
2914	39	3	2	2913
2915	3	2	2	2913
2916	0	0	4	0
2917	26	11	2	2916
2918	2	12676	2	2916
2919	62	21000	2	2916
2920	0	0	4	0
2921	26	3	2	2920
2922	2	12676	2	2920
2923	62	21000	2	2920
2924	0	0	4	0
2925	26	6	2	2924
2926	2	12676	2	2924
2927	62	21000	2	2924
2928	0	0	4	0
2929	26	8	2	2928
2930	2	12676	2	2928
2931	62	21000	2	2928
2932	0	0	4	0
2933	26	2	2	2932
2934	2	12676	2	2932
2935	62	21000	2	2932
2936	0	0	4	0
2937	26	5	2	2936
2938	2	12676	2	2936
2939	62	21000	2	2936
2940	0	0	4	0
2941	26	4	2	2940
2942	2	12676	2	2940
2943	62	21000	2	2940
2944	0	0	4	0
2945	26	7	2	2944
2946	2	12676	2	2944
2947	62	21000	2	2944
2948	0	0	4	0
2949	26	9	2	2948
2950	2	12676	2	2948
2951	62	21000	2	2948
2952	0	0	4	0
2953	26	1	2	2952
2954	2	12676	2	2952
2955	62	21000	2	2952
2956	0	0	4	0
2957	67	10014	2	2956
2958	0	0	4	0
2959	67	7704	2	2958
2960	20	2	2	2958
2961	0	0	4	0
2962	67	7704	2	2961
2963	20	0	2	2961
2964	0	0	4	0
2965	39	9	2	2964
2966	0	0	4	0
2967	39	11	2	2966
2968	0	0	4	0
2969	2	4973	2	2968
2970	0	0	4	0
2971	39	4	2	2970
2972	3	2	2	2970
2973	0	0	4	0
2974	67	6354	2	2973
2975	61	0	2	2973
2976	0	0	4	0
2977	38	179	2	2976
2978	26	11	2	2976
2979	0	0	4	0
2980	38	179	2	2979
2981	26	7	2	2979
2982	0	0	4	0
2983	38	179	2	2982
2984	26	6	2	2982
2985	0	0	4	0
2986	38	179	2	2985
2987	26	3	2	2985
2988	0	0	4	0
2989	38	179	2	2988
2990	26	8	2	2988
2991	0	0	4	0
2992	38	179	2	2991
2993	26	2	2	2991
2994	0	0	4	0
2995	38	179	2	2994
2996	26	5	2	2994
2997	0	0	4	0
2998	38	179	2	2997
2999	26	9	2	2997
3000	0	0	4	0
3001	38	179	2	3000
3002	26	1	2	3000
3003	0	0	4	0
3004	38	179	2	3003
3005	26	4	2	3003
3006	0	0	4	0
3007	2	11871	2	3006
3008	0	0	4	0
3009	39	13	2	3008
3010	0	0	4	0
3011	39	6	2	3010
3012	3	2	2	3010
3013	0	0	4	0
3014	20	2	2	3013
3015	2	9296	2	3013
3016	0	0	4	0
3017	39	5	2	3016
3018	3	2	2	3016
3019	0	0	4	0
3020	20	2	2	3019
3021	2	11860	2	3019
3022	0	0	4	0
3023	39	6	2	3022
3024	0	0	4	0
3025	20	2	2	3024
3026	2	11861	2	3024
3027	0	0	4	0
3028	20	2	2	3027
3029	2	11862	2	3027
3030	0	0	4	0
3031	39	1	2	3030
3032	0	0	4	0
3033	67	6895	2	3032
3034	20	0	2	3032
3035	0	0	4	0
3036	33	7	2	3035
3037	34	9	2	3035
3038	0	0	4	0
3039	67	8793	2	3038
3040	20	1	2	3038
3041	0	0	4	0
3042	10	23335	2	3041
3043	41	5031	2	3041
3044	0	0	4	0
3045	39	4	2	3044
3046	0	0	4	0
3047	2	11870	2	3046
3048	0	0	4	0
3049	8	93957	2	3048
3050	20	1	2	3048
3051	0	0	4	0
3052	67	11628	2	3051
3053	0	0	4	0
3054	4	53427	2	3053
3055	0	0	4	0
3056	4	52233	2	3055
3057	0	0	4	0
3058	4	52261	2	3057
3059	0	0	4	0
3060	4	52244	2	3059
3061	0	0	4	0
3062	4	52265	2	3061
3063	0	0	4	0
3064	4	52238	2	3063
3065	0	0	4	0
3066	67	9423	2	3065
3067	0	0	4	0
3068	67	4708	2	3067
3069	0	0	4	0
3070	67	8830	2	3069
3071	20	1	2	3069
3072	0	0	4	0
3073	67	6438	2	3072
3074	61	0	2	3072
3075	0	0	4	0
3076	67	9880	2	3075
3077	0	0	4	0
3078	67	9888	2	3077
3079	0	0	4	0
3080	20	0	2	3079
3081	2	13691	2	3079
3082	0	0	4	0
3083	67	8795	2	3082
3084	0	0	4	0
3085	67	8783	2	3084
3086	20	1	2	3084
3087	0	0	4	0
3088	10	87904	2	3087
3089	0	0	4	0
3090	67	9992	2	3089
3091	0	0	4	0
3092	67	9995	2	3091
3093	0	0	4	0
3094	67	9993	2	3093
3095	0	0	4	0
3096	67	9994	2	3095
3097	0	0	4	0
3098	67	9987	2	3097
3099	20	1	2	3097
3100	2	13696	2	3097
3101	0	0	4	0
3102	20	3	2	3101
3103	2	13692	2	3101
3104	0	0	4	0
3105	20	0	2	3104
3106	2	13696	2	3104
3107	0	0	4	0
3108	20	2	2	3107
3109	2	13697	2	3107
3110	0	0	4	0
3111	20	3	2	3110
3112	2	13697	2	3110
3113	0	0	4	0
3114	67	9146	2	3113
3115	20	1	2	3113
3116	0	0	4	0
3117	67	9147	2	3116
3118	20	1	2	3116
3119	0	0	4	0
3120	67	9828	2	3119
3121	0	0	4	0
3122	20	0	2	3121
3123	2	13693	2	3121
3124	0	0	4	0
3125	67	9987	2	3124
3126	20	1	2	3124
3127	2	13693	2	3124
3128	0	0	4	0
3129	20	2	2	3128
3130	2	13694	2	3128
3131	0	0	4	0
3132	20	3	2	3131
3133	2	13694	2	3131
3134	0	0	4	0
3135	25	11	2	3134
3136	26	1	2	3134
3137	62	9000	2	3134
3138	0	0	4	0
3139	25	11	2	3138
3140	26	3	2	3138
3141	62	9000	2	3138
3142	0	0	4	0
3143	25	11	2	3142
3144	26	8	2	3142
3145	62	9000	2	3142
3146	0	0	4	0
3147	25	11	2	3146
3148	26	2	2	3146
3149	62	9000	2	3146
3150	0	0	4	0
3151	25	11	2	3150
3152	26	5	2	3150
3153	62	9000	2	3150
3154	0	0	4	0
3155	25	11	2	3154
3156	26	7	2	3154
3157	62	9000	2	3154
3158	0	0	4	0
3159	25	11	2	3158
3160	26	6	2	3158
3161	62	9000	2	3158
3162	0	0	4	0
3163	20	1	2	3162
3164	8	118714	2	3162
3165	0	0	4	0
3166	20	2	2	3165
3167	2	13705	2	3165
3168	0	0	4	0
3169	67	9631	2	3168
3170	20	1	2	3168
3171	0	0	4	0
3172	67	10004	2	3171
3173	20	1	2	3171
3174	0	0	4	0
3175	67	8782	2	3174
3176	20	1	2	3174
3177	0	0	4	0
3178	67	9917	2	3177
3179	0	0	4	0
3180	20	2	2	3179
3181	2	13692	2	3179
3182	0	0	4	0
3183	67	11573	2	3182
3184	20	1	2	3182
3185	0	0	4	0
3186	20	3	2	3185
3187	2	13701	2	3185
3188	0	0	4	0
3189	20	0	2	3188
3190	2	13702	2	3188
3191	0	0	4	0
3192	20	3	2	3191
3193	2	13703	2	3191
3194	0	0	4	0
3195	20	0	2	3194
3196	2	13704	2	3194
3197	0	0	4	0
3198	67	9667	2	3197
3199	0	0	4	0
3200	67	9540	2	3199
3201	20	1	2	3199
3202	0	0	4	0
3203	67	3410	2	3202
3204	0	0	4	0
3205	3	450	2	3204
3206	14	3	2	3204
3207	0	0	4	0
3208	3	476	2	3207
3209	14	4	2	3207
3210	0	0	4	0
3211	4	59356	2	3210
3212	0	0	4	0
3213	4	59355	2	3212
3214	0	0	4	0
3215	4	59770	2	3214
3216	0	0	4	0
3217	67	9987	2	3216
3218	20	3	2	3216
3219	2	13705	2	3216
3220	0	0	4	0
3221	20	0	2	3220
3222	2	13706	2	3220
3223	0	0	4	0
3224	67	9987	2	3223
3225	20	1	2	3223
3226	2	13706	2	3223
3227	0	0	4	0
3228	20	2	2	3227
3229	2	13707	2	3227
3230	0	0	4	0
3231	20	3	2	3230
3232	2	13707	2	3230
3233	0	0	4	0
3234	67	9987	2	3233
3235	20	1	2	3233
3236	2	13691	2	3233
3237	0	0	4	0
3238	26	4	2	3237
3239	2	12674	2	3237
3240	62	21000	2	3237
3241	0	0	4	0
3242	26	2	2	3241
3243	2	12674	2	3241
3244	62	21000	2	3241
3245	0	0	4	0
3246	26	7	2	3245
3247	2	12674	2	3245
3248	62	21000	2	3245
3249	0	0	4	0
3250	26	9	2	3249
3251	2	12674	2	3249
3252	62	21000	2	3249
3253	0	0	4	0
3254	26	1	2	3253
3255	2	12674	2	3253
3256	62	21000	2	3253
3257	0	0	4	0
3258	26	6	2	3257
3259	2	12674	2	3257
3260	62	21000	2	3257
3261	0	0	4	0
3262	26	3	2	3261
3263	2	12674	2	3261
3264	62	21000	2	3261
3265	0	0	4	0
3266	26	8	2	3265
3267	2	12674	2	3265
3268	62	21000	2	3265
3269	0	0	4	0
3270	26	11	2	3269
3271	2	12674	2	3269
3272	62	21000	2	3269
3273	0	0	4	0
3274	26	5	2	3273
3275	2	12674	2	3273
3276	62	21000	2	3273
3277	0	0	4	0
3278	25	8	2	3277
3279	26	11	2	3277
3280	62	9000	2	3277
3281	0	0	4	0
3282	25	8	2	3281
3283	26	6	2	3281
3284	62	9000	2	3281
3285	0	0	4	0
3286	25	8	2	3285
3287	26	4	2	3285
3288	62	9000	2	3285
3289	0	0	4	0
3290	25	8	2	3289
3291	26	7	2	3289
3292	62	9000	2	3289
3293	0	0	4	0
3294	25	8	2	3293
3295	26	1	2	3293
3296	62	9000	2	3293
3297	0	0	4	0
3298	25	8	2	3297
3299	26	5	2	3297
3300	62	9000	2	3297
3301	0	0	4	0
3302	25	8	2	3301
3303	26	3	2	3301
3304	62	9000	2	3301
3305	0	0	4	0
3306	25	8	2	3305
3307	26	8	2	3305
3308	62	9000	2	3305
3309	0	0	4	0
3310	25	8	2	3309
3311	26	9	2	3309
3312	62	9000	2	3309
3313	0	0	4	0
3314	10	98169	2	3313
3315	2	12507	2	3313
3316	0	0	4	0
3317	67	1368	2	3316
3318	4	36648	2	3316
3319	0	0	4	0
3320	20	3	2	3319
3321	2	11867	2	3319
3322	0	0	4	0
3323	20	2	2	3322
3324	2	11868	2	3322
3325	0	0	4	0
3326	20	3	2	3325
3327	2	11865	2	3325
3328	0	0	4	0
3329	67	8832	2	3328
3330	20	1	2	3328
3331	0	0	4	0
3332	20	0	2	3331
3333	2	12645	2	3331
3334	0	0	4	0
3335	20	0	2	3334
3336	2	12648	2	3334
3337	0	0	4	0
3338	20	3	2	3337
3339	2	12639	2	3337
3340	0	0	4	0
3341	67	9332	2	3340
3342	16	0	2	3340
3343	0	0	4	0
3344	67	9333	2	3343
3345	16	0	2	3343
3346	0	0	4	0
3347	67	9334	2	3346
3348	16	0	2	3346
3349	0	0	4	0
3350	67	9330	2	3349
3351	16	0	2	3349
3352	0	0	4	0
3353	67	9987	2	3352
3354	0	0	4	0
3355	67	11572	2	3354
3356	0	0	4	0
3357	20	2	2	3356
3358	2	11866	2	3356
3359	0	0	4	0
3360	20	3	2	3359
3361	2	11864	2	3359
3362	0	0	4	0
3363	20	2	2	3362
3364	2	11858	2	3362
3365	0	0	4	0
3366	20	2	2	3365
3367	2	11857	2	3365
3368	0	0	4	0
3369	20	3	2	3368
3370	2	11860	2	3368
3371	0	0	4	0
3372	20	3	2	3371
3373	2	11861	2	3371
3374	0	0	4	0
3375	20	3	2	3374
3376	2	11857	2	3374
3377	0	0	4	0
3378	67	9932	2	3377
3379	0	0	4	0
3380	67	9987	2	3379
3381	20	1	2	3379
3382	2	13702	2	3379
3383	0	0	4	0
3384	20	2	2	3383
3385	2	13703	2	3383
3386	0	0	4	0
3387	20	2	2	3386
3388	2	13701	2	3386
3389	0	0	4	0
3390	67	9987	2	3389
3391	20	1	2	3389
3392	2	13704	2	3389
3393	0	0	4	0
3394	67	8772	2	3393
3395	20	1	2	3393
3396	0	0	4	0
3397	26	8	2	3396
3398	2	12673	2	3396
3399	62	21000	2	3396
3400	0	0	4	0
3401	26	7	2	3400
3402	2	12673	2	3400
3403	62	21000	2	3400
3404	0	0	4	0
3405	26	6	2	3404
3406	2	12673	2	3404
3407	62	21000	2	3404
3408	0	0	4	0
3409	26	11	2	3408
3410	2	12673	2	3408
3411	62	21000	2	3408
3412	0	0	4	0
3413	26	3	2	3412
3414	2	12673	2	3412
3415	62	21000	2	3412
3416	0	0	4	0
3417	26	2	2	3416
3418	2	12673	2	3416
3419	62	21000	2	3416
3420	0	0	4	0
3421	26	5	2	3420
3422	2	12673	2	3420
3423	62	21000	2	3420
3424	0	0	4	0
3425	26	9	2	3424
3426	2	12673	2	3424
3427	62	21000	2	3424
3428	0	0	4	0
3429	26	1	2	3428
3430	2	12673	2	3428
3431	62	21000	2	3428
3432	0	0	4	0
3433	26	4	2	3432
3434	2	12673	2	3432
3435	62	21000	2	3432
3436	0	0	4	0
3437	2	9037	2	3436
3438	0	0	4	0
3439	67	9165	2	3438
3440	20	1	2	3438
3441	0	0	4	0
3442	25	1	2	3441
3443	26	6	2	3441
3444	62	9000	2	3441
3445	0	0	4	0
3446	25	1	2	3445
3447	26	8	2	3445
3448	62	9000	2	3445
3449	0	0	4	0
3450	25	1	2	3449
3451	26	2	2	3449
3452	62	9000	2	3449
3453	0	0	4	0
3454	25	1	2	3453
3455	26	5	2	3453
3456	62	9000	2	3453
3457	0	0	4	0
3458	25	1	2	3457
3459	26	4	2	3457
3460	62	9000	2	3457
3461	0	0	4	0
3462	25	1	2	3461
3463	26	1	2	3461
3464	62	9000	2	3461
3465	0	0	4	0
3466	25	1	2	3465
3467	26	9	2	3465
3468	62	9000	2	3465
3469	0	0	4	0
3470	25	1	2	3469
3471	26	3	2	3469
3472	62	9000	2	3469
3473	0	0	4	0
3474	25	9	2	3473
3475	26	6	2	3473
3476	62	9000	2	3473
3477	0	0	4	0
3478	25	9	2	3477
3479	26	8	2	3477
3480	62	9000	2	3477
3481	0	0	4	0
3482	25	9	2	3481
3483	26	5	2	3481
3484	62	9000	2	3481
3485	0	0	4	0
3486	25	9	2	3485
3487	26	4	2	3485
3488	62	9000	2	3485
3489	0	0	4	0
3490	25	9	2	3489
3491	26	9	2	3489
3492	62	9000	2	3489
3493	0	0	4	0
3494	25	9	2	3493
3495	62	9000	2	3493
3496	26	1	2	3493
3497	0	0	4	0
3498	25	9	2	3497
3499	26	7	2	3497
3500	62	9000	2	3497
3501	0	0	4	0
3502	25	9	2	3501
3503	26	3	2	3501
3504	62	9000	2	3501
3505	0	0	4	0
3506	41	3703	2	3505
3507	0	0	4	0
3508	67	9906	2	3507
3509	0	0	4	0
3510	67	11706	2	3509
3511	0	0	4	0
3512	67	10018	2	3511
3513	0	0	4	0
3514	67	9881	2	3513
3515	0	0	4	0
3516	67	9882	2	3515
3517	0	0	4	0
3518	67	9883	2	3517
3519	0	0	4	0
3520	67	9884	2	3519
3521	0	0	4	0
3522	17	5094	2	3521
3523	0	0	4	0
3524	67	11335	2	3523
3525	0	0	4	0
3526	67	1368	2	3525
3527	17	1638	2	3525
3528	0	0	4	0
3529	67	1368	2	3528
3530	17	1497	2	3528
3531	0	0	4	0
3532	67	1368	2	3531
3533	17	1637	2	3531
3534	0	0	4	0
3535	67	1368	2	3534
3536	17	3487	2	3534
3537	0	0	4	0
3538	67	9463	2	3537
3646	30	14	2	88
3647	0	0	4	0
3648	62	9000	2	3647
3649	26	10	2	3647
3651	0	0	8	0
3652	68	3	2	3651
3653	68	4	2	3651
3654	68	5	2	3651
3655	68	6	2	3651
3656	0	0	4	0
3657	68	3	2	3660
3658	68	4	2	3660
3659	68	5	2	3660
3660	0	0	8	3656
3661	68	6	2	3660
3662	67	11934	2	3656
3688	0	0	4	0
3689	43	80	2	3688
3704	0	0	4	0
3705	4	62988	2	3704
3706	0	0	4	0
3707	4	62989	2	3706
3708	0	0	4	0
3709	4	62990	2	3708
3711	0	0	4	0
3712	70	85	2	3711
3713	28	10	2	3711
3714	0	0	4	0
3715	68	2	2	3714
3716	67	11983	2	3714
3732	32	726	2	2500
3733	32	726	2	2504
3734	62	9000	2	2769
3735	0	0	4	0
3736	62	9000	2	3735
3737	26	7	2	3735
3738	25	25	2	3735
3739	0	0	4	0
3740	25	25	2	3739
3741	62	9000	2	3739
3742	26	10	2	3739
3743	0	0	4	0
3744	62	9000	2	3743
3745	25	25	2	3743
3746	26	8	2	3743
3747	0	0	4	0
3748	26	3	2	3747
3749	62	9000	2	3747
3750	25	25	2	3747
3751	0	0	4	0
3752	26	1	2	3751
3753	62	9000	2	3751
3754	25	25	2	3751
3755	0	0	4	0
3756	26	5	2	3755
3757	25	25	2	3755
3758	62	9000	2	3755
3759	0	0	4	0
3760	25	25	2	3759
3761	26	4	2	3759
3762	62	9000	2	3759
3763	0	0	4	0
3764	26	5	2	3763
3765	25	26	2	3763
3766	62	9000	2	3763
3767	0	0	4	0
3768	62	9000	2	3767
3769	25	26	2	3767
3770	26	3	2	3767
3771	0	0	4	0
3772	62	9000	2	3771
3773	25	26	2	3771
3774	26	1	2	3771
3775	0	0	4	0
3776	25	26	2	3775
3777	62	9000	2	3775
3778	26	10	2	3775
3779	0	0	4	0
3780	62	9000	2	3779
3781	26	7	2	3779
3782	25	26	2	3779
3783	0	0	4	0
3784	62	9000	2	3783
3785	25	26	2	3783
3786	26	8	2	3783
3798	0	0	4	0
3799	20	1	2	3798
3800	61	0	2	3798
3801	0	0	4	0
3802	67	11997	2	3801
3803	0	0	4	0
3804	67	11998	2	3803
3805	0	0	4	0
3806	67	11999	2	3805
3807	0	0	4	0
3808	67	12000	2	3807
3809	0	0	4	0
3810	67	12001	2	3809
3811	0	0	4	0
3812	67	12002	2	3811
3829	0	0	4	0
3830	67	12003	2	3829
3831	73	3651	2	3829
3832	0	0	4	0
3833	10	123944	2	3832
3852	0	0	4	0
3853	33	0	2	3852
3854	34	3	2	3852
3855	3	90	2	3852
3856	0	0	4	0
3857	33	0	2	3856
3858	34	5	2	3856
3859	3	86	2	3856
3860	0	0	4	0
3861	3	476	2	3860
3862	14	4	2	3860
3863	0	0	8	0
3864	41	5785	2	3863
3865	41	5805	2	3863
3866	41	6134	2	3863
3867	41	5841	2	3863
3868	41	5842	2	3863
3869	41	6138	2	3863
3870	41	5840	2	3863
3893	0	0	8	0
3894	2	17168	2	3893
3895	2	17169	2	3893
3896	2	17170	2	3893
3897	2	17171	2	3893
3898	2	17173	2	3893
3899	2	17174	2	3893
3902	0	0	8	0
3903	2	17203	2	3902
3904	2	17204	2	3902
3905	0	0	8	0
3906	67	12040	2	3905
3907	67	12041	2	3905
3908	67	12042	2	3905
3909	67	12043	2	3905
3910	67	12044	2	3905
3911	67	12045	2	3905
3919	0	0	4	0
3920	67	11971	2	3919
3921	73	25	2	3919
3922	0	0	4	0
3923	0	0	8	3922
3924	8	114800	2	3923
3925	8	124293	2	3923
3926	8	124294	2	3923
3927	0	0	8	0
3928	2	17271	2	3927
3929	2	17269	2	3927
3930	2	17272	2	3927
3931	2	17268	2	3927
3932	2	17270	2	3927
3940	0	0	8	0
3941	2	17279	2	3940
3942	2	17276	2	3940
3943	2	17277	2	3940
3944	2	17278	2	3940
3945	2	17280	2	3940
3946	8	124295	2	3923
3947	0	0	4	3922
3948	68	2	2	3947
3949	0	0	4	0
3950	2	17305	2	3949
3951	0	0	4	0
3952	2	17306	2	3951
3953	0	0	4	0
3954	2	17307	2	3953
3955	0	0	4	0
3956	2	17328	2	3955
3957	0	0	8	3955
3958	67	11449	2	3957
3959	67	11450	2	3957
3960	67	11451	2	3957
3961	67	11455	2	3957
3962	67	11456	2	3957
3963	0	0	4	0
3964	2	17328	2	3963
3965	0	0	8	3963
3966	67	11449	2	3965
3967	67	11452	2	3965
3968	67	11453	2	3965
3969	67	11455	2	3965
3970	67	11456	2	3965
3971	67	11457	2	3965
3972	0	0	4	0
3973	2	17328	2	3972
3974	0	0	8	3972
3975	67	11450	2	3974
3976	67	11452	2	3974
3977	67	11454	2	3974
3978	67	11455	2	3974
3979	67	11457	2	3974
3980	0	0	4	0
3981	2	17328	2	3980
3982	0	0	8	3980
3983	67	11449	2	3982
3984	67	11450	2	3982
3985	67	11451	2	3982
3986	67	11452	2	3982
3987	67	11453	2	3982
3988	67	11454	2	3982
3989	0	0	4	0
3990	2	17328	2	3989
3991	0	0	8	3989
3992	67	11451	2	3991
3993	67	11453	2	3991
3994	67	11454	2	3991
3995	67	11456	2	3991
3996	67	11457	2	3991
3997	0	0	4	0
3998	2	17334	2	3997
3999	0	0	8	3997
4000	67	11460	2	3999
4001	67	11461	2	3999
4002	67	11462	2	3999
4003	67	11463	2	3999
4004	67	11464	2	3999
4005	67	11465	2	3999
4006	0	0	4	0
4007	2	17334	2	4006
4008	0	0	8	4006
4009	67	11460	2	4008
4010	67	11461	2	4008
4011	67	11462	2	4008
4012	67	11466	2	4008
4013	67	11467	2	4008
4014	0	0	4	0
4015	2	17334	2	4014
4016	0	0	8	4014
4017	67	11460	2	4016
4018	67	11463	2	4016
4019	67	11464	2	4016
4020	67	11466	2	4016
4021	67	11467	2	4016
4022	67	11468	2	4016
4023	0	0	4	0
4024	2	17334	2	4023
4025	0	0	8	4023
4026	67	11461	2	4025
4027	67	11463	2	4025
4028	67	11465	2	4025
4029	67	11466	2	4025
4030	67	11468	2	4025
4031	0	0	4	0
4032	2	17334	2	4031
4033	0	0	8	4031
4034	67	11462	2	4033
4035	67	11464	2	4033
4036	67	11465	2	4033
4037	67	11467	2	4033
4038	67	11468	2	4033
4039	0	0	4	0
4040	67	12096	2	4039
4041	73	3651	2	4039
4042	0	0	4	0
4043	67	12097	2	4042
4044	73	3651	2	4042
4045	0	0	4	0
4046	67	12098	2	4045
4047	73	3651	2	4045
4048	0	0	8	0
4049	68	5	2	4048
4050	68	6	2	4048
