field0	field1
246	264
248	196
251	266
252	201
254	198
256	202
490	204
590	668
592	669
594	672
596	671
598	670
610	674
689	81
700	227
724	815
725	814
726	817
727	813
728	816
736	825
737	828
739	826
1236	203
1283	2018
1328	2108
1353	2149
1355	2153
1356	2152
1359	2158
1360	2159
1362	2160
1363	2161
1364	2162
1365	2163
1366	2164
1367	2165
1368	2166
1369	2167
1370	2168
1371	2169
1374	2259
1377	2330
1378	2329
1379	2331
1380	2332
1382	2334
1383	2335
1385	2337
1387	1180
1418	2366
1419	2368
1424	522
1441	2382
1442	2383
1532	2550
1535	2538
1536	2539
1537	2540
1538	2541
1539	2542
1540	2543
1543	2544
1544	2545
1545	2546
1546	2547
1547	2548
1548	2549
1568	2580
1569	2575
1570	2576
1597	2656
1599	2658
1600	2659
1631	2660
1632	2661
1633	2662
1634	2663
1635	2664
1636	2665
1637	2666
1638	2667
1639	2668
1640	2670
1642	2672
1644	2674
1645	2675
1646	2737
1649	2740
1650	2741
1651	2738
1652	2739
1653	2742
1674	2795
1708	2881
1792	3100
1793	3101
1794	3102
1795	3104
1798	3115
1799	3117
1800	3116
1814	3171
1815	3172
1816	3173
1817	3174
1819	3176
1820	3177
1821	2333
1822	3188
1832	3170
1833	3230
1836	3273
1837	3274
1838	3275
1839	3276
1840	3277
1841	3278
1846	3308
1847	3307
1848	3304
1849	3292
1850	3293
1851	3294
1852	3295
1853	3296
1854	3297
1855	3319
1856	3320
1857	3321
1858	3323
1859	3324
1860	3325
1861	3326
1862	3328
1863	3330
1864	3331
1865	3333
1866	3334
1867	3336
1868	3337
1869	3365
1870	3050
1871	3370
1872	3371
1873	3372
1874	3373
1875	3376
1876	3377
1901	3397
1902	3398
1903	3399
1904	3400
1906	3413
1930	3447
1931	3448
1932	3449
1933	3450
1934	3451
1935	3452
1936	3453
1937	3454
1938	3464
1984	3491
1985	3492
1986	3493
1987	3494
1988	3495
1989	3496
1990	3497
1991	3498
1992	3500
1993	3501
1994	3502
1995	3503
1996	3504
1997	3505
1998	3506
1999	3507
2000	3508
2001	3511
2002	3513
2003	3515
2005	3538
2036	3564
2037	3569
2041	3570
2161	3811
2162	3753
2164	3756
2167	3759
2168	3760
2170	3761
2171	3762
2172	3763
2173	3764
2174	3765
2175	3766
2176	3767
2177	3768
2178	3769
2179	3770
2180	3771
2181	3772
2182	3773
2183	3774
2184	3775
2185	3776
2186	3777
2187	3778
2188	3779
2195	3816
2196	3817
2197	3818
2199	3780
2200	107
2356	3908
2357	3909
2358	3910
2359	2963
2360	2387
2361	2385
2362	2389
2363	2386
2364	2392
2365	2393
2366	2394
2367	2397
2368	2395
2369	2396
2370	2964
2371	2402
2372	2399
2373	2401
2374	2403
2375	2406
2376	3839
2377	3865
2378	3840
2379	3841
2380	3842
2381	3843
2382	3844
2383	3845
2384	3847
2385	3848
2386	3849
2387	3850
2388	3851
2389	3852
2390	3854
2391	3855
2392	3856
2393	3857
2394	3858
2395	3859
2396	3860
2397	3861
2398	3862
2399	3863
2400	3864
2401	3866
2402	3868
2403	3869
2404	3870
2405	3871
2406	3872
2407	3873
2408	3914
2409	3915
2410	4036
2411	4037
2412	4038
2413	3918
2414	3919
2417	3922
2418	3923
2420	3925
2421	3977
2422	3973
2424	3928
2425	3929
2427	3931
2428	3932
2429	3933
2430	3934
2431	3936
2432	3937
2433	3938
2435	3978
2436	3939
2437	3940
2438	3941
2439	3942
2440	3944
2441	3945
2442	3946
2444	3949
2445	3950
2446	3952
2447	3953
2448	3954
2449	3955
2450	3956
2451	3957
2452	3958
2453	3959
2454	3960
2455	3961
2456	3962
2457	3963
2459	3979
2460	3965
2461	3966
2462	3967
2463	3968
2464	3969
2465	3971
2466	3972
2487	3110
2499	4094
2500	4097
2502	4096
2907	4508
2909	4942
2927	5009
2928	200
2929	5011
2935	5019
3213	197
3214	199
3324	2657
3343	5244
3370	5301
3869	6233
3870	6246
3871	6247
3895	6307
3909	6360
3926	6412
3927	6413
3928	6414
3929	6415
3930	6416
3931	6417
3932	6418
3933	6419
3945	6458
3953	6477
3954	6478
3962	6501
3963	6500
3964	6499
3971	6518
3972	6517
3973	6521
3974	2671
3975	2673
3999	6603
4000	3758
4001	3755
4002	3757
4003	3813
4004	6624
4006	6618
4007	6617
4010	6661
4019	6686
4020	6688
4021	6690
4022	6692
4023	6693
4024	6695
4026	6702
4027	6705
4028	6703
4029	6704
4044	824
4141	750
4156	7126
4158	7133
4159	7135
4160	7147
4161	7149
4163	7151
4164	7153
4165	7156
4176	7179
4177	7181
4178	7183
4204	7213
4205	7224
4206	7223
4207	7221
4208	7222
4209	7257
4210	7258
4211	7255
4212	7259
4213	7256
4214	7266
4215	7267
4246	7340
4247	7341
4266	7355
4285	7408
4286	7411
4287	7412
4288	7413
4289	7418
4290	7420
4291	7421
4292	7426
4293	7428
4294	7430
4297	7443
4301	7457
4302	7623
4303	7624
4304	7630
4305	7629
4306	7633
4307	7636
4308	7639
4311	7643
4344	7620
4345	7731
4346	7732
4347	5227
4348	7738
4350	7744
4352	7748
4353	7751
4354	7752
4355	7753
4356	7754
4359	7755
4360	7766
4362	7771
4363	7776
4364	7779
4365	7782
4366	7786
4367	7788
4368	7745
4369	7793
4370	7795
4381	3716
4386	7814
4389	7817
4390	7818
4391	7827
4392	7828
4393	7836
4394	7837
4395	7841
4396	7845
4399	7857
4400	7859
4402	7863
4404	7867
4405	6358
4406	7870
4408	7892
4409	7893
4414	7928
4415	7929
4416	7924
4417	7934
4418	7935
4419	7955
4420	7953
4421	7954
4569	8238
4570	8240
4571	8243
4589	8322
4606	8334
4607	8339
4628	8366
4629	8367
4630	8368
4682	8388
4695	8386
4708	8465
4709	8467
4714	8489
4715	8483
4766	8613
4767	8617
4768	8618
4786	8604
4787	8607
4847	8768
4848	8776
4849	8758
4850	8760
4851	8762
4852	8764
4853	8766
4854	8770
4855	8772
4856	8774
4857	8778
4867	8780
4868	8782
4869	8784
4870	8786
4871	8789
4872	8791
4873	8793
4874	8795
4875	8797
4876	8799
4877	8802
4878	8804
4910	8880
4927	8895
4987	9058
4988	9059
4991	9064
4992	9065
4993	9068
4994	9070
4995	9072
4996	9074
4997	8737
4998	9077
4999	9078
5006	9116
5008	9125
5026	9145
5027	9146
5028	9147
5029	9148
5030	9149
5049	9195
5050	9196
5051	9197
5052	9198
5053	9201
5054	9202
5055	9206
5056	9207
5057	9208
5066	9269
5067	9271
5068	9273
5149	9513
5226	9785
5306	9811
5307	9813
5308	9814
5309	9818
5310	9820
5311	9916
5312	9918
5313	9921
5314	9920
5315	9926
5316	9928
5317	9931
5318	9933
5319	9935
5320	9937
5321	9939
5322	9942
5323	9945
5324	9950
5325	9952
5326	9954
5327	9957
5328	9959
5329	9961
5330	9964
5331	9966
5332	9968
5333	9970
5334	9972
5335	9974
5336	9979
5337	9980
5338	9983
5339	9985
5340	9986
5341	9987
5342	9993
5343	9995
5344	9997
5345	10001
5346	10003
5347	10005
5348	10007
5349	10009
5350	10011
5351	10013
5352	10015
5386	10098
5387	10097
5487	10248
5666	10482
5667	10487
5668	10490
5669	10499
5670	10507
5671	10509
5672	10511
5673	10516
5674	10518
5675	10520
5676	10525
5677	10529
5678	10531
5679	10533
5680	10542
5681	10544
5682	10546
5683	10619
5684	10621
5685	10548
5686	10550
5687	10552
5688	10630
5689	10554
5690	10556
5691	10558
5692	10560
5693	10562
5694	10564
5695	10566
5696	10568
5697	10570
5698	10572
5699	10574
5700	10632
5701	10647
5702	10650
5706	10662
5746	10768
5766	10846
5767	10840
5768	10841
5786	10861
5806	10907
5807	10906
5997	11449
5998	11450
5999	11451
6000	11448
6001	11452
6002	11453
6004	11456
6005	11457
6006	11458
6007	11459
6008	11460
6009	11461
6010	11464
6011	11465
6012	11466
6013	11467
6014	11468
6015	11472
6016	11473
6017	11476
6018	11477
6019	11478
6020	11479
6021	11480
6056	11611
6136	11643
6216	11993
6576	12044
6577	12045
6578	12046
6579	12047
6580	12048
6581	12049
6582	12050
6583	12052
6584	12053
6585	12055
6586	12056
6587	12059
6588	12060
6589	12061
6590	12062
6591	12063
6592	12064
6596	12065
6597	12066
6598	12067
6599	12068
6600	12069
6601	12070
6602	12071
6603	12072
6604	12073
6605	12074
6606	12075
6607	12076
6608	12077
6609	12078
6610	12079
6611	12080
6612	12081
6613	12082
6614	12083
6615	12084
6616	12085
6617	12086
6618	12087
6619	12088
6620	12089
6621	12090
6622	12091
6623	12092
6624	12093
6625	12180
6636	12260
6637	12259
6848	12609
6857	12584
6858	12585
6859	12586
6860	12587
6861	12590
6862	12589
6863	12591
6864	12594
6865	12595
6867	12597
6868	12599
6869	12603
6870	12607
6871	12614
6872	12615
6873	12616
6874	12617
6875	12618
6876	12619
6877	12620
6879	12622
6880	12624
6882	12656
6938	12715
6939	12716
6940	12717
6943	12718
6944	12760
6947	12722
6948	12755
6949	12754
6950	12759
6951	12758
7063	12895
7064	12897
7065	12899
7066	12900
7067	12902
7068	12903
7069	12904
7070	12905
7071	12906
7072	12907
7073	12908
7296	13240
7316	13262
7356	13378
7357	13380
7376	13419
7377	13421
7416	13464
7417	11454
7422	13485
7425	13501
7426	13503
7437	13529
7456	13536
7457	13538
7496	13607
7497	13612
7498	13617
7499	13620
7500	13622
7501	13626
7502	13628
7503	13631
7504	13635
7505	13637
7506	13640
7507	13642
7508	13644
7509	13646
7510	13648
7511	13653
7512	13655
7521	13659
7522	13661
7523	13663
7524	13687
7528	13689
7529	13693
7530	13695
7531	13698
7532	13700
7533	13702
7656	13920
7657	13746
7659	13815
7660	13817
7661	13822
7662	13836
7663	13841
7664	13846
7665	13858
7666	13868
7667	13882
7668	13887
7669	13890
7670	13898
7671	13905
7672	13915
7673	13917
7676	13931
7678	13935
7679	13937
7680	13939
7681	13941
7682	13943
7683	13945
7684	13947
7685	13948
7836	14379
7837	14380
7999	14293
8000	14807
8001	14809
8002	14810
8016	14891
8196	15255
8216	15296
8217	15293
8218	15292
8219	15294
8220	15295
8438	15590
8440	15596
8464	15633
8465	15628
8596	15833
8616	15935
8617	15853
8618	15855
8619	15856
8620	15861
8621	15863
8622	15865
8623	15906
8624	15910
8625	15915
8626	15933
8636	15972
8637	15973
8676	818
8796	16153
9156	16641
9157	16640
9158	16639
9159	16642
9160	16643
9161	16644
9162	16645
9163	16646
9164	16647
9165	16648
9166	16649
9167	16650
9168	16651
9169	16652
9170	16653
9171	16654
9172	16667
9173	16656
9174	16660
9175	16655
9176	16657
9177	16658
9179	16659
9180	16662
9181	16663
9182	16664
9183	16665
9321	16724
9322	16725
9323	16726
9324	16730
9325	16728
9331	16729
9332	16731
9333	16732
9334	16741
9335	16742
9336	16744
9337	16745
9338	16746
9436	16960
9437	16965
9438	16967
9439	16969
9440	16970
9441	16971
9442	16973
9443	16978
9444	16980
9445	16983
9446	16984
9447	16985
9448	16986
9449	16987
9450	16988
9451	16990
9452	16991
9453	16992
9454	16993
9455	16994
9456	16995
9579	16661
9597	17181
9598	17180
9640	17253
9650	17253
9664	17253
9681	17253
9696	17253
9712	17253
9728	17253
9732	17253
9744	17253
9752	16827
9768	16827
9772	16827
9785	16827
9789	16827
9801	16827
9840	17187
9936	17551
9937	17552
9938	17553
9939	17554
9940	17555
9941	17556
9942	17557
9943	17559
9944	17561
9945	17566
9946	17560
9947	17563
9948	17562
9949	17564
9950	17565
9951	17570
9952	17571
9953	17572
9954	17573
9955	17574
9956	17575
9957	17576
9958	17577
9959	17578
9960	17579
9961	17580
9976	17632
9977	17634
9978	17635
9979	17636
9980	17637
9981	17638
10020	17735
10021	17737
10056	17767
10242	18248
10243	18239
10244	18238
10245	18241
10246	18240
10247	18242
10248	18243
10249	18244
10250	18245
10251	18246
10252	18247
10253	18260
10396	18401
10397	18402
10398	18403
10399	18404
10400	18406
10401	18405
10402	18407
10403	18408
10404	18409
10405	18410
10406	18411
10407	18412
10408	18415
10409	18413
10410	18414
10411	18416
10412	18417
10413	18418
10416	18419
10417	18420
10418	18421
10419	18422
10420	18423
10421	18424
10422	18434
10423	18436
10424	18437
10425	18438
10426	18439
10427	18440
10428	18441
10429	18442
10430	18444
10431	18445
10432	18446
10433	18447
10434	18448
10435	18449
10436	18450
10437	18451
10438	18452
10439	18453
10440	18454
10441	18455
10442	18456
10443	18457
10444	18458
10487	18560
10488	18629
10489	18630
10716	18995
10756	19047
10757	19058
10758	19048
10759	19049
10760	19050
10761	19051
10762	19052
10763	19053
10764	19054
10765	19055
10766	19059
10767	19060
10768	19061
10769	19062
10770	19063
10771	19064
10772	19065
10773	19066
10774	19067
10775	19068
10776	19070
10777	19071
10778	19072
10779	19073
10780	19074
10781	19075
10782	19076
10783	19077
10784	19078
10785	19079
10786	19080
10787	19081
10788	19085
10789	19084
10790	19086
10791	19082
10792	19083
10793	19089
10794	19087
10795	19088
10796	19090
10797	19094
10798	19097
10799	19095
10800	19093
10801	19091
10802	19092
10804	19100
10805	19102
10806	19101
10807	19098
10808	19107
10809	19104
10811	19106
10812	19103
10957	19435
11031	19567
11181	19647
11183	19666
11184	19667
11185	19668
11186	19669
11197	19505
11198	19658
11228	19788
11229	19790
11230	19792
11231	19791
11232	19793
11233	19794
11234	19796
11235	19814
11236	19795
11237	19815
11238	19799
11240	19819
11241	19831
11242	19830
11243	19825
11244	19833
11316	3175
11373	20008
11374	20020
11376	20017
11377	20009
11378	20012
11379	20024
11380	20026
11381	20016
11382	20029
11383	20015
11384	20028
11385	20051
11386	20013
11387	20023
11388	20010
11389	20030
11390	20033
11391	20036
11392	20031
11393	20011
11394	20034
11395	20025
11396	20032
11397	20035
11480	20201
11491	20222
11492	20219
11696	20549
11697	20550
11698	20551
11699	20552
11701	20555
11703	20557
11708	20572
11709	20573
11710	20574
11711	20575
11712	20576
11713	20577
11714	20579
11717	20583
11718	20582
11719	20585
11720	20589
11721	20591
11722	20593
11723	20592
11725	20596
11726	20595
11727	20594
11728	20599
11730	20597
11731	20598
11740	20626
11756	20648
11757	20649
11758	20650
11856	20848
11857	20849
11858	20853
11859	20854
11860	20855
11861	20864
11862	20874
11863	20872
11864	20876
11865	20873
11866	20897
11867	20890
11873	20916
11976	21144
11977	21143
11979	21161
11997	21175
12041	21563
12056	21651
12057	21652
12136	21913
12137	21923
12138	21931
12139	21940
12140	21943
12141	21945
12156	22027
12196	22331
12236	22480
12296	22704
12297	22711
12298	22727
12299	22732
12300	22749
12301	22750
12302	22757
12303	22759
12304	22761
12319	22793
12320	22795
12321	22797
12322	22808
12323	22810
12325	22813
12326	22815
12340	22866
12341	22867
12342	22868
12343	22869
12344	22870
12349	22902
12351	22921
12352	22922
12353	22923
12354	22926
12355	22927
12356	22928
12420	23066
12421	23068
12422	23067
12423	23069
12424	23070
12425	23071
12426	23077
12427	23078
12428	23079
12429	23080
12430	23081
12431	23082
12432	23096
12451	23129
12516	23190
12559	23399
12617	23489
12618	23486
12636	23507
12677	23628
12678	23629
12679	23632
12680	23633
12681	23636
12682	23637
12683	23638
12684	23639
12685	23650
12686	23652
12687	23653
12688	23662
12689	23664
12690	23663
12691	23665
12692	23666
12693	23667
12696	23703
12697	23705
12698	23704
12699	23706
12700	23707
12701	23708
12702	23709
12703	23710
12716	23787
12717	23799
12718	23800
12719	23801
12720	23802
12721	23803
12722	23804
12816	24093
12817	24092
12818	24091
12819	24124
12820	24125
12821	24123
12822	24122
12823	24121
12829	24136
12830	24138
12831	24137
12832	24139
12833	24140
12834	24141
12876	24266
12890	24356
12891	24357
12892	24365
12893	24366
12894	24367
12895	24368
12898	24394
12899	19577
12901	24399
12905	24418
12916	24450
12988	24423
13012	1742
13018	2649
13031	24604
13042	24655
13043	24654
13056	24801
13060	24844
13062	24846
13063	24847
13064	24848
13065	24849
13066	24850
13067	24851
13073	24902
13074	24903
13075	24901
13079	24914
13080	24912
13081	24913
13087	24940
13103	24703
13121	25072
13122	25073
13123	25074
13124	25078
13125	25079
13126	25080
13129	25083
13130	25084
13131	25086
13137	25124
13138	25125
13139	25126
13140	25127
13141	25128
13142	25129
13143	25130
13146	25146
13166	25229
13167	25230
13196	25278
13198	25255
13199	25280
13200	25283
13201	25284
13203	25287
13205	25305
13206	25317
13207	25318
13209	25339
13210	25320
13211	25321
13212	25323
13290	25493
13291	25490
13292	25498
13323	25610
13325	25612
13326	25613
13327	25614
13328	25615
13330	25617
13331	25618
13332	25619
13333	25620
13334	25621
13335	25622
13338	25046
13343	25659
13344	25704
13375	25954
13381	26011
13392	26064
13397	26085
13398	26086
13399	26087
13401	26090
13416	26279
13417	26277
13418	26290
13419	26297
13422	26403
13423	26407
13424	26416
13425	26417
13426	26418
13427	26420
13428	26421
13429	26422
13430	26423
13431	26424
13432	26425
13433	26426
13434	26427
13435	26428
13436	26442
13437	26443
13463	26745
13464	26746
13465	26747
13466	26749
13467	26750
13468	26751
13469	26752
13470	26753
13471	26754
13472	26755
13474	26756
13475	26757
13476	26758
13477	26759
13478	26760
13479	26761
13480	26762
13481	26763
13482	26764
13483	26765
13484	26770
13485	26771
13486	26772
13487	26773
13488	26774
13489	26775
13490	26776
13491	26777
13492	26778
13493	26779
13494	26780
13495	26781
13496	26782
13497	26783
13498	26784
13503	26872
13504	26873
13505	26874
13506	26875
13507	26876
13509	26878
13510	26880
13511	26881
13512	26882
13513	26883
13514	26885
13515	26887
13516	26896
13519	26897
13520	26900
13521	26902
13522	26903
13525	26906
13526	26907
13527	26908
13528	26909
13529	26910
13530	26911
13531	26912
13532	26914
13533	26915
13534	26916
13535	26918
13536	26920
13537	26925
13538	26926
13539	26927
13540	26928
13541	26790
13543	27028
13544	27032
13546	27033
13803	27585
13804	27588
13805	27586
13806	27589
13807	27590
13808	27587
13811	27658
13812	27659
13813	27660
13814	27724
13815	27725
13816	25027
13817	25026
13842	27830
13843	27829
13844	27832
13845	27837
13859	28029
13860	27899
13861	27905
13862	27906
13863	27911
13864	27913
13865	27914
13866	27917
13867	27920
13868	27924
13870	27927
13871	27944
13872	27945
13873	27946
13875	27948
13876	27950
13877	27951
13878	27954
13879	27957
13880	27958
13881	27960
13882	27961
13884	27967
13885	27968
13886	27972
13887	27971
13888	27975
13889	27977
13890	28004
13891	28003
13892	27984
13893	27981
13894	27982
13895	28016
13896	28019
13897	28021
13898	28022
13909	28210
13910	28208
13911	28205
13912	28207
13913	28209
13914	28224
13915	28222
13916	28223
13917	28221
13918	28220
13919	28219
13920	28244
13922	28242
13923	28243
13924	28267
13930	28327
13944	28461
13945	28462
13946	28463
13947	28474
13948	28473
13949	28472
13950	28481
13951	28482
13952	28480
13960	28596
13961	28543
13962	28544
13963	28545
13964	28546
13965	28549
13966	28550
13967	28552
13968	28551
13969	28553
13970	28554
13971	28555
13972	28556
13973	28557
13974	28558
13975	28562
13976	28563
13977	28564
13978	28565
13979	28566
13980	28567
13981	28568
13982	28569
13983	28570
13984	28575
13985	28571
13986	28572
13987	28577
13988	28573
13989	28576
13990	28578
13991	28579
13992	28585
13993	28583
13994	28584
13995	28582
13996	28580
13997	28581
13998	28586
13999	28590
14000	28587
14001	28588
14002	28589
14003	28591
14007	28677
14008	28675
14009	28672
14010	28695
14013	28730
14016	28894
14017	28895
14018	28897
14019	822
14020	28877
14022	6562
14023	28878
14024	28880
14025	28875
14026	28903
14027	28905
14030	28910
14031	28912
14032	28914
14033	28915
14034	28916
14035	28917
14036	28918
14038	28925
14039	28927
14040	28933
14041	28936
14043	28944
14044	28947
14045	28948
14046	28950
14047	28953
14048	28955
14112	29354
14113	29356
14114	29358
14115	29359
14116	29360
14117	29361
14156	29686
14157	29688
14181	29545
14182	29547
14183	29548
14184	29549
14185	29550
14186	29551
14187	29552
14188	29553
14189	29556
14190	29557
14191	29558
14192	29565
14193	29566
14194	29568
14195	29569
14196	29571
14197	29603
14198	29605
14199	29606
14200	29608
14201	29611
14202	29610
14203	29613
14204	29614
14205	29615
14206	29616
14207	29617
14208	29619
14209	29620
14210	29621
14211	29628
14212	29629
14213	29630
14214	29642
14215	29643
14216	29645
14217	29648
14218	29649
14219	29654
14220	29656
14221	29657
14222	29658
14223	29622
14224	29662
14225	29663
14226	29664
14227	29668
14228	29669
14229	29671
14230	29672
14231	29692
14232	29693
14233	29694
14234	29695
14235	29696
14236	29697
14237	29698
14238	29699
14239	29700
14240	29728
14241	29729
14248	29844
14260	29932
14304	30151
14305	30153
14314	30213
14347	30350
14348	30310
14349	30311
14350	30312
14351	30313
14352	30314
14353	30315
14354	30316
14355	30317
14356	30318
14357	30325
14358	30329
14359	30332
14360	30334
14361	30337
14362	30341
14363	30342
14364	30343
14365	30344
14368	30348
14369	30349
14370	30303
14371	30304
14372	30305
14373	30306
14374	30307
14375	30308
14376	30309
14391	30547
14392	30548
14393	30549
14394	30551
14395	30552
14397	30556
14398	30558
14399	30560
14400	30561
14401	30563
14402	30565
14403	30566
14404	30568
14405	30569
14406	30570
14407	30573
14408	30574
14409	30575
14514	31112
14515	31085
14517	31106
14518	31091
14520	31109
14521	31104
14522	31113
14524	31108
14526	31101
14527	31107
14528	31111
14529	31098
14531	31088
14532	31103
14533	31097
14534	31102
14535	31092
14536	31149
14537	31095
14538	31090
14541	31084
14542	31048
14543	31049
14544	31050
14545	31051
14546	31052
14547	31053
14548	31054
14549	31055
14550	31056
14551	31057
14552	31058
14553	31060
14554	31061
14555	31062
14556	31063
14557	31064
14558	31065
14559	31066
14560	31067
14561	31068
14562	31070
14563	31071
14564	31072
14565	31076
14566	31077
14567	31078
14568	31079
14569	31080
14570	31081
14571	31082
14572	31083
14606	31252
14619	31430
14620	31431
14621	31432
14622	31433
14623	31434
14624	31435
14625	31437
14626	31438
14627	31440
14628	31441
14629	31442
14630	31443
14631	31444
14632	31448
14633	31449
14634	31450
14635	31451
14636	31452
14637	31453
14638	31454
14639	31455
14640	31456
14641	31459
14642	31460
14643	31461
14644	31373
14791	32178
14792	32179
14811	32233
14814	32259
14819	32284
14820	32285
14849	32454
14850	32455
14851	32456
14852	32457
14853	32458
14854	32461
14855	32462
14856	32463
14857	32464
14858	32465
14859	32466
14860	32467
14861	32468
14862	32469
14863	32470
14864	32471
14865	32472
14866	32473
14867	32478
14868	32479
14869	32480
14870	32481
14871	32482
14872	32485
14873	32487
14874	32489
14875	32488
14876	32490
14877	32493
14878	32494
14879	32495
14880	32496
14881	32497
14882	32498
14883	32499
14884	32500
14885	32501
14886	32502
14887	32503
14888	32549
14898	32605
14899	32606
14900	32655
14901	32656
14902	32657
14904	32664
14905	32665
14906	32667
14907	32678
14913	32765
14914	32766
14917	32801
14918	32814
14919	32807
14920	32808
14921	32809
14922	32810
14926	32867
14927	32869
14928	32870
14929	32866
14930	32868
14931	32871
14932	32874
14933	32872
14934	32873
14943	33095
15000	33276
15001	33277
15002	33278
15003	33279
15004	33284
15006	33286
15007	33287
15008	33288
15009	33289
15010	33290
15011	33291
15012	33292
15013	33293
15014	33294
15016	33295
15017	33296
15021	33359
15030	33391
15034	33702
15035	33697
15043	33732
15044	33738
15045	33740
15046	33733
15047	33741
15058	32215
15122	33990
15123	33991
15124	33992
15125	33993
15126	33994
15127	33995
15128	33996
15129	33997
15130	33999
15131	34001
15132	34002
15133	34003
15134	34004
15135	34005
15136	34006
15137	34007
15138	34008
15139	34009
15140	34010
15148	34082
15149	34090
15150	34091
15155	28027
15156	28028
15222	34533
15223	34545
15224	34538
15225	34529
15226	34535
15227	34541
15228	34547
15229	34543
15230	34542
15231	34534
15232	34548
15233	34546
15234	34540
15235	34544
15236	34537
15237	34530
15238	34590
15239	34607
15240	34608
15274	20782
15275	8875
15277	19581
15281	20784
15283	34889
15286	34902
15343	34960
15344	34961
15345	34955
15346	34959
15348	34979
15349	34981
15350	34982
15351	34983
15405	35346
15426	17253
15438	17253
15450	17253
15459	17253
15477	35290
15490	35387
15523	35530
15524	35520
15526	35521
15527	35522
15528	35523
15529	35524
15530	35527
15531	35526
15532	35525
15533	35531
15534	35528
15535	35529
15536	35534
15537	35533
15538	35532
15539	35537
15540	35536
15541	35535
15542	35538
15543	35539
15544	35540
15545	35543
15546	35544
15547	35549
15548	35555
15549	35554
15550	35557
15551	35559
15552	35558
15553	35567
15554	35562
15555	35561
15556	35564
15557	35573
15558	35572
15559	35574
15560	35563
15561	35560
15562	35568
15563	35576
15564	35577
15565	35575
15566	35582
15567	35584
15568	35580
15569	35590
15570	35591
15571	35589
15572	35587
15573	35588
15574	35585
15592	17253
15609	35750
15610	35751
15612	36074
15613	36076
15614	36075
15615	36079
15616	36078
15617	36077
15618	36122
15619	36125
15620	36128
15621	36126
15622	36124
15623	36137
15624	36129
15625	36136
15626	36135
15627	36133
15628	36134
15629	36130
15630	36131
15638	36210
15640	36256
15641	36257
15642	36258
15643	36259
15644	36260
15645	36261
15646	36262
15647	36263
15652	36315
15653	36317
15654	36316
15655	36318
15671	36349
15672	36351
15673	36352
15674	36353
15675	36355
15676	36357
15677	36358
15678	36359
15679	36389
15680	36390
15681	36391
15682	36392
15683	36523
15684	36524
15685	36525
15686	36526
15688	36670
15689	36672
15690	36669
15691	36667
15692	36668
15693	36665
15694	36686
15701	36954
15702	36955
15706	37818
15707	37836
15708	37855
15709	37873
15710	37882
15711	37883
15712	37884
15713	38068
15714	38070
15715	38175
15720	38473
15721	38475
15722	38476
15723	38477
15724	38478
15725	38479
15727	38503
15728	38504
15736	38868
15737	38867
15738	38960
15739	38962
15740	38961
15764	39466
15765	39467
15766	39470
15767	39471
15768	39636
15769	39637
15770	39638
15771	39639
15772	39705
15774	39706
15775	39714
15776	39711
15777	39713
15780	39715
15781	39716
15782	39718
15786	39724
15787	39721
15788	39720
15791	39731
15794	39728
15795	39727
15796	39736
15797	39733
15799	39734
15800	39737
15801	39738
15802	39741
15803	39739
15804	39742
15805	39740
15808	39895
15809	39963
15810	39961
15812	39971
15813	39973
15814	39997
15816	40001
15817	40002
15818	40006
15819	40005
15820	40003
15821	40004
15822	40021
15823	40024
15824	40023
15825	40020
15826	40034
15827	40036
15828	40035
15829	40033
15830	40060
15833	40274
15834	40514
15837	41132
15838	41133
15839	41135
15840	41134
15841	41161
15842	41156
15843	41163
15844	41164
15845	41157
15846	41162
15847	41158
15848	41160
15849	41307
15850	41311
15851	41312
15852	41314
15853	41315
15854	41316
15855	41317
15856	41318
15857	41319
15858	41320
15859	41321
15860	41418
15861	41414
15862	41415
15863	41458
15864	41500
15865	41501
15866	41502
15867	41503
15868	41207
15869	41208
15870	41205
15871	41206
15872	41420
15873	41429
15874	42296
15875	42302
15876	42305
15889	42546
15890	42558
15891	42588
15892	42589
15893	42590
15894	42593
15895	42591
15896	42592
15897	42613
15898	42615
15899	42620
15900	42662
15901	42688
15902	42731
15903	42736
15950	42974
15997	43493
16001	43549
16003	43707
16004	43758
16005	43761
16006	43765
16007	43779
16009	43846
16017	44155
16018	44157
16032	43308
16033	44383
16034	44391
16086	44484
16088	44488
16089	44489
16090	44492
16091	44494
16094	44508
16095	44500
16096	44506
16097	44509
16098	44510
16099	44528
16102	44513
16103	44524
16104	44555
16105	44556
16106	44529
16107	44575
16109	44576
16110	44584
16111	44582
16113	44589
16114	44588
16115	44590
16116	44593
16117	44591
16118	44612
16119	44592
16120	44595
16121	44598
16122	44596
16125	44616
16126	44621
16127	44623
16128	44625
16129	44630
16130	44629
16131	44631
16132	44633
16135	44635
16136	44645
16138	44636
16143	44359
16145	44770
16148	44794
16152	44970
16153	45061
16154	44958
16155	44950
16156	44953
16157	45022
16158	45100
16160	43772
16162	45117
16187	45357
16188	45358
16189	45359
16190	45360
16191	45361
16192	45363
16195	45382
16198	13028
16202	45545
16203	45546
16228	45695
16240	45765
16245	45903
16247	45927
16248	46111
16249	46115
16250	46109
16251	46107
16252	46112
16253	46114
16254	46108
16255	46110
16256	46116
16257	46113
16258	46106
16259	46141
16260	46144
16261	46142
16262	46140
16263	46126
16264	46124
16265	46127
16266	46122
16267	46125
16269	46123
16270	46137
16271	46138
16272	46133
16273	46134
16274	46135
16275	46139
16276	46136
16277	46132
16278	46129
16279	46131
16280	46128
16281	46130
16283	46353
16284	46403
16286	46405
16287	46578
16288	46594
16289	46597
16290	46601
16292	46684
16293	46688
16296	46697
16302	46775
16303	46776
16304	46777
16305	46778
16306	46779
16307	46803
16358	47050
16359	47046
16360	47049
16361	47048
16362	47051
16363	47053
16364	47054
16365	47055
16366	47056
16387	47280
16429	47672
16490	47898
16491	47899
16492	47901
16542	48114
16543	48116
16602	48247
16973	49252
16976	49258
17018	49383
17153	49677
17155	45542
17192	16827
17232	49966
17241	49966
17420	50194
17423	50245
17424	50256
17425	50271
17426	50274
17427	50285
17428	4167
17430	49966
17443	50300
17444	50305
17446	50310
17447	50318
17454	50433
17459	50479
17460	50498
17468	50518
17469	50519
17486	50612
17487	50614
17488	50616
17489	50617
17490	50618
17491	50619
17492	50620
17493	50598
17494	50599
17495	50600
17496	50601
17497	50602
17498	50603
17499	50604
17500	50605
17501	50606
17502	50607
17503	50608
17504	50609
17505	50610
17506	50611
17510	50613
17513	50644
17514	50647
17539	33388
17558	50936
17561	51005
17580	50962
17581	50949
17582	50955
17583	50943
17590	51296
17591	51294
17592	51304
17593	51300
17594	51313
17595	51306
17596	51311
17597	51302
17598	51309
17672	50963
17673	50948
17674	50944
17675	50945
17676	50947
17677	50946
17690	51571
17871	3276
17872	7934
17873	3277
17874	3278
17875	7928
17876	7929
17877	10840
17878	10841
17879	18629
17883	52568
17884	52569
17885	52570
17886	52567
17887	52571
17888	52572
17894	52733
17895	52738
17896	52739
17957	48248
17960	52843
17984	53040
17986	53056
17987	53120
17988	53121
17989	53122
17990	53123
17991	53124
17993	53125
18024	53281
18133	53462
18277	53662
18278	53663
18279	53664
18280	53665
18281	53666
18323	53812
18325	53836
18326	53837
18327	53838
18328	53840
18329	53842
18330	53847
18331	53895
18332	53898
18333	53900
18334	53905
18335	53904
18336	53903
18337	53902
18338	53901
18339	53899
18340	53848
18342	53841
18343	53839
18344	53777
18345	53776
18346	53781
18347	53782
18348	53775
18349	53774
18350	53773
18351	53771
18352	53779
18353	53780
18354	53783
18355	53784
18356	53942
18357	53936
18358	53937
18359	53938
18360	53939
18362	53831
18363	53832
18366	53843
18367	53844
18368	53845
18369	54017
18370	53934
18372	53941
18373	53943
18374	53852
18376	53854
18378	53857
18379	53856
18380	53859
18381	53860
18382	53861
18386	53865
18390	53869
18391	53870
18392	53871
18393	53872
18394	53873
18395	53874
18396	53875
18397	53876
18398	53877
18400	53879
18401	53880
18403	53882
18404	53883
18405	53884
18406	53885
18412	53891
18413	53892
18414	53893
18415	53894
18417	53917
18418	53918
18419	53919
18420	53920
18421	53921
18422	53922
18423	53923
18424	53924
18425	53925
18432	53932
18433	53933
18434	53830
18435	53945
18436	53946
18438	53948
18439	53949
18441	53951
18442	53952
18444	53954
18445	53955
18447	53957
18448	53958
18450	53960
18451	53961
18452	53962
18453	53963
18455	53965
18456	53966
18458	53968
18462	53972
18464	53974
18465	53975
18466	53976
18467	53977
18468	53978
18471	53980
18472	53981
18475	53984
18476	53985
18477	53986
18478	53987
18479	53988
18482	53991
18484	53993
18485	53994
18487	54020
18489	54019
18490	54023
18492	54011
18493	54012
18495	54014
18497	53996
18498	53997
18499	53998
18500	54000
18501	54001
18503	54003
18505	54005
18509	54009
18516	54049
18531	54213
18532	54218
18533	54220
18534	54221
18535	54222
18537	54353
18576	51412
18689	43688
18690	40192
18691	51412
18692	22719
18693	35022
18696	22718
18697	22720
18698	22717
18701	459
18702	579
18703	581
18704	580
18705	6654
18706	6653
18707	23250
18708	23509
18709	23252
18710	23251
18711	22724
18712	34795
18713	35018
18714	35020
18715	33660
18716	35027
18717	35025
18718	46628
18719	35028
18720	15780
18721	15781
18722	10969
18723	33630
18724	17458
18725	17453
18726	17455
18727	17456
18728	10873
18729	17454
18730	23225
18731	23223
18732	23222
18733	17459
18734	15779
18735	22719
18740	25953
18741	26056
18742	26054
18743	26055
18744	39801
18747	39800
18749	8980
18750	17464
18751	17462
18752	32243
18753	32244
18754	32245
18755	32246
18756	32295
18757	32297
18758	32296
18759	49378
18760	50869
18761	49379
18762	43899
18763	50870
18764	43900
18765	47037
18766	34406
18767	35710
18768	35711
18769	34407
18770	35712
18771	35713
18772	35714
18773	470
18774	471
18776	458
18777	6648
18778	472
18779	23229
18780	23227
18781	23228
18782	22717
18783	18990
18784	18989
18785	23249
18786	23248
18787	23247
18788	22718
18789	6896
18790	6897
18791	6899
18792	6777
18793	6898
18795	17463
18796	43927
18797	48778
18798	17481
18799	32239
18800	32240
18801	32235
18802	32242
18803	32292
18804	32290
18805	32289
18806	36702
18812	44153
18813	44151
18816	44317
18817	37015
18818	44744
18819	28828
18820	49193
18821	10795
18822	10798
18823	8395
18824	10796
18825	10799
18826	23241
18827	23242
18828	23243
18829	24242
18830	22721
18831	32345
18835	39802
18836	39803
18837	39798
18838	41513
18839	41516
18840	41518
18841	41517
18842	41515
18843	41514
18844	39315
18845	34896
18847	39316
18848	39317
18849	34898
18850	39318
18851	34899
18852	39319
18853	34897
18854	16060
18855	8394
18856	16059
18857	23220
18858	23221
18860	23219
18861	23338
18862	17229
18863	16058
18864	41252
18868	34790
18871	30174
18872	29059
18873	49322
18874	48954
18875	46197
18876	46199
18896	54550
18897	54551
18898	54552
18899	54553
18900	54554
18901	54555
18902	54556
18903	54557
18904	54562
18906	17465
18907	10789
18908	16055
18909	10793
18910	16080
18911	16083
18912	468
18913	16082
18914	17450
18915	17460
18916	16081
18917	18991
18919	18992
18922	23240
18923	23239
18924	23238
18925	16084
18926	17461
18927	23246
18928	24252
18929	23510
18930	22722
18932	42781
18933	42776
18934	42777
18935	48027
18937	22723
18938	3363
18939	18363
18941	48025
18942	43810
18943	51960
18951	24985
18952	24986
18954	24989
18955	24990
18956	24988
18961	17253
18975	15999
18976	16450
18977	53082
18978	10721
18979	28487
18980	28740
18981	10698
18982	10695
18983	10697
18984	10699
18985	10696
18986	51851
18987	23432
18988	23431
18989	23430
18990	23429
18991	23428
18992	26010
18993	43697
18994	26391
18995	40990
18996	42609
18997	15067
18998	45082
18999	28871
19000	48406
19001	28738
19004	46425
19005	10720
19006	10719
19007	10718
19008	10717
19009	10716
19010	10715
19011	10714
19012	10713
19013	45175
19014	36029
19015	25849
19016	53768
19017	45890
19018	45125
19019	15049
19021	36028
19024	10711
19026	35239
19027	10709
19028	28505
19029	46599
19030	53316
19031	27570
19032	10684
19033	39181
19034	10682
19035	10683
19036	10681
19037	10680
19038	17567
19039	10708
19040	10706
19041	10707
19042	10705
19043	25162
19044	24696
19045	25018
19046	43698
19047	28739
19048	35910
19049	35911
19050	35909
19051	35907
19052	33057
19053	19363
19054	26067
19055	35156
19056	33050
19057	40405
19058	40319
19059	19772
19060	45127
19061	17469
19062	17468
19063	26533
19066	27241
19067	45174
19068	36027
19069	10703
19070	10704
19071	23811
19072	10702
19073	10701
19074	43918
19075	36034
19076	10700
19077	49964
19078	48408
19080	17709
19081	23530
19082	23531
19083	17707
19084	32298
19085	17708
19086	52615
19087	10688
19088	46426
19089	10687
19090	10686
19091	12243
19092	13548
19093	10685
19094	10679
19096	10678
19100	10677
19102	10676
19104	15648
19107	10674
19108	10673
19109	10675
19110	15048
19111	36031
19112	40549
19113	44369
19117	54644
19118	17253
19131	54680
19132	39709
19133	30156
19134	30152
19141	54753
19147	32233
19148	32233
19149	32233
19150	32233
19151	51716
19155	47468
19156	47481
19158	47482
19160	47484
19163	54917
19164	54918
19165	54941
19166	54944
19167	54945
19168	54946
19169	54947
19170	54948
19171	54949
19172	54978
19173	54979
19174	54980
19175	54981
19176	55013
19177	55017
19178	55014
19179	55015
19181	10846
19184	33391
19185	55055
19186	55056
19187	55057
19188	55058
19193	55068
19214	55174
19215	55177
19216	55179
19217	55181
19218	55182
19219	55183
19220	55184
19221	55185
19222	55186
19223	55187
19224	54706
19225	16827
19238	55199
19239	55200
19240	55201
19241	55203
19242	55204
19243	55202
19244	55206
19245	55208
19246	55211
19255	26656
19259	16056
19261	55252
19273	55298
19274	55300
19275	55301
19276	55302
19277	55303
19278	55304
19279	55305
19280	55306
19281	55307
19282	55308
19283	55309
19284	55311
19285	55310
19286	55312
19297	55371
19298	55372
19299	55373
19301	55374
19302	55375
19303	55376
19304	55369
19305	55370
19306	55377
19308	55384
19309	55386
19310	55387
19311	55388
19313	55390
19314	55392
19315	55393
19316	55394
19317	55395
19318	55407
19319	55396
19320	55397
19321	55398
19322	55399
19323	55400
19324	55401
19325	55402
19326	55403
19327	55404
19328	55405
19331	4055
19332	40613
19333	40614
19334	40634
19355	55428
19356	55480
19357	55500
19358	55501
19359	55502
19360	55503
19361	55389
19362	54187
19376	55628
19378	55641
19379	55642
19380	55656
19400	17253
19403	55732
19404	47766
19405	55749
19411	55769
19412	55777
19414	54729
19415	55834
19416	55835
19421	55839
19422	55898
19423	55899
19424	55900
19426	55902
19427	55903
19428	55904
19429	56030
19430	55906
19431	55907
19432	55908
19433	55910
19434	55911
19435	55913
19436	55901
19437	55914
19438	55921
19439	55922
19440	55919
19441	55924
19442	55925
19443	55920
19444	55923
19445	55941
19446	55943
19447	55993
19448	55994
19449	55995
19450	55996
19451	55997
19452	55998
19453	55999
19454	56000
19455	56002
19456	56001
19457	56003
19458	56004
19459	56005
19460	56006
19461	56007
19462	56008
19463	56009
19464	56010
19465	56011
19468	56014
19469	56015
19470	56017
19471	56016
19472	56018
19473	56019
19475	56020
19476	56021
19477	56022
19478	56023
19479	56024
19480	56025
19481	56026
19482	56027
19483	56028
19484	56029
19485	56031
19486	56034
19487	56039
19495	56049
19496	56052
19497	56053
19500	56055
19501	56056
19505	56079
19506	56081
19507	56083
19508	56084
19509	56085
19510	56087
19511	56088
19513	56086
19515	56193
19516	56194
19517	56195
19518	56196
19519	56197
19520	56199
19521	56201
19522	56202
19523	56203
19524	56205
19525	56206
19526	56208
19533	56234
19536	56280
19538	56349
19539	54736
19540	56357
19541	54998
19542	54999
19543	55002
19544	54793
19545	55016
19546	56400
19547	56496
19548	56497
19549	56498
19550	56499
19551	56500
19552	56501
19553	56460
19554	56459
19555	56461
19556	56464
19557	56463
19559	56465
19560	56471
19561	56466
19562	56467
19563	56468
19564	56470
19565	56472
19566	56514
19567	56473
19570	56462
19571	56476
19572	56477
19573	56469
19574	56478
19575	56479
19576	56480
19577	56519
19578	56530
19579	56531
19580	56549
19581	56550
19582	56551
19583	56552
19584	56553
19585	56554
19586	56555
19587	56556
19588	56481
19589	56574
19590	56483
19591	56484
19592	56486
19593	56487
19603	56626
19611	49966
19623	49966
19660	26541
19661	26045
19662	26529
19675	57207
19676	57208
19677	57209
19678	57210
19679	57211
19681	57213
19682	57214
19683	57215
19684	57216
19685	57217
19687	57219
19688	57220
19689	57221
19690	57222
19691	57223
19692	57224
19693	57225
19694	57226
19695	57227
19696	57228
19697	57229
19698	57230
19704	57386
19710	57425
19711	57427
19712	45560
19713	45561
19714	45562
19715	45563
19716	45564
19717	45565
19718	45569
19719	45566
19720	57421
19721	45549
19722	45550
19723	45551
19724	45552
19725	45553
19726	45554
19727	57423
19728	45555
19729	45556
19730	45557
19731	45558
19732	45559
19733	45567
19734	45568
19735	45571
19736	45570
19737	57433
19738	57434
19739	57435
19740	57436
19741	57437
19742	57438
19743	57439
19744	57440
19745	57441
19746	57442
19747	57443
19767	57683
19768	57699
19770	57691
19771	57694
19772	57692
19773	57690
19774	57701
19775	57696
19777	57703
19778	57704
19779	57706
19780	57707
19781	57708
19782	57709
19783	57710
19784	57711
19785	57712
19786	57713
19787	57714
19788	57715
19789	57716
19794	56955
19795	56963
19796	56961
19797	48121
19798	56945
19799	56951
19800	56948
19801	56953
19802	56956
19803	56959
19804	56957
19805	56952
19806	56943
19807	56946
19808	56947
19809	56960
19810	56950
19811	56944
19812	56954
19813	56958
19814	56949
19815	57004
19816	57009
19817	56995
19818	56997
19819	57005
19820	57007
19821	56994
19822	57000
19823	57001
19824	57002
19825	57008
19826	57003
19827	56996
19828	56999
19829	57012
19831	57006
19832	57011
19833	56998
19834	57010
19835	56976
19836	56978
19838	56971
19839	56973
19840	56974
19841	56981
19843	56979
19846	56972
19847	56989
19848	56986
19849	56980
19850	56983
19852	56975
19853	56977
19854	56987
19855	56988
19856	57022
19857	57027
19858	57029
19859	57030
19860	57031
19861	57032
19862	57020
19863	57023
19864	57024
19865	57025
19866	57026
19867	57033
19868	57036
19869	57034
19870	57035
19871	57021
19872	57028
19873	57019
19874	57194
19875	57196
19876	57184
19877	57186
19878	57188
19879	57197
19880	57200
19881	57201
19882	57183
19883	57185
19884	57187
19885	57192
19886	57193
19887	57198
19888	57191
19889	57195
19890	57202
19891	57189
19892	57181
19893	57199
19894	57190
19895	57114
19896	57119
19897	57120
19898	57121
19899	57123
19900	57125
19901	57129
19902	57131
19903	57132
19904	57133
19905	57122
19906	57113
19907	57116
19908	57124
19909	57128
19910	57115
19911	57126
19912	57127
19913	57112
19914	57117
19915	57130
19916	57239
19917	57246
19918	57238
19919	57240
19920	57245
19921	57249
19922	57241
19923	57242
19924	57244
19925	57251
19926	57236
19927	57252
19928	57233
19929	57232
19930	57247
19931	57248
19932	57235
19933	57243
19934	57250
19935	57234
19936	57237
19937	57259
19938	57266
19939	57265
19940	57262
19941	57269
19942	57271
19943	57277
19944	57270
19945	57274
19946	57272
19947	57275
19948	57257
19949	57264
19951	57258
19952	57267
19953	57260
19954	57268
19955	57261
19956	57263
19957	57276
19969	58065
19970	58141
19971	58142
19972	58143
19973	58144
19974	58145
19975	58146
19976	58147
19977	58148
19978	58149
19979	58150
20005	58484
20006	58485
20007	58486
20008	58487
20009	58488
20010	58489
20011	58490
20012	58491
20013	58472
20014	58473
20015	58476
20016	58478
20017	58480
20018	58481
20019	58482
20020	58483
20021	58512
20022	58521
20023	58523
20024	58525
20025	58527
20026	58528
20027	58565
20028	17253
20042	58604
20089	23214
20090	34767
20091	13819
20092	34769
20093	5784
20094	23161
20096	58868
20097	58871
20098	58507
20099	58492
20104	54197
20110	55531
20111	58943
20112	58954
20116	58983
20142	59221
20143	59224
20144	59250
20150	59390
20157	59405
20158	59406
20164	59436
20165	59438
20166	59440
20167	59441
20168	59442
20171	59539
20172	59536
20173	59541
20174	59535
20175	59538
20176	59540
20177	59545
20178	59543
20179	59548
20180	59542
20181	59544
20182	59547
20183	59567
20184	59568
20185	59569
20186	59570
20187	59571
20189	59573
20190	59572
20192	59582
20193	59583
20194	59584
20195	59585
20196	59586
20197	59587
20198	59588
20199	59589
20200	59650
20205	59752
20206	59759
20207	58984
20208	59785
20209	59788
20210	59791
20211	59793
20212	59797
20213	59799
20218	59804
20219	59802
20228	59961
20229	59976
20230	59996
20231	60002
20232	60021
20233	60024
20234	60025
20240	59480
20241	59487
20242	59491
20244	60114
20245	60116
20246	60118
20247	60119
20267	59502
20268	59503
20269	59504
20270	60136
20271	60140
20272	60403
20273	60396
20274	60405
20275	60354
20276	60355
20277	60356
20278	60357
20279	60365
20280	60366
20281	60367
20282	60350
20283	60424
20284	60583
20285	60584
20286	50967
20287	50965
20289	60867
20290	60866
20291	60874
20292	51572
20293	51570
20294	51569
20295	51568
20296	50951
20297	50950
20298	50952
20299	50953
20300	50954
20301	60599
20302	60600
20303	60601
20304	60604
20305	60605
20306	50941
20307	50939
20308	50938
20309	50942
20311	50940
20312	60607
20313	60608
20314	60611
20315	60613
20316	60620
20317	50957
20318	50959
20319	50956
20320	50961
20321	50960
20322	50958
20323	60622
20324	60624
20325	60627
20326	60629
20327	60630
20328	60631
20329	60637
20330	60640
20331	50966
20332	50964
20334	50970
20335	50971
20336	60643
20339	60649
20340	60651
20341	60652
20342	60655
20343	60658
20344	60660
20345	60665
20346	60666
20347	60669
20348	60671
20349	60697
20350	60702
20351	60703
20352	60704
20353	60705
20354	60706
20355	60711
20356	60712
20357	60715
20358	60716
20359	60718
20360	60720
20361	60721
20362	60723
20363	60725
20364	60727
20365	60728
20366	60729
20367	60730
20368	60731
20369	60732
20370	60734
20371	60735
20372	60737
20373	60743
20374	60746
20375	60747
20376	60748
20377	60749
20378	60750
20379	60751
20380	60752
20381	60893
20382	60754
20383	60755
20384	60756
20385	60757
20386	60758
20387	60759
20388	60761
20389	60760
20391	60969
20392	60971
20396	58615
20397	60993
20398	60994
20399	60990
20400	60998
20401	60997
20402	60996
20403	61000
20404	61002
20405	60999
20408	61008
20409	61009
20410	61010
20421	61117
20422	61119
20423	61120
20424	61118
20425	60609
20426	60616
20427	60606
20429	60621
20430	60623
20431	60653
20432	59636
20433	60663
20434	47900
20435	60668
20436	60619
20437	60691
20438	60707
20439	60714
20440	60692
20441	60763
20442	59621
20443	59625
20444	59619
20445	60767
20463	61177
20472	16827
20494	61230
20495	61229
20506	61288
20514	58296
20515	58289
20516	58299
20517	58301
20518	58298
20520	58303
20521	58306
20523	58310
20524	58308
20525	58314
20526	58313
20527	58312
20528	58318
20529	58317
20530	58326
20531	58323
20532	58337
20533	58342
20534	58344
20535	58346
20536	58343
20537	58286
20538	58288
20540	58311
20541	58315
20542	58320
20543	58325
20544	58332
20545	59326
20546	58336
20547	58345
20548	58307
20549	58324
20550	58328
20551	58331
20552	58340
20553	59315
20554	58287
20555	58302
20556	58316
20557	58321
20558	58333
20559	58329
20560	58330
20561	58338
20562	58339
20563	58319
20564	58297
20565	58327
20566	58347
20567	58322
20568	58341
20569	57162
20570	57158
20571	59475
20572	59478
20573	57163
20574	57157
20575	57167
20576	59484
20577	59486
20578	57161
20579	57165
20581	59387
20582	60336
20583	59489
20584	59490
20587	57154
20588	59493
20589	59494
20590	57156
20591	59495
20592	59496
20593	59338
20594	57168
20595	59339
20596	59340
20597	57172
20598	60337
20599	59497
20600	59498
20603	57159
20604	57170
20605	57152
20607	57160
20609	59559
20610	57155
20611	59561
20612	57153
20614	57164
20615	59560
20617	61309
20627	61349
20628	61348
20629	61351
20630	61350
20631	61294
20632	61357
20638	61425
20641	61442
20642	61444
20643	61446
20644	61447
20645	61451
20648	61467
20649	61465
20650	61471
20651	61470
20652	61469
20653	61481
20654	61482
20655	61483
20656	61472
20657	61437
20659	22967
20660	57014
20665	21009
20669	61677
20716	61725
20717	61773
20720	18630
20728	61855
20730	61991
20731	61996
20732	61997
20734	62045
20735	62044
20736	62048
20737	62051
20738	62050
20739	62049
20744	56990
20745	57253
20746	56965
20749	62162
20750	62176
20751	62177
20752	62202
20753	62213
20754	62242
20755	62256
20756	62257
20759	62271
20760	62350
20761	56991
20768	62409
20769	62410
20770	62448
20771	62491
20772	62510
20773	62508
20774	62513
20775	62514
20776	62516
20777	62542
20778	62562
20779	62561
20780	62564
20781	62609
20782	62674
20784	62746
20806	62941
20807	62948
20808	62959
20815	63182
20816	63190
20817	63191
20818	63189
20819	63187
20820	63188
20821	63192
20822	63194
20823	63195
20824	63196
20825	63201
20826	63198
20827	63199
20828	63200
20829	63197
20835	63232
20836	63318
20842	63639
20843	63637
20844	63642
20845	63641
20846	63638
20847	63636
20848	63635
20849	63643
20850	63640
20869	63712
20870	63732
20877	63742
20878	63743
20879	63746
20880	63750
20882	63770
20883	63796
20884	63844
20886	63924
20887	63956
20889	63963
20911	64051
20912	64053
20914	64054
20924	64248
20925	64246
20926	64247
20927	64249
20928	64250
20929	64251
20930	64252
20931	64253
20932	64254
20933	64255
20934	64256
20935	64257
20936	64261
20937	64258
20938	64260
20939	64259
20940	64262
20941	64266
20943	64276
20944	64277
20945	64268
20946	64295
20947	64294
20948	64271
20949	64297
20950	64274
20951	64280
20952	64279
20953	64273
20954	64288
20955	64281
20956	64278
20957	64291
20958	64300
20959	64284
20960	64298
20961	64283
20962	64285
20963	64275
20964	64318
20965	64282
20966	64289
20967	64286
20968	64296
20969	64287
20971	64270
20973	64302
20974	64303
20975	64305
20976	64304
20977	64312
20978	64309
20979	64307
20980	64311
20981	64308
20982	64310
20983	64317
20984	64315
20985	64316
20986	64314
20987	64313
20988	64351
20993	64358
20996	64441
21004	64579
21005	64656
21006	64657
21007	64658
21008	64659
21009	64661
21010	63206
21011	63205
21012	63204
21013	63203
21014	64725
21015	64726
21016	64727
21017	64728
21018	64729
21019	64730
21020	64731
21026	64927
21038	64977
21040	65222
21044	65046
21045	65358
21046	65381
21047	65382
21048	65454
21050	65637
21051	65638
21052	65639
21053	65640
21054	65641
21055	65642
21056	65643
21057	65644
21058	65645
21059	65646
21062	65682
21064	65917
21065	66030
21066	66034
21067	66035
21068	66036
21069	66037
21070	66038
21080	66087
21081	66088
21082	66091
21083	66090
21084	66096
21085	66122
21086	66123
21087	66124
21088	66175
21101	66520
21103	66428
21104	66429
21106	66431
21107	66432
21109	66434
21110	66435
21114	66439
21116	66441
21117	66442
21118	66443
21120	66445
21121	66446
21122	66447
21123	66448
21125	66450
21127	66452
21128	66453
21129	66497
21130	66498
21131	66499
21133	66501
21134	66502
21137	66505
21138	66506
21140	66554
21142	66556
21143	66557
21146	66560
21147	66561
21148	66562
21153	66567
21154	66568
21155	66569
21156	66570
21157	66571
21158	66572
21159	66573
21160	66574
21162	66576
21165	66579
21167	66581
21168	66582
21169	66583
21170	66584
21171	66585
21172	66586
21173	66587
21175	66338
21176	66664
21177	66658
21178	66659
21179	66660
21180	66662
21181	66663
21187	66846
21188	66847
21193	66907
21194	66906
21197	67091
21198	67092
21199	67093
21200	67094
21201	67095
21202	67096
21203	67131
21204	67132
21205	67133
21206	67134
21207	67135
21208	67130
21209	67080
21210	67081
21211	67087
21212	67086
21213	67085
21214	67084
21215	67083
21216	67082
21217	67136
21218	67142
21219	67141
21220	67140
21221	67139
21222	67138
21223	67137
21224	67143
21225	67064
21226	67065
21227	67066
21228	67079
21229	67144
21230	67145
21231	67146
21232	67147
21233	67326
21234	67415
21235	67418
21236	67416
21237	67417
21238	67413
21239	67420
21240	67414
21241	67419
21242	67466
21243	67527
21246	67600
21249	65439
21250	67336
21251	67920
21252	68057
21253	68056
21254	68067
21255	68166
21256	68188
21257	68187
21258	67839
21259	68253
21260	68398
21288	68767
21289	68810
21296	68975
21297	68978
21298	68992
21299	68976
21300	68996
21301	69002
21302	69044
21303	69045
21304	69046
21305	69041
21307	69042
21308	69070
21311	69179
21312	69269
21313	69270
21315	69386
21316	69388
21317	69385
21318	69395
21320	69412
21321	69452
21324	69535
21325	69536
21326	69539
21327	69541
21328	69677
21342	70524
21344	65220
21345	32233
21346	32233
21348	70562
21349	70563
21350	70565
21352	70567
21353	70568
21354	70566
21355	70554
21356	70555
21357	70556
21358	70557
21359	70558
21360	70559
21361	70560
21362	70561
21363	70550
21364	70551
21365	70552
21366	70553
21369	70613
21373	71692
21375	71810
21376	71840
21377	71101
21378	71102
21380	72286
21381	71342
21384	72808
21385	72807
21388	73222
21389	73223
21390	73224
21391	73225
21392	73226
21393	73227
21394	73228
21395	73229
21396	73230
21397	73231
21398	73232
21399	73233
21400	73234
21401	73239
21402	73240
21403	73241
21404	73242
21405	73243
21406	73244
21407	73245
21408	73246
21409	73247
21410	73248
21411	73249
21412	73250
21413	73258
21414	73259
21415	73260
21416	73262
21417	73263
21418	73264
21419	73265
21420	73266
21421	73267
21422	73268
21423	73269
21424	73270
21425	73271
21426	73272
21427	73273
21428	73274
21429	73275
21430	73276
21431	73277
21432	73278
21433	73279
21434	73280
21435	73281
21436	73313
21437	73318
21438	73335
21439	73336
21440	73337
21441	73338
21442	73339
21443	73340
21444	73341
21445	73343
21446	73344
21447	73345
21448	73346
21449	73347
21450	73348
21451	73349
21452	73350
21453	73351
21454	73352
21455	73353
21456	73354
21457	73355
21458	73356
21459	73357
21460	73358
21461	73359
21462	73360
21463	73361
21464	73362
21465	73364
21466	73365
21467	73366
21468	73367
21469	73368
21470	73369
21471	73370
21472	73371
21473	73372
21474	73373
21475	73374
21476	73375
21477	73376
21478	73377
21479	73378
21480	73379
21481	73380
21482	73381
21483	73382
21484	73383
21485	73384
21486	73396
21487	73399
21488	73397
21489	73398
21490	73409
21491	73407
21492	73400
21493	73408
21494	73404
21495	73406
21496	73401
21497	73402
21498	73403
21499	73405
21500	73468
21501	73466
21502	73465
21503	73472
21504	73469
21505	73470
21506	73474
21507	73467
21508	73464
21509	73476
21510	73475
21511	73473
21512	73471
21513	73478
21524	73627
21525	73626
21526	73625
21528	73623
21529	73622
21530	73621
21531	73620
21532	73629
21533	73630
21537	69820
21538	69826
21562	73979
21564	74132
21565	74189
21566	74191
21567	74192
21568	74193
21569	74195
21570	74197
21571	74198
21572	74199
21573	74200
21574	74201
21575	74202
21576	74207
21577	74211
21578	74212
21579	74213
21580	74214
21581	74215
21582	74216
21583	74217
21584	74218
21585	74220
21586	74223
21587	74225
21588	74226
21589	74229
21590	74230
21591	74231
21592	74232
21593	74234
21594	74235
21595	74236
21596	74237
21597	74238
21598	74239
21599	74240
21600	74242
21601	74244
21602	74246
21603	74247
21604	74248
21605	74250
21606	74251
21607	74252
21608	74253
21609	74254
21610	74255
21611	74256
21612	74258
21617	74495
21618	74496
21619	74497
21620	74519
21621	74517
21622	74522
21623	74537
21624	74530
21625	74529
21626	74556
21627	74557
21630	74559
21637	74856
21638	74932
21640	74918
21641	75134
21650	75156
21652	75207
21661	75298
21662	75288
21663	74964
21664	75300
21665	75248
21666	75252
21667	75249
21668	75256
21669	75253
21670	75254
21671	75257
21672	75251
21673	75141
21674	75142
21675	75145
21676	75144
21678	75146
21679	75299
21680	75293
21681	75297
21682	75270
21683	75306
21684	75295
21685	75307
21686	75305
21687	75291
21688	75264
21689	75247
21691	75250
21692	75269
21693	75294
21694	75290
21695	75304
21696	75296
21697	75302
21698	75303
21699	75292
21700	75301
21701	75255
21702	75289
21703	75268
21704	75308
21705	75154
21706	75265
21707	75309
21708	75310
21709	75155
21710	75258
21711	75261
21712	75259
21713	75266
21714	75262
21715	75263
21716	75267
21717	75260
21719	75175
21720	75172
21721	75178
21728	75596
21729	75597
21730	75614
21731	75613
21732	75906
21733	75936
21734	75973
21737	76252
21760	76179
21761	76180
21762	76181
21763	76182
21764	76258
21765	76259
21766	76260
21767	76261
21768	76262
21769	76263
21770	76264
21771	76265
21772	76266
21773	76267
21774	76269
21775	76270
21776	76280
21777	76281
21778	76283
21779	76285
21780	76286
21781	76287
21782	76288
21783	76289
21784	76291
21785	76293
21786	76433
21787	76434
21788	76435
21789	76436
21790	76437
21791	76438
21792	76439
21793	76440
21794	76441
21795	76442
21796	76443
21797	76444
21798	76445
21799	76446
21800	76447
21801	76448
21802	76449
21803	76450
21804	76451
21805	76452
21806	76453
21807	76454
21808	76455
21809	76456
21810	76457
21811	76458
21812	76459
21813	76461
21814	76462
21815	76463
21816	76464
21817	76465
21818	76466
21819	76467
21820	76468
21821	76469
21822	76470
21823	76471
21824	76472
21825	76474
21832	76666
21835	77442
21836	74493
21841	69046
21893	78381
21894	78670
21961	79748
21962	79741
21963	79739
21964	79740
21965	79738
21966	79743
21967	79746
21968	79744
21969	79747
21970	79749
21971	79742
21982	80479
21983	80486
21984	80478
21985	80488
21986	80491
21987	80493
21988	80484
21989	80497
21990	80480
21992	80719
21993	80720
21994	80721
21995	80723
21996	80477
21997	80496
21998	80508
21999	80490
22000	80487
22001	80498
22002	80494
22003	80482
22004	80725
22005	80269
22006	80495
22007	80726
22008	80492
22009	80247
22010	80248
22011	80251
22012	80250
22013	80245
22014	80243
22015	78866
22016	80246
22017	80244
22018	80237
22019	80481
22022	80731
22025	80451
22073	81199
22119	81708
22120	81725
22121	81722
22122	81724
22123	81716
22124	81720
22125	81715
22126	81714
22142	81937
22143	82173
22172	82774
22244	84038
22252	84432
22253	84431
22254	84430
22255	84429
22256	84428
22257	84427
22258	84425
22261	84421
22262	84420
22263	84418
22264	84417
22265	84416
22266	84415
22267	84413
22268	84412
22269	84411
22270	84410
22271	84409
22272	84408
22274	84406
22275	84403
22278	82200
22279	82180
22280	82177
22281	82175
22312	84751
22314	84752
22332	85007
22333	85008
22334	85009
22335	85010
22339	78379
22340	78380
22341	78388
22342	78396
22343	78398
22344	78399
22349	78405
22350	78406
22351	78407
22354	78410
22355	78411
22358	78415
22359	78416
22362	78419
22363	78420
22366	78423
22367	78424
22370	78427
22371	78428
22374	78432
22375	78433
22378	78436
22379	78437
22380	78438
22381	78439
22382	78444
22383	78445
22384	78446
22385	78447
22386	78448
22387	78449
22388	78450
22389	78451
22390	78452
22391	78453
22392	78454
22393	78455
22394	78456
22395	78457
22396	78458
22397	78459
22398	78460
22399	78461
22400	78462
22401	78463
22402	78464
22403	78467
22404	78468
22405	78469
22406	78470
22407	78471
22408	78473
22409	78474
22410	78475
22411	78476
22412	78477
22413	78478
22414	78479
22415	78480
22416	78481
22417	78482
22418	78483
22419	78484
22420	78485
22421	78486
22422	78487
22423	78488
22424	78489
22425	78490
22426	84950
22427	85067
22428	85068
22525	85785
22538	86005
22539	86004
22540	86008
22634	33395
22635	31707
22637	65220
22656	86538
22694	87090
22695	87091
22710	87344
22797	17253
22832	86857
22833	86866
22834	86865
22835	86864
22880	87863
22914	88003
22915	88004
22916	88005
22917	88034
22918	88006
22919	88011
22920	88012
22921	88013
22922	88014
22923	88015
22924	88016
22925	88017
22926	88018
22927	88019
22928	88020
22929	88021
22930	88022
22931	88024
22932	88025
22933	88028
22934	88030
22935	88031
22936	88033
22937	88035
22938	88036
22939	88037
22940	88039
22941	88042
22942	88044
22943	88045
22944	88046
22945	88047
22946	88053
22975	88181
22976	88180
22981	57109
22982	56869
22983	57140
22984	58705
22985	58140
22986	63862
22987	62353
22989	58235
22990	56542
22991	56544
22992	56870
22993	56873
22994	58260
22995	55116
22996	55122
22997	57141
22999	63740
23000	58276
23001	63865
23002	63714
23003	56874
23004	57142
23005	63945
23006	62127
23007	58242
23008	58243
23009	58244
23010	56546
23011	58277
23012	59333
23013	58707
23014	58408
23015	58258
23016	58708
23017	55537
23018	55538
23019	58709
23020	58158
23021	63933
23022	58278
23023	63741
23024	56162
23025	67599
23026	55119
23027	58407
23028	63901
23029	68163
23031	56270
23033	55114
23034	59312
23035	56271
23036	57144
23037	55113
23038	56282
23039	58273
23040	63953
23042	63958
23043	59218
23044	57145
23045	58711
23046	58710
23047	56283
23048	58713
23049	59337
23050	63859
23051	63937
23052	56875
23053	58406
23055	56876
23056	56163
23057	63872
23058	58254
23059	63869
23060	63867
23061	55123
23063	58271
23064	55541
23065	63925
23066	55561
23067	58281
23068	63950
23069	58274
23070	54877
23071	70938
23072	57146
23073	57147
23074	56547
23075	58405
23076	55118
23077	63854
23078	63856
23079	57148
23080	56164
23081	58248
23082	63897
23083	56284
23084	56165
23085	58229
23086	57149
23087	56285
23088	56286
23089	63903
23090	56587
23092	55542
23093	55544
23095	55545
23096	55546
23097	56166
23098	55120
23099	62161
23100	58250
23101	56877
23102	54854
23103	58238
23104	56590
23105	61206
23106	56589
23107	55547
23108	58715
23109	56878
23110	58237
23111	57150
23112	57293
23113	59287
23114	57295
23115	54856
23116	63873
23117	55110
23118	63866
23119	55112
23121	63930
23122	55548
23123	54869
23124	55551
23125	56288
23126	56289
23127	58706
23128	57296
23129	58403
23130	63927
23131	55121
23132	56167
23133	63870
23134	59427
23135	58716
23136	63961
23137	56290
23138	63878
23139	63954
23140	56879
23141	54873
23142	63876
23143	56591
23144	63864
23145	56592
23147	56593
23148	58718
23149	56594
23150	56291
23151	56880
23152	56292
23153	56268
23154	56168
23155	54865
23156	54872
23157	58402
23158	56596
23159	55003
23160	63879
23161	63855
23162	58272
23165	55539
23166	55560
23167	58245
23168	55552
23169	58249
23170	54870
23171	63941
23172	55554
23173	55553
23174	56169
23175	63860
23179	55558
23180	54857
23181	56170
23182	54858
23183	56872
23184	58188
23185	63932
23186	56171
23187	56181
23188	63875
23189	63863
23190	58279
23191	56599
23192	63739
23193	54876
23194	58389
23195	56882
23196	63899
23197	63717
23198	58719
23199	58400
23200	63877
23201	63874
23202	59311
23203	58255
23204	58256
23205	58720
23206	56600
23208	56175
23209	56176
23210	57297
23211	56177
23213	70948
23214	59313
23216	54863
23217	58409
23218	56883
23220	63858
23221	54866
23222	54867
23223	54868
23224	56601
23225	58399
23226	56178
23227	58263
23228	58392
23229	58398
23230	58186
23231	55115
23232	54860
23233	63904
23234	58722
23235	59328
23236	57298
23237	58257
23238	63871
23239	57299
23240	63718
23241	58234
23242	63857
23244	56179
23245	58723
23246	55109
23247	55125
23248	59428
23249	59429
23250	55124
23251	56293
23252	58246
23253	56884
23254	58251
23255	56174
23256	56294
23257	56295
23258	63880
23259	58253
23260	63938
23261	58252
23262	56180
23263	56172
23264	63868
23265	58397
23266	63952
23267	55540
23268	63948
23269	54859
23270	57302
23272	57303
23274	58241
23275	56182
23276	56885
23277	63943
23278	58275
23279	56297
23280	63951
23281	56183
23282	55111
23283	57304
23284	54874
23285	54871
23286	56886
23287	63929
23288	55559
23289	58724
23290	56299
23291	58395
23293	58394
23294	54864
23296	58261
23299	56871
23303	58721
23304	56881
23305	58232
23306	58239
23309	58159
23310	58247
23311	58163
23312	63902
23313	58280
23314	62133
23315	63926
23316	63898
23317	56887
23318	55117
23319	62134
23320	58725
23321	58161
23322	58267
23324	56301
23325	58726
23326	58259
23327	58391
23328	63949
23330	56302
23332	58264
23333	56602
23334	55535
23336	58265
23337	58390
23338	63715
23339	55562
23340	54875
23341	56889
23346	88331
23347	88335
23376	88868
23378	88262
23379	88908
23380	88907
23381	88910
23382	88909
23383	88930
23384	88929
23385	88961
23388	89014
23389	89012
23390	89009
23391	89244
23392	86654
23397	86375
23398	86401
23399	86402
23400	86403
23401	86609
23402	86615
23403	86616
23404	86640
23405	86641
23406	86642
23407	86643
23408	86644
23409	86645
23410	86646
23411	86647
23412	86648
23413	86649
23414	86650
23415	86652
23416	86653
23422	89367
23423	89368
23424	89369
23425	89370
23426	89371
23427	89372
23428	89373
23431	89039
23432	89472
23433	88990
23442	87324
23444	89520
23453	89670
23454	89693
23455	89696
23456	89701
23457	89711
23458	89717
23459	89718
23460	89719
23461	89720
23462	89721
23463	89722
23467	89748
23470	89745
23472	89751
23473	89759
23475	89766
23476	89792
23477	89808
23478	89814
23480	89815
23482	89890
23483	89891
23484	89893
23485	89894
23486	89896
23492	89929
23493	89930
23494	89931
23502	89964
23505	90267
23507	90309
23508	90328
23513	50541
23540	90314
23541	90347
23543	90337
23544	49966
23546	57300
23547	90355
23548	90361
23549	90364
23550	90410
23551	90411
23552	90412
23553	90413
23554	90415
23555	90419
23556	90420
23557	90421
23558	90423
23559	90429
23561	90458
23562	90453
23563	90452
23564	90451
23565	90433
23566	90432
23567	90504
23568	90493
23569	90506
23570	90509
23571	90518
23572	90519
23573	90521
23574	90553
23575	90616
23576	90614
23577	90612
23578	90611
23579	90610
23580	90609
23581	90608
23582	90581
23583	90558
23584	90619
23585	90618
23586	90617
23587	90637
23588	90621
23589	90647
23590	90720
23591	90622
23592	90732
23593	90730
23594	90728
23598	90734
23625	56597
23626	90833
23627	90832
23628	90831
23629	90843
23630	90860
23631	90853
23632	90864
23633	90861
23634	88750
23635	88749
23636	88748
23637	88744
23638	88742
23639	88741
23640	88335
23641	88746
23642	88718
23645	90987
23646	90984
23647	90983
23648	90975
23649	90974
23650	90968
23652	17253
23654	90363
23656	91084
23657	91014
23658	91012
23659	91008
23660	90997
23661	90988
23663	90523
23664	91132
23665	91089
23669	91215
23670	91214
23671	91211
23672	91209
23673	91197
23674	91191
23675	91188
23676	91170
23677	91133
23678	91225
23679	91224
23680	91223
23681	91221
23682	91219
23683	91227
23684	91226
23685	91300
23689	91644
23698	91757
23699	91761
23700	91762
23701	91766
23702	91769
23703	91773
23704	91792
23705	91790
23706	91785
23707	91782
23708	91780
23709	91779
23710	91775
23711	91793
23712	91776
23713	91778
23714	91797
23715	91800
23716	91809
23717	91802
23718	91837
23719	91838
23721	92026
23722	92027
23723	84263
23724	92168
23725	92163
23726	92148
23727	92145
23728	92139
23729	92137
23730	92155
23736	92370
23737	92375
23738	92398
23739	92397
23740	92396
23741	92395
23742	76178
23743	92579
23744	92643
23745	92680
23746	92682
23749	92688
23750	68976
23751	68992
23752	68978
23754	68996
23755	68975
23756	69001
23758	92806
23759	92807
23760	92808
23761	92809
23762	92810
23763	92811
23764	92812
23765	74268
23767	78685
23768	78683
23769	91343
23770	84492
23774	17253
23780	93273
23782	93273
23783	93273
23784	93273
23786	93326
23805	92380
23806	93434
23807	93433
23810	93440
23811	93441
23812	93444
23813	93443
23814	93442
23815	89895
23816	93461
23818	93624
23819	93623
23820	93644
23822	33388
23824	87840
23825	93741
23826	93836
23827	93837
23828	93838
23829	94000
23830	89927
23835	93467
23836	94022
23837	94019
23839	90265
23840	93739
23841	93823
23842	94070
23844	73495
23849	33388
23859	94162
23882	80483
23883	94293
23884	94293
23885	73494
23886	73496
23887	73497
23888	73520
23889	73503
23890	73502
23891	73498
23892	73521
23893	73506
23894	73505
23895	73504
23897	58404
23898	94375
23899	94373
23900	94391
23901	94387
23902	94384
23903	94389
23910	94406
23911	94405
23912	94404
23913	94403
23914	94402
23915	94401
23919	34090
23940	90464
23942	33388
23943	34090
23944	34091
23945	90265
23946	33391
23947	34090
23948	34091
23949	90265
23950	33388
23951	33391
23952	34091
23953	90265
23954	33391
23955	34090
23956	34091
23957	90265
23958	33388
23959	33391
23960	34090
23961	34091
23962	90265
23969	92232
23970	92231
23999	93935
24000	90327
24002	17253
24003	93328
24005	93841
24006	93843
24008	94711
24011	94718
24012	94732
24013	94743
24014	84424
24017	78631
24018	78633
24019	78634
24020	83940
24021	78632
24022	83942
24023	83944
24024	83943
24026	83958
24027	78635
24028	83959
24029	83949
24030	83950
24031	83941
24032	83951
24033	83953
24034	83960
24038	83966
24039	83964
24040	83968
24043	95213
24044	95215
24045	95471
24048	56984
24063	95703
24064	94748
24065	82207
24066	95710
24067	90339
24069	95756
24070	95755
24071	95754
24072	95787
24073	95786
24076	95825
24077	93818
24083	93813
24084	93815
24085	93817
24086	95909
24133	95707
24134	95705
24137	96133
24138	96201
24139	96220
24141	96253
24142	96254
24143	96252
24144	96257
24145	96256
24146	96255
24147	96264
24148	96262
24149	96261
24150	96284
24152	96226
24154	96281
24156	96491
24157	96499
24158	96503
24159	96571
24162	96817
24163	96819
24170	17253
24171	97229
24189	97359
24193	97493
24194	97501
24195	97560
24196	97581
24197	97638
24210	97779
24256	98079
24265	98204
24274	98398
24275	98396
24281	98571
24282	98587
24284	98718
24285	98727
24286	98736
24287	98921
24288	99439
24289	99440
24290	99441
24291	99452
24292	99453
24293	99454
24294	99443
24295	99445
24296	99446
24297	99447
24298	99455
24299	99456
24300	99457
24301	99458
24302	99448
24303	99449
24304	99459
24305	99460
24306	99536
24307	99535
24309	99537
24310	99549
24311	99548
24312	99547
24313	99544
24314	99543
24315	99542
24316	99541
24317	99540
24318	99539
24319	99663
24320	99668
24321	99578
24323	100330
24324	100332
24325	100333
24326	100576
24327	100587
24329	100586
24330	98560
24331	98582
24332	98556
24333	98588
24334	98569
24335	98533
24336	99652
24337	99653
24338	99654
24339	99655
24340	99656
24341	99657
24342	99658
24343	99660
24344	100684
24345	100687
24350	100780
24351	100784
24352	100787
24353	100970
24354	101057
24360	101282
24361	100583
24362	100585
24363	101051
24364	101424
24422	88163
24425	78
24426	845
24427	5308
24428	34428
24429	6343
24431	100
24433	6544
24434	7386
24436	355
24437	2457
24438	71
24439	6673
24440	57755
24441	1715
24443	2458
24444	676
24445	6552
24446	871
24447	18499
24449	1719
24450	23920
24451	469
24452	64382
24478	101493
24482	101542
24486	101573
24487	101599
24488	101600
24489	101606
24494	101735
24495	101740
24496	101741
24497	101742
24498	101743
24499	101744
24500	101745
24501	101746
24502	101747
24503	101748
24504	101749
24505	101750
24506	101751
24507	101752
24508	101753
24509	101754
24510	101755
24511	101756
24512	101757
24513	101758
24514	101759
24515	101760
24516	101761
24517	101762
24518	101763
24519	101764
24520	101765
24521	101766
24522	101767
24523	101768
24524	101769
24525	101770
24526	101771
24527	101772
24528	101773
24529	101774
24530	101775
24531	101776
24532	101777
24533	101778
24534	101779
24535	101780
24536	101781
24537	101782
24538	101783
24539	101784
24540	101785
24541	101786
24542	101787
24543	101788
24544	101789
24545	101790
24546	101791
24547	101792
24548	101793
24549	101794
24550	101795
24551	101796
24552	101797
24553	101798
24554	101799
24555	101800
24556	101801
24557	101802
24558	101803
24559	101804
24560	101821
24567	101924
24568	101925
24569	101928
24570	101929
24571	101931
24572	101932
24573	101933
24574	101934
24575	101935
24576	101936
24577	101937
24578	101939
24579	101940
24580	101941
24581	101920
24582	101921
24583	101922
24584	101923
24585	101986
24586	101989
24587	102161
24588	102163
24589	102167
24591	102165
24602	102216
24603	102219
24605	102317
24606	102346
24607	102349
24608	102350
24609	102353
24610	102366
24611	102488
24612	102514
24634	3411
24639	102697
24640	102698
24641	102699
24645	101733
24646	103074
24647	103076
24648	103081
24651	688
24652	686
24653	1454
24654	689
24656	697
24657	6201
24661	755
24662	6353
24663	5782
24665	5697
24670	712
24671	126
24675	691
24677	710
24678	6229
24682	698
24685	1122
24686	1490
24687	18540
24692	29858
24693	29893
24694	48018
24695	48020
24703	103125
24704	1098
24705	103127
24706	103128
24708	103130
24711	103133
24713	103135
24715	103136
24716	103139
24717	103140
24718	103141
24719	103142
24721	77799
24722	103150
24723	103195
24724	103196
24726	103461
24727	103462
24728	103463
24729	103465
24730	103544
24731	103549
24732	103588
24784	104047
24785	104049
24786	104115
24787	104237
24788	104297
24791	104299
24792	104300
24793	104301
24794	104302
24795	104303
24796	104304
24797	104305
24798	104306
24799	104307
24800	104308
24801	104309
24802	104310
24803	104311
24804	104312
24813	104381
24814	104698
24815	104773
24818	104938
24821	105122
24822	105190
24823	105194
24824	105206
24826	35395
24827	20271
24828	105361
24829	20154
24830	31801
24831	20165
24833	19750
24834	85673
24835	7328
24836	25780
24837	853
24839	62124
24841	633
24842	1044
24843	1022
24844	6940
24845	20217
24846	19740
24848	498
24850	642
24851	4987
24852	96231
24853	31884
24883	105518
24885	13046
24889	105633
24907	5246
24924	10326
24942	106947
24944	107079
24945	107076
24946	107074
24947	107073
24948	107072
24949	107203
24952	101546
24954	103985
24956	102352
24962	37846
24964	102706
24965	33831
24966	102693
24967	102703
24968	45334
24970	102560
24972	102543
24973	102558
24974	81098
24975	81097
24976	5420
24977	33891
24982	102546
24983	102547
24984	102545
24985	81170
24986	49376
24989	16979
24990	102416
24993	102417
24994	81022
24995	102401
24996	102383
24997	102385
24998	102390
25000	102355
25001	106707
25002	102354
25003	102325
25005	102794
25013	5421
25017	339
25021	8921
25022	2908
25027	5487
25028	1178
25029	21178
25030	17057
25036	768
25037	3025
25039	33786
25040	1850
25041	97985
25042	96429
25049	770
25050	20719
25051	1066
25052	1082
25053	33943
25054	6795
25055	6807
25056	9005
25057	9007
25058	5215
25059	1822
25068	77761
25069	77764
25070	40120
25071	783
25073	22568
25074	80863
25079	5185
25080	2637
25081	16914
25082	42231
25098	22570
25105	106922
25109	96206
25111	16689
25121	774
25123	29166
25128	1126
25129	79061
25130	79060
25132	16870
25133	20484
25148	106898
25149	97993
25161	68484
25166	779
25167	62078
25168	106785
25169	18960
25176	5225
25177	740
25178	44203
25179	61391
25191	5176
25196	107516
25197	107517
25203	107500
25204	107842
25205	107844
25206	107845
25209	107907
25211	44614
25212	30455
25213	2139
25214	118
25215	61305
25216	28272
25217	61721
25218	61025
25219	61780
25220	28271
25221	45438
25222	1953
25223	12051
25224	759
25225	55342
25226	80353
25227	475
25228	53140
25229	3565
25230	32271
25231	3562
25232	3567
25233	33690
25234	35715
25235	32272
25237	49358
25238	3561
25239	49359
25240	3566
25241	88342
25242	88344
25243	3563
25244	53142
25245	11419
25246	32266
25247	11416
25248	11417
25249	33691
25250	35717
25251	32267
25252	49361
25253	10059
25254	49360
25255	11420
25256	88345
25257	88346
25258	11418
25259	42955
25260	43987
25261	130
25262	66
25263	30449
25264	1449
25266	10
25268	122
25275	44572
25276	6117
25277	30482
25278	7302
25279	108127
25280	108130
25281	108131
25284	108288
25285	108373
25286	108238
25315	80388
25316	12982
25318	84254
25323	2136
25326	108562
25331	109132
25332	108978
25334	107905
25335	109466
25338	109773
25339	20707
25343	588
25344	73413
25345	1706
25346	21562
25347	17
25348	2061
25349	73325
25350	2006
25351	585
25353	48045
25354	2096
25355	32379
25356	34433
25357	589
25358	110029
25359	110039
25360	110051
25361	106998
25362	50288
25363	78777
25364	33878
25365	33876
25366	77758
25367	106830
25368	94447
25369	33778
25370	48503
25371	81269
25372	102792
25373	32223
25375	110393
25376	110396
25377	110400
25378	110403
25387	110406
25388	110410
25389	110413
25391	110417
25395	110420
25396	110423
25397	110426
25429	12598
25432	110498
25433	110497
25434	110499
25435	110500
25436	110501
25437	110502
25441	110506
25442	110309
25444	120
25462	1752
25463	2098
25464	1784
25465	5277
25466	8676
25467	6770
25468	5171
25469	921
25470	73651
25471	1766
25472	1776
25473	1804
25474	2983
25475	1725
25476	1833
25477	1856
25478	8647
25479	2094
25480	408
25481	51722
25482	703
25483	58423
25484	31224
25485	31209
25486	51723
25487	1966
25488	5938
25489	57934
25490	73981
25491	76577
25516	86092
25517	110503
25523	403
25524	73899
25525	8042
25526	8004
25527	2008
25528	556
25529	76780
25530	2825
25531	421
25533	2062
25534	2484
25535	6196
25536	2894
25537	8050
25538	8024
25539	8056
25540	8033
25541	2645
25542	8177
25543	73920
25544	32182
25545	51514
25546	324
25547	20608
25548	3599
25549	79206
25550	8143
25551	73680
25552	52127
25553	546
25572	111548
25573	111621
25574	57994
25580	110504
25584	36936
25585	48707
25586	42650
25587	48721
25588	55078
25589	59879
25590	48263
25591	45524
25592	77606
25593	43265
25594	47541
25595	49576
25596	47568
25597	55095
25598	59921
25599	48266
25600	57330
25601	48792
25602	45477
25603	47528
25604	73975
25605	3714
25606	50842
25607	45462
25608	61999
25609	46584
25610	47476
25611	48265
25612	111673
25617	86091
25618	5118
25619	82661
25620	13165
25621	13159
25623	75
25624	1462
25625	6197
25626	6991
25628	53271
25629	136
25630	982
25631	1513
25632	1515
25633	51753
25634	3044
25636	20736
25637	1543
25639	1130
25640	2643
25641	3045
25642	19503
25643	56641
25644	53351
25645	34477
25647	19263
25648	13813
25649	5384
25650	1499
25651	13809
25653	1978
25654	34600
25655	1494
25656	19878
25657	19879
25658	19880
25659	19882
25660	19885
25661	19883
25662	19884
25663	77769
25664	51986
25665	19801
25666	49998
25680	3408
25681	2823
25682	8679
25683	5761
25685	111771
25687	106996
25690	24866
25691	102280
25693	17116
25694	102359
25695	50516
25696	883
25697	83242
25698	83243
25699	83244
25700	83245
25702	106731
25703	106737
25705	102793
25707	2641
25710	1943
25711	50769
25712	112042
25713	112042
25714	1459
25716	32375
25717	6346
25725	32233
25732	6307
25748	32233
25752	17735
25753	3716
25765	32233
25767	7870
25786	32233
25787	32233
25801	89766
25804	30151
25805	82654
25806	112873
25822	112862
25826	2120
25828	112994
25829	85384
25830	96103
25831	52174
25832	20253
25833	97462
25834	113120
25835	76858
25836	112042
25837	113199
25838	113263
25871	113742
25872	113857
25873	113873
25874	63645
25875	63644
25879	114018
25885	1038
25887	114049
25888	114090
25889	114112
25896	114192
25897	114203
25898	114207
25899	114190
25900	586
25901	79327
25903	110955
25919	77575
25920	114585
25921	8737
25923	5784
25924	23161
25925	781
25926	82246
25927	82245
25928	82242
25929	3127
25931	101062
25935	114842
25955	114995
25961	115043
25972	8190
25973	115074
25976	115072
25978	115080
25983	77747
25985	115232
25987	115236
25988	112042
25990	17767
25993	19483
25995	115268
25996	115276
25997	115176
25999	115203
26001	115078
26003	115178
26005	115284
26006	114764
26007	114765
26008	114766
26009	114767
26011	114774
26012	114775
26013	114776
26014	114777
26015	114778
26016	114779
26017	114780
26018	114781
26019	114782
26020	114783
26021	114784
26022	114752
26023	114753
26024	114754
26025	114755
26026	114756
26027	114757
26028	114758
26029	114759
26030	114760
26031	114761
26032	114762
26033	114763
26034	114751
26063	113968
26064	113971
26065	113972
26066	113973
26067	113974
26068	113975
26069	113976
26070	113977
26071	113978
26072	113979
26073	113980
26074	113981
26075	113982
26076	113983
26077	113984
26078	113985
26079	113986
26080	113987
26081	113988
26082	113989
26083	113990
26084	113991
26085	113992
26086	113993
26087	115408
26088	115408
26089	115450
26091	370
26093	115578
26094	115578
26095	115578
26096	115578
26098	115625
26099	45902
26100	115546
26101	115675
26103	115612
26104	115746
26105	115748
26106	89792
26107	115460
26108	115750
26110	115768
26111	115770
26112	115778
26113	115781
26114	115799
26120	115831
26121	115913
26122	115921
26123	115924
26124	115936
26125	115932
26126	115935
26127	112792
26128	112793
26133	115578
26137	116497
26138	116498
26139	116499
26140	110505
26142	114773
26143	114772
26144	114771
26145	114770
26146	114769
26148	116705
26149	116095
26150	50977
26152	116812
26154	53428
26155	53341
26156	53344
26157	53331
26158	70164
26159	53343
26160	54447
26161	53342
26162	62158
26163	54446
26164	53323
26165	116956
26166	52174
26167	50622
26168	95738
26169	114866
26170	117225
26171	117225
26172	117225
26173	117225
26175	5394
26176	117368
26179	87330
26180	117957
26181	118093
26182	118093
26183	118089
26185	117588
26186	57984
26187	65220
26188	118297
26189	65220
26190	36213
26192	118337
26193	118345
26194	118347
26195	118350
26196	118424
26197	19506
26198	8017
26199	93321
26200	93322
26201	8737
26203	118737
26205	108269
26207	117952
26208	117959
26213	528
26214	119478
26215	119650
26216	172
26219	31868
26220	86529
26221	51886
26224	119725
26225	86524
26229	25956
26231	22812
26232	2782
26233	33917
26234	33745
26235	22842
26238	119811
26239	8122
26241	119899
26242	119899
26244	84733
26245	9484
26246	33076
26247	139
26248	32546
26249	64901
26250	14914
26252	104409
26253	104407
26254	104408
26255	104414
26256	104390
26257	104391
26258	104338
26259	104389
26260	104385
26261	104395
26262	104393
26263	104392
26264	104397
26265	104398
26266	104401
26267	104404
26268	104403
26269	104416
26270	104419
26271	104417
26272	104420
26273	104445
26274	104440
26275	104434
26276	104430
26277	104442
26278	104427
26279	104425
26283	120043
26284	120045
26285	1064
26287	23214
26288	34767
26290	73630
26291	69826
26292	69820
26293	13819
26294	34769
26296	73629
26297	120146
26298	120145
26299	108977
26300	120275
26301	120277
26302	120272
26304	119996
26305	101643
26306	120501
26307	120507
26308	120668
26309	93273
26310	93273
26311	93273
26312	93273
26313	115043
26314	58410
26315	121039
26316	121093
26317	121128
26318	1860
26320	11419
26321	11418
26322	11420
26323	10059
26325	32267
26326	11417
26327	11416
26328	32266
26329	3565
26330	32271
26331	3562
26332	3567
26333	32272
26334	3561
26335	3566
26336	3563
26337	115043
26338	115043
26339	115043
26340	115043
26341	115043
26342	115043
26343	115043
26344	115043
26345	115043
26346	115043
26347	115043
26348	115043
26349	115043
26350	115043
26351	115043
26352	115043
26353	2836
26354	1842
26355	121260
26356	112635
26357	112660
26358	112636
26359	112637
26365	121279
26366	121411
26367	121471
26368	121688
26370	121733
26371	121820
26372	121836
26373	121837
26374	121838
26375	121839
26377	122014
26379	122029
26380	122138
26382	61316
26383	121818
26385	122475
26386	101976
26387	122633
26388	122589
26389	122573
26390	122581
26391	122590
26392	122591
26393	122571
26394	122574
26395	122575
26396	122579
26397	122582
26398	122583
26399	122587
26400	122572
26401	122580
26402	122588
26403	122569
26404	122577
26405	122585
26406	122635
26407	122613
26408	122597
26409	122605
26410	122636
26411	122637
26412	122634
26413	122614
26414	122615
26415	122595
26416	122598
26417	122599
26418	122603
26419	122606
26420	122607
26421	122611
26422	122638
26423	122612
26424	122596
26425	122604
26426	122568
26427	122570
26428	122576
26429	122578
26430	122584
26431	122586
26432	122621
26433	122629
26434	122639
26435	122593
26436	122601
26437	122609
26438	122640
26439	122619
26440	122622
26441	122623
26442	122627
26443	122630
26444	122631
26445	122641
26446	122620
26447	122628
26448	122617
26449	122625
26450	122592
26451	122594
26452	122600
26453	122602
26454	122608
26455	122610
26456	122642
26457	122643
26458	122644
26459	122645
26460	122646
26461	122647
26462	122648
26463	122616
26464	122618
26465	122624
26466	122626
26467	122632
26468	122649
26469	122650
26470	122651
26471	122652
26472	122653
26473	122654
26474	107693
26475	107627
26476	107645
26477	107715
26478	107753
26479	122662
26480	107646
26481	107716
26482	107754
26483	107598
26484	106960
26485	122668
26486	107622
26487	107705
26488	122675
26489	107623
26490	107706
26491	122676
26492	107756
26493	107647
26494	107717
26495	107648
26496	107718
26497	121843
26498	107649
26499	107719
26500	107694
26501	107628
26502	107650
26503	107720
26504	107624
26505	107707
26506	122674
26507	107757
26508	107599
26509	107758
26510	106957
26511	107759
26512	121844
26513	107600
26514	107737
26515	107760
26516	107695
26517	107630
26518	107762
26519	107651
26520	107721
26521	107652
26522	107722
26523	107625
26524	107708
26525	122685
26526	107763
26527	107601
26528	107738
26529	107764
26530	122684
26531	107710
26532	107640
26533	107696
26534	107631
26535	122670
26536	107697
26537	107632
26538	122664
26539	107765
26540	107653
26541	107723
26542	107602
26543	107739
26544	107654
26545	107724
26546	122661
26547	107604
26548	106955
26549	122667
26550	122666
26551	107655
26552	107725
26553	107605
26554	106953
26555	107698
26556	107633
26557	107711
26558	107641
26559	107606
26560	107740
26561	107607
26562	106954
26563	107656
26564	107726
26565	107657
26566	107727
26567	107766
26568	107626
26569	107709
26570	122683
26571	107608
26572	107742
26573	107699
26574	107634
26575	122682
26576	107712
26577	107642
26578	107609
26579	107743
26580	107658
26581	107728
26582	122669
26583	107610
26584	107744
26585	107659
26586	107729
26587	107660
26588	107730
26589	107700
26590	107635
26591	107767
26592	107768
26593	107617
26594	122681
26595	122665
26596	121841
26597	121842
26598	122663
26599	107611
26600	106956
26601	107612
26602	107745
26603	107701
26604	107636
26605	107661
26606	107731
26607	122672
26608	122680
26609	107713
26610	107643
26611	107619
26612	106950
26613	122678
26614	107702
26615	107637
26616	107620
26617	106949
26618	122677
26619	107662
26620	107732
26621	107663
26622	107733
26623	107613
26624	107746
26625	107621
26626	106948
26627	122679
26628	107714
26629	107644
26630	107665
26631	107734
26632	122673
26633	107703
26634	107638
26635	107614
26636	106962
26637	107704
26638	107639
26639	107615
26640	106961
26641	107666
26642	107735
26643	122671
26644	107667
26645	107736
26646	107616
26647	106958
26648	101976
26649	101976
26650	101976
26651	101976
26652	101976
26653	101976
26654	101976
26655	101976
26656	101976
26657	101976
26658	122708
26659	122748
26664	5740
26665	31821
26675	123024
26677	76271
26678	76294
26679	76292
26680	76282
26681	76275
26682	76300
26683	76249
26684	76250
26685	76276
26686	76298
26687	106902
26688	106904
26689	76279
26690	76301
26691	76297
26693	76273
26694	76272
26695	76296
26696	76299
26697	76277
26698	76268
26699	76290
26700	108968
26701	123212
26702	123214
26703	120481
26704	123332
26705	120478
26706	123390
26707	120480
26708	123392
26709	123400
26710	120197
26711	123404
26712	123406
26713	123395
26714	24275
26716	5116
26718	123746
26719	123746
26720	123746
26721	123746
26722	123746
26723	123746
26724	123746
26725	123746
26726	123746
26727	123746
26728	123746
26729	123746
26730	123780
26731	123778
26732	123784
26733	123160
26734	123829
26735	123830
26736	123831
26738	118239
26739	118238
26740	118237
26741	123182
26742	123886
26743	123993
26744	123992
26745	120395
26746	120822
26748	124000
26749	124032
26750	124029
26751	124052
26752	124053
26753	124054
26755	124124
26756	124125
26757	124126
26758	124127
26759	124128
26760	124129
26761	124147
26763	124152
26764	119467
26765	122026
26768	124223
26769	124224
26770	124225
26771	124226
26772	124227
26773	124228
26774	124229
26775	124230
26776	124231
26777	124232
26778	124233
26779	124234
26780	118076
26781	118483
26782	117983
26783	118021
26784	117915
26785	117923
26786	104298
26787	104299
26788	104300
26794	123762
26795	120484
26796	124415
26797	124417
26798	124420
26799	15237
26801	124334
26802	124442
26803	124443
26804	124444
26805	124445
26806	124446
26807	124447
26808	124448
26809	124449
26810	124450
26811	124451
26812	124452
26813	124453
26814	124454
26815	124455
26816	124456
26817	124457
26818	122030
26819	119481
26820	124459
26821	124460
26822	124461
26823	122015
26824	58309
26825	124463
26826	112266
26827	57037
26828	112265
26829	112264
26830	124466
26831	112430
26832	112429
26833	123781
26834	61648
26835	121183
26836	56814
26837	114282
