field0	field1	field2	field3	field4	field5
2	53	0	2	0	32768
3	59	0	2	0	4
6	72	0	4	0	64
7	75	0	2	0	262156
8	78	0	2	0	173555
9	91	0	2	0	3
10	107	0	4	0	96
11	196	0	2	0	1
12	197	0	2	0	2
13	198	0	2	0	16
14	199	0	2	0	32
15	200	0	2	0	64
16	201	0	2	0	128
17	202	0	2	0	256
18	203	0	2	0	8192
19	227	0	2	0	1024
22	264	0	2	0	4
23	266	0	2	0	8
24	408	0	2	0	173555
25	750	0	4	0	16
26	772	0	2	0	173555
27	845	0	2	0	173555
28	871	0	4	0	64
29	1180	0	2	0	32768
30	1329	0	2	0	32768
31	1464	0	2	0	173555
32	1510	0	2	0	262156
33	1516	0	2	0	262156
34	1536	0	2	0	4
35	1664	0	2	0	3
36	1665	0	2	0	3
37	1680	0	2	0	173555
38	1715	0	2	0	173555
39	1752	0	2	0	173555
40	1776	0	2	0	173555
42	1833	0	2	0	173555
43	1943	0	2	0	173555
44	1978	0	2	0	262156
45	2098	0	2	0	173555
46	2110	0	2	0	1024
47	2382	0	2	0	16384
48	2565	0	4	0	64
49	2567	0	2	0	65536
51	2629	0	2	0	32768
52	2630	0	2	0	32768
53	2643	0	2	0	262156
54	2764	0	2	0	65536
55	2823	0	2	0	41105
56	2828	0	2	0	33219
57	2829	0	2	0	33219
58	2830	0	2	0	33219
59	2831	0	4	1050016	30
60	2832	0	4	1050016	30
61	2833	0	4	1050016	30
62	2973	0	2	0	173555
63	2974	0	2	0	173555
64	3007	0	2	0	4
65	3011	0	2	0	262156
66	3018	0	2	0	262156
67	3034	0	2	0	262156
68	3043	0	2	0	262156
69	3044	0	2	0	262156
70	3112	0	2	0	9264
71	3113	0	2	0	9264
72	3114	0	2	0	9264
74	3127	0	2	0	173555
77	3408	0	2	0	41105
78	3440	0	2	0	1072
79	3594	0	2	0	173555
80	3595	0	2	0	173555
81	3674	0	2	0	262156
82	3974	0	2	0	262156
83	3975	0	2	0	262156
84	3976	0	2	0	262156
85	4354	0	2	0	128
86	4421	0	2	0	256
87	4443	0	2	0	2
88	4464	0	2	0	256
89	4493	0	2	0	1024
90	5009	0	2	0	524288
91	5011	0	2	0	262144
92	5019	0	2	0	524288
93	5116	0	2	0	262156
94	5308	0	2	0	173555
95	5361	0	2	0	256
96	5374	0	2	0	32768
97	5427	0	2	0	2
98	5586	0	2	0	32768
99	5761	0	2	0	41105
100	5938	0	2	0	41105
101	6296	0	2	0	189939
104	6572	0	2	0	173555
105	6660	0	2	0	262156
106	6770	0	2	0	173555
107	6979	0	2	0	262156
108	6980	0	2	0	262156
109	6984	0	2	0	262156
110	7105	0	2	0	262156
111	7216	0	4	0	96
112	7218	0	2	0	354
113	7220	0	2	0	173555
114	7384	0	2	0	173555
115	7386	0	2	0	173555
117	7418	0	4	512	31
118	7420	0	4	1048608	31
119	7426	0	4	1048608	31
120	7428	0	4	512	31
121	7443	0	4	1048608	31
122	7454	0	4	65536	31
123	7457	0	4	512	31
124	7520	0	2	0	128
125	7523	0	2	0	128
126	7525	0	2	0	128
127	7527	0	2	0	128
128	7529	0	2	0	256
129	7532	0	2	0	16
130	7533	0	2	0	32
131	7534	0	2	0	32768
132	7535	0	2	0	4
133	7536	0	2	0	8
134	7538	0	2	0	1
135	7540	0	2	0	1
136	7544	0	2	0	16
137	7546	0	2	0	16
138	7548	0	2	0	16
139	7549	0	2	0	2
140	7550	0	2	0	2
141	7552	0	2	0	2
142	7554	0	2	0	2
143	7556	0	2	0	32
144	7558	0	2	0	32
145	7560	0	2	0	32
146	7562	0	2	0	256
147	7564	0	2	0	256
148	7566	0	2	0	256
149	7568	0	2	0	4
150	7569	0	2	0	4
151	7570	0	2	0	4
152	7571	0	2	0	4
153	7572	0	2	0	4
154	7573	0	2	0	32768
155	7574	0	2	0	32768
156	7576	0	2	0	32768
157	7578	0	2	0	32768
158	7579	0	2	0	8
159	7580	0	2	0	8
160	7581	0	2	0	8
161	7582	0	2	0	8
162	7583	0	2	0	8
163	7584	0	2	0	8
164	7620	0	2	0	1048576
165	7731	0	2	0	1048576
166	7732	0	2	0	1048576
167	7738	0	2	0	1048576
168	7745	0	2	0	1378
169	7748	0	4	1048608	31
170	7766	0	4	512	31
171	7771	0	4	65536	31
172	7776	0	4	1048608	31
173	7779	0	4	512	31
174	7782	0	4	512	31
175	7786	0	2	0	714227
176	7788	0	2	0	714227
177	7793	0	2	0	1378
178	7857	0	4	1048608	31
179	7859	0	4	512	31
180	7861	0	4	65536	31
181	7863	0	4	256	31
182	7867	0	4	256	31
183	8024	0	2	0	173555
184	8033	0	2	0	173555
185	8087	0	2	0	1048576
186	8088	0	2	0	1048576
187	8089	0	2	0	1048576
188	8090	0	2	0	1048576
189	8232	0	2	0	173555
190	8242	0	4	0	96
192	8532	0	2	0	1048576
194	8647	0	2	0	173555
195	8676	0	2	0	173555
196	8679	0	2	0	41105
197	8682	0	2	0	262156
198	8737	0	4	0	8
199	8995	0	2	0	262156
200	8996	0	2	0	262156
201	8997	0	2	0	262156
202	9008	0	2	0	262156
203	9077	0	4	0	4
204	9078	0	4	0	2
206	9092	0	2	0	1048576
207	9116	0	4	0	64
209	9125	0	4	0	1
210	9132	0	2	0	327692
211	9781	0	4	0	96
212	9783	0	4	256	0
213	9900	0	2	0	33219
214	9903	0	2	0	9264
215	10277	0	2	0	65536
216	10344	0	4	1050016	30
220	11976	0	2	0	173555
221	11977	0	2	0	173555
222	11998	0	2	0	173555
223	12054	0	2	0	173555
224	12057	0	2	0	173555
225	12163	0	2	0	354
226	12169	0	4	0	96
227	12170	0	2	0	173555
228	12198	0	2	0	262156
229	12281	0	2	0	384
230	12284	0	2	0	48
231	12294	0	2	0	173555
234	12459	0	2	0	262156
235	12460	0	2	0	262156
237	12551	0	2	0	262156
238	12700	0	2	0	67
239	12701	0	2	0	48
240	12702	0	2	0	48
241	12703	0	2	0	48
242	12704	0	2	0	48
243	12711	0	2	0	354
244	12712	0	2	0	354
245	12781	0	2	0	67
246	12783	0	2	0	67
247	12784	0	2	0	67
248	12785	0	2	0	67
249	12809	0	2	0	173555
250	12812	0	2	0	384
251	12813	0	2	0	384
252	12814	0	2	0	384
253	12815	0	2	0	384
254	12834	0	2	0	173555
255	12849	0	2	0	173555
257	12867	0	2	0	173555
258	12999	0	2	0	173555
259	13000	0	2	0	173555
260	13001	0	2	0	173555
261	13002	0	2	0	173555
262	13219	0	2	0	41105
263	13378	0	4	0	64
264	13380	0	2	0	1378
265	13398	0	2	0	65536
266	13419	0	4	65536	30
267	13421	0	4	65536	0
268	13464	0	4	0	64
269	13485	0	4	0	64
270	13500	0	2	0	1
271	13501	0	4	512	31
272	13503	0	2	0	714227
273	13522	0	4	65536	31
274	13529	0	2	0	1378
275	13536	0	4	512	31
276	13538	0	4	1048608	31
277	13607	0	4	1048608	31
278	13612	0	4	1024	31
279	13617	0	4	1024	31
280	13620	0	4	1024	31
281	13622	0	4	512	31
282	13626	0	4	1048608	31
283	13631	0	4	0	64
284	13635	0	4	65536	30
285	13637	0	4	256	31
286	13640	0	4	1048608	30
287	13642	0	4	512	30
288	13644	0	4	256	30
289	13646	0	4	512	30
290	13648	0	4	512	30
291	13653	0	2	0	714227
292	13655	0	2	0	714227
293	13657	0	4	65536	30
294	13659	0	4	0	64
295	13661	0	4	512	30
296	13663	0	4	1048608	30
297	13687	0	4	256	30
298	13689	0	4	0	64
299	13693	0	2	0	714227
300	13695	0	2	0	1378
301	13698	0	4	1024	31
302	13700	0	4	1048608	31
303	13705	0	2	0	368797
304	13706	0	2	0	32768
306	13746	0	4	65536	30
307	13794	0	4	65536	30
308	13804	0	2	0	32768
309	13805	0	2	0	32768
310	13806	0	2	0	32768
311	13807	0	2	0	32768
312	13815	0	4	1024	31
313	13817	0	4	0	64
314	13822	0	4	512	30
315	13832	0	2	0	368797
316	13836	0	4	256	30
317	13841	0	4	1024	31
318	13843	0	2	0	368797
319	13844	0	2	0	368797
320	13845	0	2	0	368797
321	13846	0	4	512	30
322	13858	0	4	1048608	31
323	13868	0	4	1024	31
324	13882	0	4	65536	30
325	13887	0	4	1024	31
326	13890	0	4	256	30
327	13898	0	2	0	714227
328	13905	0	4	0	64
329	13915	0	2	0	714227
330	13917	0	4	1048608	31
331	13931	0	4	512	30
332	13933	0	4	0	64
333	13935	0	4	256	30
334	13937	0	2	0	1378
335	13939	0	4	512	30
336	13941	0	4	1048608	31
337	13943	0	2	0	714227
338	13945	0	4	512	30
339	13947	0	4	1024	31
340	13948	0	4	1024	31
341	13953	0	2	0	173555
342	13960	0	2	0	41105
343	13961	0	2	0	41105
344	13962	0	2	0	41105
345	13963	0	2	0	41105
346	13964	0	2	0	41105
347	14048	0	2	0	1
348	14051	0	2	0	32768
349	14121	0	2	0	128
350	14124	0	2	0	32
351	14443	0	2	0	262156
352	14516	0	2	0	173555
355	14524	0	2	0	524288
356	14525	0	2	0	524288
357	14526	0	2	0	524288
358	14527	0	2	0	524288
359	14528	0	2	0	524288
360	14817	0	2	0	2
363	14874	0	2	0	173555
364	14895	0	2	0	173555
366	14903	0	2	0	173555
367	15062	0	4	0	64
368	15284	0	2	0	173555
369	15340	0	4	130	31
370	15389	0	4	130	31
371	15391	0	4	130	31
372	15394	0	4	130	31
373	15397	0	4	130	31
374	15400	0	4	130	31
375	15402	0	4	130	31
376	15404	0	4	130	31
377	15406	0	4	130	31
378	15427	0	4	128	30
379	15429	0	4	128	30
380	15439	0	4	128	30
381	15441	0	4	128	30
382	15444	0	4	128	30
383	15446	0	4	128	30
384	15449	0	4	128	30
385	15458	0	4	128	30
386	15463	0	4	128	30
387	15490	0	4	128	30
388	15496	0	2	0	173555
390	15547	0	2	0	262156
392	15580	0	2	0	173555
394	15583	0	2	0	173555
395	15590	0	2	0	8192
396	15607	0	2	0	65536
397	15619	0	2	0	65536
398	15620	0	2	0	262156
399	15655	0	4	0	96
401	15691	0	2	0	173555
402	15692	0	2	0	173555
403	15694	0	2	0	16
404	15708	0	2	0	173555
405	15717	0	2	0	32768
406	15758	0	2	0	1
407	15759	0	2	0	1
408	15760	0	2	0	16
409	15761	0	2	0	16
410	15762	0	2	0	16
411	15763	0	2	0	128
412	15764	0	2	0	128
413	15765	0	2	0	128
414	15766	0	2	0	2
415	15767	0	2	0	2
416	15768	0	2	0	2
417	15769	0	2	0	256
418	15770	0	2	0	256
419	15771	0	2	0	256
420	15772	0	2	0	256
421	15773	0	2	0	32
422	15774	0	2	0	32
423	15775	0	2	0	32
424	15776	0	2	0	32768
425	15777	0	2	0	32768
426	15778	0	2	0	32768
427	15795	0	2	0	65536
428	15860	0	2	0	65536
429	15871	0	2	0	1
430	15873	0	2	0	1
431	15874	0	2	0	1
432	15875	0	2	0	1
433	15877	0	2	0	1
434	15879	0	2	0	1
435	15880	0	2	0	1
436	15881	0	2	0	1
437	15882	0	2	0	1
438	15883	0	2	0	1
439	15884	0	2	0	1
440	15885	0	2	0	1
441	15886	0	2	0	16
442	15887	0	2	0	16
443	15888	0	2	0	16
444	15889	0	2	0	16
445	15890	0	2	0	16
446	15891	0	2	0	16
447	15892	0	2	0	16
448	15894	0	2	0	16
449	15895	0	2	0	16
450	15896	0	2	0	128
451	15897	0	2	0	128
452	15898	0	2	0	128
453	15899	0	2	0	128
454	15900	0	2	0	128
455	15901	0	2	0	128
456	15902	0	2	0	128
457	15903	0	2	0	128
458	15904	0	2	0	128
459	15905	0	2	0	128
460	15907	0	2	0	2
461	15909	0	2	0	2
462	15912	0	2	0	2
463	15913	0	2	0	2
464	15914	0	2	0	2
465	15916	0	2	0	2
466	15917	0	2	0	2
467	15919	0	2	0	2
468	15921	0	2	0	2
469	15922	0	2	0	32
470	15923	0	2	0	32
471	15924	0	2	0	32
472	15925	0	2	0	32
473	15926	0	2	0	32
474	15927	0	2	0	32
475	15928	0	2	0	32
476	15929	0	2	0	32
477	15930	0	2	0	32
478	15931	0	2	0	32
479	15937	0	2	0	256
480	15938	0	2	0	256
481	15939	0	2	0	256
482	15940	0	2	0	256
483	15941	0	2	0	256
484	15942	0	2	0	256
485	15943	0	2	0	256
486	15944	0	2	0	256
487	15945	0	2	0	256
488	15946	0	2	0	256
489	15947	0	2	0	4
490	15948	0	2	0	32768
491	15949	0	2	0	32768
492	15950	0	2	0	32768
493	15951	0	2	0	32768
494	15952	0	2	0	32768
495	15953	0	2	0	32768
496	15954	0	2	0	32768
497	15955	0	2	0	32768
498	16000	0	2	0	65536
499	16001	0	2	0	65536
500	16044	0	2	0	173555
501	16100	0	2	0	262156
502	16138	0	2	0	33219
504	16496	0	2	0	262156
505	16509	0	2	0	173555
506	16511	0	2	0	173555
507	16538	0	2	0	41105
508	16539	0	2	0	41105
509	16540	0	2	0	41105
510	16541	0	2	0	41105
511	16542	0	2	0	41105
512	16572	0	2	0	262156
513	16622	0	2	0	9264
514	16623	0	4	0	96
515	16723	0	2	0	262156
516	16756	0	2	0	262156
517	16767	0	2	0	262156
518	16768	0	2	0	262156
519	16772	0	2	0	262156
520	16775	0	2	0	262156
521	16776	0	2	0	262156
522	16777	0	2	0	262156
523	16778	0	2	0	262156
524	16779	0	2	0	262156
525	16780	0	2	0	262156
526	16856	0	2	0	173555
527	17143	0	2	0	173555
528	17171	0	2	0	262156
529	17174	0	2	0	262156
530	17198	0	2	0	173555
531	17281	0	2	0	173555
532	17284	0	2	0	173555
533	17353	0	2	0	262156
534	17364	0	2	0	173555
535	17369	0	2	0	4
536	17818	0	2	0	4
537	18061	0	2	0	128
538	18248	0	2	0	1048576
539	18545	0	2	0	262156
540	18561	0	2	0	262156
541	18649	0	2	0	262156
542	18651	0	2	0	262156
543	18802	0	2	0	262156
544	18819	0	2	0	173555
545	18848	0	2	0	173555
546	19057	0	4	1050016	30
547	19130	0	2	0	173555
549	19381	0	2	0	173555
550	19382	0	2	0	173555
551	19383	0	2	0	173555
552	19384	0	2	0	173555
553	19385	0	2	0	173555
554	19386	0	2	0	262156
555	19426	0	2	0	327692
556	19427	0	2	0	327692
557	19429	0	2	0	327692
558	19430	0	2	0	327692
559	19431	0	2	0	327692
560	19434	0	2	0	262156
561	19503	0	2	0	262156
562	19507	0	2	0	262156
563	19508	0	2	0	262156
564	19509	0	2	0	262156
565	19730	0	2	0	173555
566	19767	0	2	0	262156
567	19777	0	2	0	173555
568	19781	0	2	0	65536
569	19785	0	2	0	65536
570	19801	0	2	0	262156
571	19881	0	2	0	524288
574	20008	0	4	512	30
575	20009	0	4	512	30
576	20010	0	4	512	30
577	20011	0	4	512	30
578	20012	0	4	1024	31
579	20013	0	4	1024	31
580	20014	0	4	65536	30
581	20015	0	4	65536	30
582	20016	0	4	0	64
583	20017	0	4	0	64
584	20020	0	4	256	30
585	20023	0	4	256	30
586	20024	0	4	256	30
587	20025	0	4	1048608	31
588	20026	0	4	1048608	31
589	20028	0	4	1048608	31
590	20029	0	2	0	714227
591	20030	0	2	0	1378
592	20031	0	2	0	714227
593	20032	0	2	0	714227
594	20033	0	2	0	714227
595	20034	0	2	0	714227
596	20035	0	2	0	1378
597	20036	0	2	0	1378
598	20111	0	2	0	354
599	20112	0	2	0	354
601	20127	0	4	0	64
602	20130	0	4	0	64
603	20135	0	4	0	64
604	20196	0	2	0	41105
605	20197	0	2	0	41105
606	20198	0	2	0	41105
607	20243	0	4	0	64
608	20463	0	2	0	262156
609	20558	0	2	0	65536
610	20574	0	2	0	8195
611	20595	0	2	0	8
612	20597	0	2	0	384
613	20605	0	2	0	173555
614	20607	0	2	0	1024
615	20666	0	2	0	173555
616	20684	0	2	0	173555
617	20688	0	2	0	262156
618	20733	0	2	0	262156
620	20736	0	2	0	262156
621	20864	0	2	0	48
624	21390	0	2	0	262156
625	21931	0	2	0	720371
645	22121	0	2	0	262156
646	22188	0	2	0	262144
647	22411	0	2	0	262156
648	22572	0	2	0	173555
650	22591	0	2	0	173555
651	22593	0	4	8	30
652	22594	0	4	8	30
653	22596	0	4	8	30
654	22597	0	4	8	30
655	22598	0	4	8	30
656	22599	0	4	8	30
657	22725	0	4	1050016	30
658	22749	0	2	0	583155
659	22750	0	2	0	583155
661	22756	0	2	0	41411
662	22779	0	2	0	262156
663	22780	0	2	0	262156
664	22811	0	2	0	262144
665	22840	0	4	130	31
666	22844	0	4	130	31
667	22846	0	4	130	31
668	22859	0	2	0	173555
669	22887	0	2	0	65536
670	22907	0	2	0	262156
671	22908	0	2	0	262156
672	22914	0	2	0	262156
673	23073	0	2	0	262156
678	23337	0	2	0	262156
679	23601	0	2	0	262156
680	23799	0	2	0	583155
681	23800	0	2	0	583155
682	23801	0	4	512	30
683	23802	0	4	512	30
684	23803	0	2	0	583155
685	23804	0	2	0	583155
688	23881	0	2	0	173555
689	23920	0	4	0	64
690	23921	0	4	0	64
694	23967	0	2	0	173555
695	24018	0	2	0	3
696	24049	0	2	0	65536
697	24149	0	4	130	31
698	24160	0	4	130	31
699	24161	0	4	130	31
700	24162	0	4	130	31
701	24163	0	4	130	31
702	24164	0	4	130	31
703	24165	0	4	130	31
704	24167	0	4	130	31
705	24168	0	4	130	31
706	24302	0	2	0	1048576
707	24335	0	2	0	262156
708	24362	0	2	0	8192
710	24407	0	2	0	173555
711	24420	0	4	8	30
712	24421	0	4	8	30
713	24422	0	4	8	30
714	24573	0	2	0	173555
715	24698	0	2	0	173555
718	24921	0	2	0	1024
719	25072	0	4	1024	31
720	25073	0	4	1024	31
721	25074	0	4	1024	31
722	25078	0	4	1024	31
723	25079	0	4	1024	31
724	25080	0	4	1024	31
725	25081	0	4	65536	31
726	25082	0	4	65536	31
727	25083	0	4	65536	31
728	25084	0	4	65536	31
729	25086	0	4	65536	31
730	25117	0	2	6430720	0
731	25118	0	2	6430720	0
732	25119	0	2	6430720	0
733	25120	0	2	6430720	0
734	25121	0	2	6430720	0
735	25122	0	2	6430720	0
736	25123	0	2	6430720	0
738	25504	0	2	2236416	1090611
739	25710	0	2	0	173555
740	25712	0	2	0	173555
743	26282	0	2	0	262156
744	26290	0	2	0	4
745	26350	0	2	0	173555
746	26613	0	2	0	173555
749	26785	0	2	0	239091
771	27338	0	2	0	1024
772	27576	0	2	0	32768
773	27580	0	2	0	173555
774	27584	0	2	0	173555
775	27611	0	2	0	173555
776	27615	0	2	0	173555
777	27632	0	2	0	262156
778	27633	0	2	0	173555
779	27634	0	2	0	262156
780	27743	0	2	0	8
781	27744	0	2	0	262144
782	27762	0	4	0	2176
783	27763	0	4	0	2560
784	27764	0	4	0	2304
785	27825	0	2	0	173555
786	27837	0	2	0	1378
787	27899	0	4	512	30
788	27905	0	4	512	30
789	27906	0	4	512	30
790	27911	0	4	512	30
791	27913	0	4	512	30
792	27914	0	4	512	30
793	27917	0	4	512	30
794	27920	0	4	2048	0
795	27924	0	4	2048	0
796	27926	0	4	2048	0
797	27927	0	4	2048	0
798	27944	0	4	0	64
799	27945	0	4	0	64
800	27946	0	4	0	64
801	27947	0	4	0	64
802	27948	0	4	256	30
803	27950	0	4	256	30
804	27951	0	4	256	30
805	27954	0	4	256	30
806	27957	0	4	1048608	31
807	27958	0	4	1048608	31
808	27960	0	4	1048608	31
809	27961	0	4	65536	30
810	27962	0	4	65536	30
811	27964	0	2	0	189939
812	27967	0	2	0	714227
813	27968	0	2	0	583155
814	27971	0	2	0	132450
815	27972	0	2	0	714227
816	27975	0	2	0	697843
817	27977	0	2	0	132450
818	27981	0	2	0	714227
819	27982	0	2	0	714227
820	27984	0	2	0	714227
822	28003	0	2	0	714227
823	28004	0	2	0	714227
824	28013	0	2	6430720	0
825	28017	0	2	6430720	0
826	28161	0	4	130	31
827	28163	0	4	130	31
828	28165	0	4	130	31
829	28891	0	2	0	1097203
830	28898	0	2	6430720	0
831	29120	0	2	0	262156
832	29121	0	2	0	262156
833	29122	0	2	0	262156
834	29176	0	2	0	4
835	29390	0	4	0	64
836	29425	0	2	0	173555
837	29426	0	2	0	173555
838	29452	0	2	0	33219
839	29453	0	2	0	33219
840	29454	0	4	0	96
841	29467	0	4	8	30
842	29475	0	4	8	30
843	29480	0	4	8	30
844	29483	0	4	8	30
847	29507	0	4	0	64
848	29567	0	2	0	173555
849	29572	0	2	0	173555
850	29575	0	2	0	262156
851	29576	0	2	0	262156
852	29578	0	2	0	41459
853	29582	0	2	0	65536
854	29583	0	2	0	65536
855	29590	0	2	0	173555
856	29591	0	2	0	173555
858	29665	0	2	0	173555
859	29667	0	2	0	173555
860	29674	0	4	0	64
861	29684	0	4	0	64
862	29702	0	4	0	64
863	29719	0	4	0	64
864	29720	0	4	0	64
865	29832	0	2	0	173555
866	30014	0	2	0	173555
870	30221	0	2	0	262156
872	30250	0	2	0	262156
873	30252	0	2	0	262156
875	30257	0	2	0	262156
877	30260	0	2	0	262156
878	30474	0	2	0	173555
879	30477	0	2	0	262156
880	30493	0	2	0	4
881	30495	0	2	0	173555
882	30614	0	2	0	262156
883	30619	0	2	0	173555
884	30621	0	2	0	173555
885	30688	0	4	0	96
886	30815	0	2	0	173555
887	30817	0	2	0	173555
888	30822	0	2	0	173555
889	30832	0	2	0	173555
890	30933	0	2	0	262156
891	30990	0	2	0	262156
892	31124	0	2	0	173555
893	31126	0	2	0	173555
895	31275	0	2	0	196083
897	31369	0	4	128	31
898	31370	0	4	128	31
899	31371	0	4	128	31
900	31372	0	4	128	31
901	31410	0	2	0	173555
902	31566	0	2	0	173555
903	31623	0	2	0	262156
904	31629	0	2	0	173555
905	31731	0	4	0	64
906	31754	0	2	0	173555
907	31758	0	2	0	65536
908	31772	0	2	0	65536
909	31827	0	2	0	173555
910	31863	0	4	0	64
911	31911	0	2	0	173555
912	31935	0	4	0	64
913	31942	0	2	0	262156
914	31975	0	2	0	262156
915	31996	0	2	0	173555
916	32103	0	2	0	262156
917	32168	0	2	0	262156
918	32175	0	2	0	173555
919	32176	0	2	0	173555
920	32190	0	2	0	262156
922	32274	0	4	1048608	0
926	32282	0	4	1048608	0
927	32315	0	2	0	173555
928	32317	0	2	0	2097151
929	32319	0	2	0	32768
930	32320	0	2	0	32768
931	32321	0	2	0	32768
932	32376	0	2	0	173555
933	32378	0	2	0	173555
934	32397	0	4	1050016	30
935	32398	0	4	1050016	30
936	32399	0	4	1050016	30
937	32426	0	4	256	30
938	32587	0	4	0	96
939	32588	0	2	0	173555
940	32645	0	2	0	41105
941	32716	0	2	0	65536
942	32736	0	2	0	173555
943	32774	0	4	0	64
944	32777	0	4	0	64
945	32849	0	2	0	173555
946	32864	0	2	0	173555
947	32894	0	2	0	32768
948	32908	0	2	0	173555
949	32915	0	2	0	173555
950	32916	0	2	0	173555
951	32946	0	2	0	128
952	32954	0	2	0	128
953	33083	0	2	0	1
954	33089	0	4	0	64
955	33095	0	2	0	1048576
956	33109	0	2	0	8192
957	33386	0	2	0	32768
959	33480	0	2	0	173555
960	33498	0	2	0	32768
961	33500	0	2	0	196083
962	33542	0	2	0	173555
963	33626	0	2	0	173555
964	33750	0	2	4202496	40977
965	33792	0	2	0	262156
966	33796	0	2	0	262156
967	33808	0	2	0	8
968	33865	0	2	0	173555
969	33871	0	4	0	64
970	33925	0	2	0	173555
971	33964	0	2	0	173555
972	33990	0	4	1048608	31
973	33991	0	4	1048608	31
974	33992	0	4	1048608	31
975	33993	0	4	1024	31
976	33994	0	4	1024	31
977	33995	0	4	1024	31
978	33996	0	4	1024	31
979	33997	0	4	1024	31
980	33999	0	4	1024	31
981	34001	0	4	512	30
982	34002	0	4	512	30
983	34003	0	4	65536	30
984	34004	0	4	65536	30
985	34005	0	4	65536	30
986	34006	0	4	65536	30
987	34007	0	4	256	30
988	34008	0	4	256	30
989	34009	0	4	0	64
990	34010	0	2	0	714227
991	34100	0	2	0	262156
992	34339	0	2	0	9264
993	34340	0	2	0	9264
994	34451	0	2	0	65536
995	34490	0	2	0	262156
997	34583	0	2	0	262156
998	34641	0	2	0	65536
999	34799	0	2	0	173555
1000	34820	0	2	0	173555
1001	34829	0	2	0	262156
1002	34879	0	2	0	262156
1003	34920	0	2	0	173555
1004	34940	0	2	0	173555
1005	35040	0	2	0	65536
1006	35054	0	2	0	173555
1007	35144	0	2	0	173555
1008	35178	0	4	0	64
1009	35189	0	2	0	173555
1010	35262	0	2	0	65536
1011	35355	0	4	8	31
1012	35395	0	2	0	173555
1013	35401	0	2	0	262156
1014	35402	0	4	8	31
1015	35403	0	4	8	31
1016	35404	0	4	8	31
1017	35405	0	4	8	31
1018	35406	0	4	8	31
1019	35407	0	4	8	31
1020	35415	0	4	1050016	30
1021	35416	0	4	1050016	30
1022	35417	0	4	8	31
1023	35418	0	4	1050016	30
1024	35419	0	4	1050016	30
1025	35420	0	4	1050016	30
1026	35432	0	4	8	31
1027	35433	0	4	8	31
1028	35434	0	4	8	31
1029	35435	0	4	8	31
1030	35436	0	4	8	31
1031	35437	0	4	8	31
1032	35438	0	4	8	31
1033	35439	0	4	8	31
1034	35441	0	4	8	30
1035	35443	0	4	2	31
1036	35445	0	4	2	31
1037	35447	0	4	2	31
1038	35452	0	4	2	31
1039	35453	0	4	2	31
1040	35454	0	4	2	31
1041	35455	0	4	2	31
1042	35456	0	4	2	31
1043	35457	0	4	2	31
1044	35458	0	4	2	31
1045	35459	0	2	0	262144
1047	35473	0	2	0	173555
1048	35488	0	4	128	31
1049	35489	0	4	128	31
1050	35490	0	4	128	31
1051	35495	0	4	128	31
1052	35511	0	2	0	262156
1089	35857	0	2	0	173555
1090	35871	0	2	0	173555
1092	35932	0	2	0	262156
1093	35946	0	2	0	262156
1094	35949	0	2	0	173555
1095	35950	0	2	0	262156
1096	35953	0	2	0	173555
1097	35964	0	2	0	262156
1098	36009	0	2	0	128
1099	36011	0	2	0	8192
1100	36012	0	2	0	16
1101	36013	0	2	0	32768
1102	36023	0	2	0	173555
1103	36054	0	2	0	173555
1104	36246	0	2	0	262156
1111	36293	0	2	0	262156
1112	36319	0	2	0	128
1113	36323	0	2	0	8
1114	36426	0	2	0	2
1115	36490	0	2	0	256
1117	36494	0	2	0	173555
1118	36503	0	4	0	64
1119	36591	0	2	0	173555
1120	36609	0	2	0	262156
1121	36623	0	2	0	262156
1122	36625	0	2	0	262156
1123	36647	0	2	0	173555
1125	36732	0	2	0	262156
1126	36787	0	2	0	173555
1128	36838	0	2	0	173555
1130	36980	0	2	0	12
1131	36984	0	2	0	262156
1132	36988	0	4	0	64
1133	36991	0	2	0	173555
1134	37154	0	2	0	262156
1135	37321	0	2	0	173555
1137	37551	0	2	0	262156
1138	37552	0	2	0	173555
1139	37559	0	2	0	4
1140	37560	0	2	0	8
1141	37561	0	2	0	262144
1142	37577	0	2	0	173555
1143	37581	0	2	0	173555
1144	37770	0	2	0	262156
1145	37790	0	2	0	262156
1146	37847	0	2	0	262156
1147	37876	0	2	0	32768
1148	37889	0	4	2	31
1149	37891	0	4	2	31
1150	37973	0	2	0	173555
1151	37974	0	2	0	173555
1152	37998	0	2	0	173555
1154	38031	0	4	0	96
1155	38094	0	2	0	262156
1156	38226	0	2	0	173555
1157	38233	0	4	0	64
1158	38260	0	2	0	173555
1159	38262	0	2	0	173555
1160	38295	0	2	0	262156
1161	38310	0	2	0	262156
1162	38370	0	2	0	262156
1163	38372	0	2	0	262156
1164	38383	0	2	0	262156
1165	38474	0	2	0	173555
1166	38572	0	2	0	173555
1167	38598	0	2	0	173555
1168	38615	0	2	0	173555
1169	38723	0	2	0	262156
1170	38742	0	2	0	173555
1171	38807	0	2	0	262156
1172	38846	0	2	0	173555
1174	38859	0	2	0	262156
1175	38861	0	2	0	262156
1176	38863	0	2	0	173555
1177	38875	0	2	0	173555
1178	38894	0	2	0	173555
1179	38904	0	2	0	65536
1180	38914	0	2	0	262156
1181	38940	0	2	0	262156
1182	38942	0	2	0	262156
1183	38943	0	2	0	262156
1184	38952	0	2	0	262156
1185	39008	0	2	0	32768
1186	39047	0	2	0	173555
1187	39060	0	2	0	65536
1188	39061	0	2	0	65536
1189	39070	0	2	0	173555
1190	39079	0	2	0	262156
1191	39129	0	2	0	65536
1192	39135	0	2	0	173555
1194	39174	0	2	0	173555
1195	39182	0	2	0	262156
1196	39332	0	2	0	173555
1207	39595	0	2	0	173555
1208	39779	0	2	0	128
1209	39780	0	2	0	16
1210	39781	0	2	0	1
1211	39846	0	2	0	8192
1212	39847	0	2	0	32768
1214	40124	0	2	0	262156
1215	40137	0	2	0	128
1216	40138	0	2	0	8192
1217	40139	0	2	0	16
1218	40149	0	2	0	32768
1219	40317	0	2	0	65536
1220	40392	0	2	0	173555
1221	40413	0	2	0	65536
1222	40423	0	2	0	173555
1223	40444	0	4	0	64
1225	40872	0	2	0	262156
1226	40873	0	2	0	262156
1227	41063	0	2	0	173555
1228	41093	0	2	0	262156
1229	41104	0	4	0	64
1230	41169	0	2	0	262156
1231	41177	0	2	0	173555
1232	41178	0	2	0	173555
1233	41180	0	4	0	64
1234	41182	0	2	0	173555
1235	41186	0	2	0	262156
1236	41187	0	2	0	262156
1237	41188	0	2	0	262156
1238	41196	0	4	0	64
1239	41197	0	4	0	64
1240	41440	0	2	0	262156
1241	41448	0	2	0	262156
1243	42064	0	2	0	32768
1244	42065	0	2	0	128
1245	42066	0	2	0	16
1246	42067	0	2	0	8192
1247	42068	0	2	0	32768
1248	42081	0	2	0	32768
1249	42088	0	2	0	8192
1250	42101	0	2	0	128
1251	42102	0	2	0	16
1252	42103	0	2	0	1
1253	42131	0	2	0	262156
1254	42158	0	2	0	16
1255	42476	0	2	0	262156
1256	42495	0	2	0	173555
1257	42579	0	2	0	262156
1258	42580	0	2	0	262156
1259	42587	0	2	0	173555
1260	42611	0	2	0	262156
1261	42620	0	2	0	714227
1262	42687	0	2	0	173555
1263	42723	0	2	0	3
1264	42724	0	2	0	173555
1265	42730	0	2	0	2
1266	42974	0	2	0	714227
1269	43118	0	2	0	173555
1270	43205	0	2	0	262156
1271	43246	0	2	0	173555
1272	43298	0	2	0	173555
1273	43410	0	2	0	173555
1274	43441	0	2	0	173555
1275	43529	0	2	0	173555
1276	43699	0	2	0	1048576
1278	44005	0	2	0	262156
1279	44119	0	4	512	30
1281	44268	0	2	0	173555
1282	44271	0	2	0	262156
1283	44285	0	2	0	262156
1284	44286	0	2	0	173555
1285	44383	0	4	0	64
1286	44483	0	4	65536	30
1287	44484	0	4	1024	30
1288	44488	0	4	1024	31
1289	44489	0	4	0	64
1290	44492	0	4	1048608	30
1291	44494	0	4	65536	30
1292	44500	0	4	65536	30
1293	44506	0	4	1024	30
1294	44508	0	4	256	30
1295	44509	0	4	1048608	30
1296	44510	0	2	0	701939
1297	44513	0	4	1024	30
1298	44524	0	2	0	701939
1299	44528	0	4	256	30
1300	44529	0	4	1024	30
1301	44533	0	2	0	173555
1302	44534	0	2	0	173555
1303	44555	0	4	512	30
1304	44556	0	4	65536	30
1305	44575	0	4	512	30
1306	44576	0	2	0	697843
1307	44582	0	4	65536	30
1308	44584	0	4	256	30
1309	44588	0	4	1048608	30
1310	44589	0	4	256	30
1311	44590	0	4	65536	30
1312	44591	0	4	65536	30
1313	44592	0	4	1024	30
1314	44593	0	4	512	30
1315	44595	0	2	0	132450
1316	44596	0	4	65536	30
1317	44598	0	4	512	30
1318	44612	0	4	1024	30
1319	44616	0	4	512	30
1320	44621	0	2	0	697843
1321	44623	0	4	1048608	30
1322	44625	0	4	1024	31
1323	44629	0	2	0	701939
1324	44630	0	2	0	132450
1325	44631	0	4	65536	30
1326	44633	0	2	0	701939
1327	44635	0	4	512	30
1328	44636	0	4	2048	0
1329	44639	0	2	0	262156
1330	44645	0	4	2048	0
1331	44769	0	4	1024	30
1332	44949	0	2	0	41395
1333	44961	0	2	0	262156
1334	44968	0	4	1050026	30
1335	44972	0	2	0	262148
1337	45101	0	2	0	262156
1338	45172	0	2	0	262156
1339	45219	0	2	0	262156
1340	45229	0	2	0	262156
1342	45395	0	2	6430720	0
1343	45397	0	2	6430720	0
1344	45425	0	2	0	262156
1345	45462	0	2	0	173555
1346	45578	0	2	0	262156
1347	45697	0	2	0	1048576
1348	45731	0	2	0	1048576
1349	45761	0	2	0	262156
1350	45902	0	2	0	173555
1352	46189	0	2	0	173555
1353	46460	0	2	0	262156
1354	46557	0	2	0	262156
1355	46558	0	2	0	173555
1356	46559	0	2	0	173555
1357	46578	0	2	0	714227
1358	46594	0	4	1048608	31
1359	46681	0	2	0	262156
1360	46762	0	4	0	64
1361	46917	0	2	6291456	41395
1362	46924	0	2	0	173555
1363	46982	0	2	0	8
1364	47001	0	2	0	262156
1365	47051	0	4	65536	31
1366	47059	0	2	0	262156
1367	47103	0	15	0	32
1369	47672	0	4	65536	30
1370	47715	0	4	512	30
1371	47766	0	4	1048608	31
1372	47780	0	2	0	173555
1373	47898	0	4	65536	30
1374	47899	0	4	65536	30
1375	47900	0	4	1048608	30
1376	47901	0	4	256	30
1377	47904	0	2	6430720	0
1378	47906	0	2	6430720	0
1380	48098	0	2	0	262156
1381	48115	0	2	0	262156
1382	48117	0	2	0	262156
1383	48245	0	2	0	173555
1384	48250	0	2	0	173555
1385	48288	0	2	0	173555
1386	48374	0	2	0	173555
1387	48376	0	2	0	48
1388	48401	0	15	0	32
1389	48424	0	2	0	262156
1390	48555	0	15	0	32
1391	48556	0	15	0	32
1392	48557	0	15	0	32
1393	48623	0	2	0	262156
1394	48639	0	2	0	173555
1395	48640	0	2	0	173555
1397	48815	0	2	0	262156
1398	48854	0	2	0	262156
1399	48871	0	2	0	262156
1400	48872	0	2	0	262156
1401	48880	0	2	0	173555
1402	49020	0	2	0	173555
1403	49028	0	2	0	173555
1404	49090	0	2	0	65536
1405	49091	0	2	0	65536
1406	49143	0	2	0	173555
1407	49197	0	2	0	262156
1408	49219	0	2	0	173555
1409	49226	0	2	0	41105
1410	49616	0	2	0	173555
1411	49627	0	2	0	173555
1412	49628	0	2	0	173555
1413	49644	0	2	0	173555
1415	49712	0	2	0	262156
1416	49863	0	4	0	96
1417	49998	0	2	0	173555
1418	50092	0	2	0	262156
1419	50137	0	2	0	41105
1420	50138	0	2	0	41105
1421	50465	0	2	0	41105
1422	50483	0	4	4194304	64
1423	50512	0	2	0	262156
1424	50573	0	2	0	173555
1425	50622	0	2	0	173555
1426	50731	0	2	0	173555
1427	50733	0	2	0	262156
1428	50782	0	2	0	173555
1429	50783	0	2	0	173555
1431	50901	0	4	128	31
1432	50902	0	4	128	31
1433	50903	0	4	128	31
1434	50904	0	4	128	31
1435	50906	0	4	1050026	30
1436	50909	0	4	1050026	30
1437	50911	0	4	128	31
1438	50913	0	4	128	31
1439	50978	0	2	0	173555
1440	51294	0	2	0	1048576
1443	51528	0	2	0	61243
1444	51529	0	2	0	64563
1445	51530	0	2	0	173555
1446	51531	0	2	0	64563
1447	51532	0	2	0	64563
1448	51690	0	2	0	173555
1450	51730	0	2	0	173555
1451	51736	0	2	0	262156
1452	51742	0	2	0	262156
1453	51786	0	2	0	173555
1454	51789	0	2	0	173555
1455	51907	0	2	0	262156
1456	52026	0	2	0	173555
1459	52221	0	2	0	173555
1460	52238	0	2	0	173555
1461	52270	0	2	0	262156
1462	52317	0	4	0	64
1463	52373	0	2	0	173555
1464	52374	0	2	0	173555
1465	52566	0	2	0	262156
1466	52604	0	2	0	262156
1467	52633	0	2	0	173555
1468	52634	0	4	0	64
1469	52639	0	4	65536	0
1470	52654	0	2	0	173555
1471	52661	0	2	0	173555
1472	52665	0	4	0	3072
1473	52718	0	2	0	262156
1474	52719	0	2	0	173555
1475	52743	0	2	0	173555
1476	52754	0	2	0	262156
1477	52755	0	2	0	262156
1478	52758	0	2	0	262156
1479	52764	0	2	0	262156
1480	52773	0	2	0	48
1481	52807	0	4	0	64
1482	52813	0	2	0	262156
1483	52818	0	2	0	262156
1484	52835	0	2	0	173555
1485	52873	0	2	0	173555
1486	52889	0	2	0	262156
1487	52890	0	2	0	173555
1488	53093	0	2	0	262156
1489	53193	0	2	0	262156
1490	53209	0	2	0	262156
1491	53214	0	2	0	262156
1492	53301	0	2	0	262156
1493	53323	0	2	0	1378
1494	53327	0	2	0	262156
1495	53331	0	2	0	189939
1496	53332	0	2	0	262156
1497	53341	0	2	0	189939
1498	53342	0	2	0	1378
1499	53343	0	2	0	189939
1500	53344	0	2	0	189939
1501	53345	0	2	0	262156
1502	53348	0	2	0	262156
1503	53351	0	2	0	262156
1504	53358	0	2	0	262156
1505	53366	0	2	0	262156
1506	53385	0	2	0	173555
1507	53395	0	2	0	173555
1508	53595	0	2	0	173555
1509	53600	0	4	0	64
1510	53605	0	2	0	173555
1511	53631	0	2	0	173555
1512	53639	0	2	0	173555
1513	54188	0	2	0	173555
1514	54350	0	2	0	0
1515	54380	0	2	0	262156
1516	54446	0	2	0	32913
1517	54447	0	2	0	32913
1518	54615	0	2	0	262156
1519	54670	0	2	0	173555
1520	54736	0	4	64	30
1521	54793	0	4	64	30
1522	54998	0	4	1024	30
1523	54999	0	4	1024	30
1524	55002	0	4	65536	30
1525	55016	0	4	64	30
1526	55050	0	2	0	173555
1527	55076	0	2	0	262156
1528	55090	0	2	0	173555
1529	55107	0	2	0	354
1530	55108	0	2	0	354
1531	55135	0	2	0	262156
1533	55171	0	2	6430720	0
1534	55470	0	2	0	173555
1536	55624	0	2	0	262156
1537	55625	0	2	0	262156
1539	55630	0	4	128	31
1540	55631	0	4	128	31
1541	55632	0	4	128	31
1542	55634	0	4	128	31
1548	55836	0	2	0	173555
1549	55968	0	2	0	173555
1550	55978	0	2	0	173555
1553	56095	0	2	32768	262148
1554	56308	0	2	0	33219
1555	56353	0	4	0	96
1556	56641	0	2	0	262156
1557	56815	0	2	0	173555
1558	56855	0	2	0	173555
1559	57589	0	2	0	262156
1560	57643	0	0	0	0
1561	57683	0	4	512	30
1562	57690	0	4	512	30
1563	57691	0	4	512	30
1564	57692	0	4	512	30
1565	57694	0	4	512	30
1566	57696	0	4	512	30
1567	57699	0	4	512	30
1568	57701	0	4	512	30
1569	57755	0	2	0	173555
1570	57759	0	2	0	173555
1571	57841	0	2	0	173555
1572	57842	0	2	0	173555
1573	57846	0	2	0	173555
1574	58126	0	4	8	31
1575	58128	0	4	8	31
1576	58129	0	4	8	31
1577	58459	0	2	0	173555
1578	58460	0	2	0	173555
1580	58504	0	2	0	173555
1581	58508	0	2	0	173555
1582	58517	0	2	0	173555
1583	58813	0	4	0	64
1584	58872	0	4	0	64
1585	58874	0	4	0	64
1586	58973	0	2	0	262156
1587	59001	0	2	0	262156
1588	59035	0	2	0	173555
1589	59130	0	2	0	173555
1590	59133	0	2	0	173555
1591	59142	0	4	0	96
1592	59146	0	2	0	262156
1593	59147	0	2	0	262156
1594	59148	0	2	0	262156
1595	59224	0	2	0	48
1596	59239	0	2	0	173555
1597	59241	0	2	0	262156
1598	59243	0	2	0	262156
1599	59244	0	2	0	262156
1600	59249	0	2	0	65536
1601	59256	0	2	0	173555
1602	59262	0	2	0	173555
1604	59515	0	2	0	262156
1605	59604	0	2	0	173555
1606	59607	0	2	0	173555
1608	59619	0	2	0	701939
1609	59621	0	2	0	697843
1610	59625	0	2	0	697843
1611	59636	0	4	2048	0
1612	59653	0	4	0	64
1613	59709	0	2	0	3
1614	59710	0	2	0	262156
1615	59713	0	2	0	262156
1616	59735	0	2	0	2
1617	59771	0	4	8	31
1618	59773	0	4	8	31
1619	59777	0	4	2	31
1620	59778	0	4	2	31
1621	59784	0	4	2	31
1622	59927	0	4	8	31
1623	59928	0	4	8	31
1624	59929	0	4	8	31
1625	59932	0	4	8	31
1626	59934	0	4	8	31
1627	59936	0	4	8	31
1628	59937	0	4	8	31
1629	59941	0	4	8	31
1630	59944	0	4	2	31
1631	59945	0	4	2	31
1632	59946	0	4	2	31
1633	59947	0	4	2	31
1634	59948	0	4	2	31
1635	59954	0	4	2	31
1636	59955	0	4	2	31
1637	59960	0	4	2	31
1638	59970	0	4	2	31
1639	59992	0	2	0	173555
1640	59993	0	2	0	262156
1641	60030	0	2	0	173555
1642	60103	0	2	4194304	173555
1643	60581	0	4	128	31
1644	60582	0	4	128	31
1645	60583	0	4	128	30
1646	60584	0	4	128	30
1647	60590	0	2	0	173555
1648	60606	0	4	256	30
1649	60609	0	4	65536	30
1650	60616	0	4	512	30
1651	60617	0	2	0	0
1652	60621	0	2	0	714227
1653	60623	0	4	256	30
1654	60653	0	4	0	64
1655	60663	0	4	65536	30
1656	60668	0	4	1024	30
1657	60691	0	2	0	136546
1658	60692	0	4	1048608	30
1659	60707	0	2	0	714227
1660	60714	0	2	0	701939
1661	60763	0	4	256	30
1662	60767	0	4	512	30
1664	60890	0	2	0	262156
1665	60926	0	2	0	262156
1666	60945	0	2	0	173555
1667	60951	0	2	0	173555
1668	60954	0	2	0	262156
1669	61042	0	2	0	173555
1670	61117	0	4	8	31
1671	61118	0	4	8	31
1672	61119	0	4	8	31
1673	61120	0	4	8	31
1674	61271	0	4	2	31
1675	61353	0	2	0	262156
1676	61355	0	2	0	262156
1677	61468	0	2	0	262156
1678	61512	0	2	0	262156
1679	61515	0	2	0	262156
1681	61647	0	2	0	262156
1682	62036	0	2	0	173555
1683	62130	0	2	0	173555
1684	62158	0	2	0	1378
1685	62201	0	4	0	64
1686	62256	0	4	512	30
1687	62257	0	2	0	714227
1688	62318	0	2	0	262156
1689	62322	0	2	0	173555
1690	62332	0	4	0	64
1692	62384	0	4	8	31
1693	62420	0	4	0	64
1694	62444	0	2	0	173555
1695	62447	0	4	128	31
1696	62948	0	2	0	1024
1697	62959	0	2	0	1024
1700	63672	0	2	0	262156
1701	63746	0	4	256	30
1702	63753	0	2	0	173555
1703	63765	0	4	65536	30
1704	63770	0	4	1024	30
1705	63784	0	2	0	173555
1706	63785	0	2	0	173555
1707	64102	0	2	0	262156
1708	64380	0	2	0	173555
1709	64382	0	2	0	173555
1710	64401	0	2	0	1048576
1711	64441	0	2	0	714227
1712	64579	0	2	0	714227
1713	64855	0	2	0	173555
1714	64856	0	2	0	173555
1715	64858	0	2	0	173555
1716	64859	0	2	0	173555
1717	64978	0	2	0	173555
1718	65661	0	2	0	41105
1719	65866	0	2	0	262156
1720	65867	0	2	0	262156
1721	65868	0	2	0	262156
1722	65871	0	2	0	173555
1723	65877	0	2	0	262156
1724	65883	0	2	0	262156
1725	65924	0	2	0	173555
1726	65926	0	2	0	173555
1728	65940	0	2	0	173555
1729	65941	0	2	0	173555
1730	65946	0	2	0	173555
1731	65947	0	2	0	173555
1732	65954	0	2	0	173555
1733	65955	0	2	0	173555
1734	65957	0	2	0	173555
1735	65970	0	2	0	173555
1736	65971	0	2	0	173555
1737	65972	0	2	0	173555
1738	65974	0	2	4194304	173555
1739	66003	0	2	0	173555
1740	66006	0	2	0	173555
1741	66047	0	2	0	173555
1742	66079	0	2	0	262156
1743	66081	0	2	0	262156
1744	66188	0	2	0	173555
1745	66191	0	2	0	41105
1746	66192	0	2	0	41105
1747	66196	0	2	0	173555
1748	66198	0	2	0	173555
1749	66207	0	2	0	173555
1750	66215	0	2	0	173555
1751	66216	0	2	0	173555
1752	66217	0	2	0	173555
1753	66331	0	2	0	64
1754	67237	0	2	0	173555
1756	67541	0	2	0	173555
1757	67542	0	2	0	173555
1758	67706	0	2	0	173555
1759	67709	0	2	0	173555
1760	67711	0	2	0	173555
1761	67716	0	2	0	173555
1762	67724	0	2	0	384
1763	67725	0	2	0	384
1764	67839	0	4	64	30
1789	68793	0	2	0	173555
1790	68959	0	2	0	64
1791	68960	0	2	0	64
1795	69579	0	2	0	173555
1796	69580	0	4	0	96
1797	69651	0	2	0	173555
1798	69652	0	2	0	173555
1799	69653	0	2	0	173555
1800	69710	0	2	0	262156
1801	70074	0	2	0	262156
1802	70164	0	2	0	32913
1803	70188	0	2	0	173555
1804	70194	0	2	0	4
1805	70278	0	2	0	173555
1807	70292	0	2	0	173555
1808	70309	0	2	0	173555
1809	70513	0	2	32768	4
1810	70670	0	2	0	173555
1811	71021	0	2	0	173555
1812	71253	0	2	0	262156
1813	71257	0	2	2097152	106995
1814	71316	0	2	0	173555
1816	71488	0	2	0	173555
1817	71489	0	2	0	173555
1818	71549	0	2	0	173555
1819	71552	0	2	0	173555
1820	71554	0	2	0	173555
1821	71692	0	4	1024	31
1822	71879	0	2	0	173555
1823	71927	0	2	0	262156
1825	72194	0	4	0	64
1827	72198	0	2	0	173555
1828	72208	0	2	0	262156
1830	72222	0	2	0	262156
1832	72268	0	2	0	262156
1834	72335	0	2	0	173555
1835	72360	0	2	0	173555
1836	72422	0	2	0	173555
1845	73899	0	2	0	173555
1846	73975	0	2	0	173555
1847	74414	0	2	0	262156
1848	74417	0	2	0	262156
1849	74762	0	2	0	262156
1851	77767	0	2	0	262156
1852	79187	0	2	0	262156
1853	79270	0	4	0	64
1854	81099	0	2	6299648	41105
1855	81100	0	2	0	173555
1856	81101	0	2	0	41105
1857	81330	0	2	0	354
1858	81332	0	2	0	354
1859	81333	0	2	0	354
1861	8017	0	2	0	173555
1862	6466	0	2	0	65536
1867	9080	0	2	0	173555
1868	11397	0	2	0	262156
1869	11971	0	2	0	173555
1870	11972	0	4	0	64
1871	12540	0	2	0	173555
1879	13737	0	2	0	173555
1884	14517	0	2	0	173555
1885	14518	0	2	0	173555
1886	14873	0	2	0	173555
1887	15502	0	2	0	173555
1888	15572	0	2	0	173555
1889	15581	0	2	0	173555
1890	15667	0	2	0	173555
1891	16145	0	2	0	173555
1901	20735	0	2	0	262156
1903	22574	0	2	0	173555
1921	27991	0	2	0	173555
1925	36951	0	2	0	262156
1926	37360	0	2	0	173555
1927	38858	0	2	0	262156
1940	55628	0	4	512	30
1941	55641	0	4	1024	30
1942	55642	0	4	65536	30
1943	55655	0	4	64	31
1944	55769	0	4	65536	30
1945	55777	0	4	65536	30
1946	56034	0	4	128	31
1947	56039	0	4	128	31
1948	58461	0	2	0	173555
1949	59409	0	2	0	173555
1950	59608	0	2	0	173555
1959	62319	0	2	0	262156
1960	62690	0	2	0	262156
1962	62818	0	2	0	262156
1963	63282	0	2	0	262156
1964	63383	0	2	0	262156
1965	63509	0	2	0	262156
1966	64325	0	2	0	262156
1967	64326	0	2	0	262156
1970	64680	0	2	0	262156
1971	65556	0	2	0	262156
1972	65936	0	2	0	173555
1973	66062	0	2	0	262156
1974	66117	0	2	0	262156
1977	67301	0	2	0	262156
1978	67593	0	2	0	262156
1979	67595	0	2	0	262156
1981	68658	0	2	32768	262156
1982	68664	0	2	32768	262156
1983	69362	0	2	0	262156
1984	69373	0	2	0	262156
1985	69374	0	2	0	262156
1986	69439	0	2	0	262156
1987	69509	0	2	0	262156
1989	69514	0	2	0	262156
1990	69591	0	2	0	262156
1991	70014	0	2	0	262156
1992	70092	0	2	0	262156
1993	70095	0	2	0	262156
1994	70166	0	4	0	64
1995	70316	0	2	0	173555
1996	70783	0	2	0	262156
1997	70796	0	2	0	262156
1999	71509	0	2	0	262156
2000	72114	0	2	0	262156
2001	72392	0	2	0	262156
2002	72403	0	2	0	262156
2003	72404	0	2	0	262156
2004	72651	0	2	0	262156
2005	72944	0	2	0	262156
2006	73100	0	2	0	262156
2007	73389	0	2	0	262156
2008	74132	0	4	1024	30
2009	74189	0	4	256	30
2010	74191	0	4	1048608	30
2011	74192	0	4	65536	30
2012	74193	0	4	512	30
2013	74195	0	2	0	714227
2014	74197	0	2	0	714227
2015	74198	0	4	1024	30
2016	74199	0	4	256	30
2017	74200	0	4	1048608	30
2018	74201	0	4	512	30
2019	74202	0	4	65536	30
2020	74207	0	4	0	64
2021	74211	0	2	0	714227
2022	74212	0	4	1024	30
2023	74213	0	4	256	30
2024	74214	0	4	1048608	30
2025	74215	0	4	2048	0
2026	74216	0	4	2048	0
2027	74217	0	4	2048	0
2028	74218	0	4	2048	0
2029	74220	0	4	1024	30
2030	74223	0	2	0	714227
2031	74225	0	2	0	714227
2032	74226	0	4	0	64
2033	74229	0	4	512	30
2034	74230	0	4	65536	30
2035	74231	0	4	1048608	30
2036	74232	0	4	512	30
2037	74234	0	4	65536	30
2038	74235	0	4	8404992	65
2039	74236	0	4	256	30
2040	74237	0	4	512	30
2041	74238	0	4	256	30
2042	74239	0	4	512	30
2043	74240	0	4	65536	30
2044	74242	0	2	0	714227
2045	74244	0	2	0	714227
2046	74246	0	2	0	714227
2047	74247	0	4	65536	30
2048	74248	0	4	512	30
2049	74250	0	4	1048608	30
2050	74251	0	4	1048608	30
2051	74252	0	4	256	30
2052	74253	0	4	256	30
2053	74254	0	4	1024	30
2054	74255	0	4	1024	30
2055	74256	0	4	512	30
2056	74279	0	2	0	262156
2057	74613	0	2	0	262156
2058	74716	0	2	0	262156
2059	74846	0	2	0	173555
2060	74868	0	2	0	65536
2061	75149	0	4	128	31
2062	75150	0	4	128	31
2063	75151	0	4	128	31
2064	75152	0	4	128	31
2065	75154	0	4	128	31
2066	75155	0	4	128	31
2067	75172	0	4	65536	30
2068	75175	0	4	65536	30
2069	75178	0	4	65536	30
2071	75361	0	2	0	173555
2072	75380	0	2	0	262156
2073	75388	0	2	0	173555
2074	75436	0	2	0	173555
2075	75439	0	2	0	262156
2076	75571	0	2	0	173555
2077	75934	0	2	0	65536
2078	76168	0	4	64	31
2079	76319	0	2	0	262156
2080	76320	0	2	0	262156
2081	76392	0	2	0	173555
2082	76402	0	2	0	262156
2083	76404	0	2	0	1
2084	76411	0	2	0	384
2085	76500	0	2	0	173555
2086	76511	0	2	0	173555
2087	76524	0	2	0	173555
2088	76561	0	2	0	173555
2089	76572	0	2	0	65536
2090	76582	0	2	0	173555
2091	76622	0	2	0	173555
2092	76727	0	2	0	173555
2093	76783	0	2	0	262156
2094	76901	0	2	0	173555
2095	77216	0	2	0	262156
2096	77302	0	2	0	262156
2097	77666	0	2	0	173555
2098	77670	0	2	0	173555
2099	77720	0	2	0	173555
2100	77889	0	2	0	262156
2101	78144	0	2	0	173555
2102	78146	0	2	4194304	173555
2103	78165	0	4	1050026	30
2104	78166	0	4	1050026	30
2105	78169	0	4	128	31
2106	78170	0	4	128	31
2107	78171	0	4	128	31
2108	78172	0	4	128	31
2109	78273	0	2	0	173555
2110	78587	0	2	0	262156
2111	78732	0	2	0	173555
2112	78733	0	2	0	173555
2113	78754	0	2	0	262156
2114	78827	0	2	0	173555
2115	78828	0	2	0	173555
2116	78841	0	2	0	262156
2118	79610	0	2	0	262156
2119	79732	0	4	0	64
2120	79851	0	2	0	173555
2121	79852	0	2	0	173555
2122	79878	0	2	0	173555
2124	79883	0	2	0	173555
2125	79885	0	2	0	173555
2126	79895	0	2	0	173555
2128	79926	0	2	0	173555
2129	79967	0	4	0	64
2130	80003	0	2	0	262156
2131	80009	0	2	0	262156
2132	80012	0	2	0	262156
2133	80015	0	2	0	262156
2134	80173	0	2	0	262156
2135	80390	0	2	0	173555
2136	80606	0	2	0	173555
2137	80881	0	2	0	262156
2138	81001	0	2	0	173555
2139	81378	0	2	0	173555
2140	81419	0	2	0	173555
2141	81460	0	2	0	173555
2142	81502	0	2	0	173555
2143	81655	0	2	0	262156
2180	82242	0	2	0	173555
2181	82243	0	2	0	173555
2182	82245	0	2	0	173555
2183	82246	0	2	0	173555
2184	81850	0	2	0	173555
2185	81932	0	2	0	262156
2186	81933	0	2	0	262156
2187	81934	0	2	0	262156
2189	82064	0	2	0	262156
2190	82175	0	4	1024	30
2191	82177	0	4	1024	30
2192	82180	0	4	1024	30
2193	82200	0	4	64	30
2194	82201	0	4	1024	30
2195	82226	0	2	0	173555
2196	82227	0	2	0	173555
2277	82548	0	4	0	64
2280	82654	0	2	0	262156
2283	82668	0	2	0	262156
2284	82669	0	2	0	262156
2285	82672	0	2	0	173555
2286	82708	0	2	0	262156
2288	73681	0	2	0	173555
2291	82800	0	4	0	64
2293	82844	0	2	0	262156
2294	60192	0	2	0	262156
2295	82928	0	2	0	262156
2296	82939	0	2	0	262156
2297	82941	0	2	0	262156
2298	82945	0	2	0	262156
2299	82948	0	2	0	262156
2300	83264	0	2	0	262156
2302	83908	0	2	0	173555
2303	83969	0	4	0	64
2304	84010	0	4	0	64
2306	84124	0	2	0	173555
2308	84159	0	4	0	64
2312	84424	0	4	64	30
2313	84425	0	4	64	30
2314	84427	0	4	64	30
2315	84465	0	2	0	262156
2316	84601	0	2	6291456	32768
2317	84617	0	2	0	173555
2318	84630	0	2	0	262156
2319	84647	0	2	0	173555
2320	84659	0	2	0	262156
2321	84663	0	4	0	64
2322	84664	0	4	0	64
2323	84665	0	2	0	262156
2324	84675	0	2	0	262156
2326	84677	0	2	0	41105
2327	84678	0	2	0	41105
2328	84679	0	2	0	41105
2329	84817	0	2	0	173555
2330	84833	0	2	0	262156
2331	84836	0	2	0	262156
2332	84837	0	2	0	262156
2333	84850	0	2	0	173555
2334	84939	0	2	0	173555
2335	85007	0	4	512	30
2336	85008	0	4	512	30
2337	85009	0	4	512	30
2338	85010	0	4	512	30
2340	85067	0	4	128	30
2341	85068	0	4	128	30
2342	85232	0	2	0	262156
2343	85256	0	2	0	173555
2344	85288	0	2	0	173555
2345	85384	0	2	0	173555
2346	85388	0	2	0	173555
2348	85687	0	2	0	0
2349	85700	0	2	0	173555
2352	85756	0	2	0	262156
2353	85948	0	2	0	173555
2354	86001	0	4	1050618	2
2355	86018	0	4	1050618	4
2356	86019	0	4	1050618	4
2357	86031	0	4	1050618	4
2358	86033	0	4	1050618	4
2359	86034	0	4	1050618	4
2360	86035	0	4	1050618	8
2361	86036	0	4	1050618	8
2362	86037	0	4	1050618	16
2363	86038	0	4	1050618	16
2364	86039	0	4	1050618	16
2365	86061	0	2	0	173555
2366	86090	0	2	0	262156
2368	86092	0	4	1050602	4
2369	86093	0	4	1050602	4
2371	86096	0	4	1050602	4
2372	86097	0	4	1050602	4
2373	86099	0	4	1050602	8
2374	86100	0	4	1050602	8
2375	86101	0	4	1050602	16
2376	86102	0	4	1050602	16
2377	86103	0	4	1050602	16
2378	86104	0	4	1050602	4
2379	86108	0	4	1050602	8
2380	86110	0	4	1050602	16
2381	86113	0	4	1050602	16
2385	86346	0	2	0	173555
2386	86375	0	4	8	31
2387	86401	0	4	8	31
2388	86402	0	4	8	31
2389	86403	0	4	8	31
2390	86535	0	4	1050602	16
2391	86536	0	4	1050602	16
2392	86537	0	4	1050602	16
2393	86538	0	4	1050602	8
2394	86539	0	4	1050602	16
2395	86604	0	2	0	173555
2398	86709	0	2	0	173555
2399	86717	0	2	0	262156
2400	86729	0	2	0	173555
2401	86738	0	2	0	173555
2402	86740	0	2	0	173555
2403	86745	0	2	0	173555
2404	86814	0	2	0	173555
2405	86816	0	2	0	262156
2406	86847	0	4	8	31
2407	86854	0	4	8	31
2408	86893	0	4	0	64
2409	86894	0	4	0	64
2410	86895	0	4	0	64
2411	86896	0	4	0	64
2412	86898	0	4	8	31
2413	86899	0	4	8	31
2414	86900	0	4	8	31
2415	86901	0	4	8	31
2416	86906	0	4	8	31
2417	86907	0	4	8	31
2418	86909	0	4	8	31
2419	86931	0	4	2	31
2420	86932	0	4	2	31
2421	86933	0	4	2	31
2422	86934	0	4	2	31
2425	87337	0	2	0	173555
2426	87342	0	4	0	64
2427	87603	0	2	0	262156
2428	87646	0	2	0	1048576
2429	87771	0	2	0	173555
2430	88161	0	2	0	173555
2432	88376	0	2	0	262156
2433	88377	0	2	0	262156
2434	88386	0	2	0	262156
2435	88445	0	2	0	262156
2436	88453	0	2	0	262156
2437	88466	0	2	0	262156
2439	88570	0	2	0	262156
2440	88580	0	2	0	262156
2441	88714	0	2	0	262156
2443	88868	0	2	0	1048576
2444	89205	0	2	0	262156
2446	89554	0	2	0	173555
2447	89710	0	2	0	262156
2449	89753	0	2	0	173555
2451	30213	0	2	0	322
2452	90098	0	2	0	173555
2453	43107	0	2	0	65536
2454	90397	0	2	0	0
2455	90488	0	2	0	262156
2458	90662	0	2	0	0
2460	90667	0	2	0	173555
2462	90960	0	2	0	0
2465	91348	0	2	0	173555
2466	91426	0	2	0	173555
2467	91463	0	4	0	64
2468	91579	0	2	0	262156
2469	91801	0	2	0	173555
2472	92433	0	4	0	96
2473	92437	0	4	0	96
2475	92680	0	2	0	32896
2483	93224	0	2	0	173555
2484	93448	0	2	0	173555
2486	93474	0	2	0	327692
2487	93496	0	2	0	327692
2488	93550	0	2	0	262156
2489	93634	0	2	0	262156
2495	93693	0	4	0	64
2496	93722	0	4	0	64
2499	93826	0	2	0	173555
2500	93833	0	2	0	173555
2501	93834	0	2	0	173555
2512	94651	0	2	0	262156
2514	61602	0	2	0	65536
2517	95244	0	2	0	1048576
2518	95283	0	2	0	262156
2521	95471	0	2	0	1378
2523	93373	0	2	0	196083
2524	95738	0	2	0	173555
2525	95826	0	2	0	262156
2526	95933	0	2	0	262156
2543	96097	0	2	0	173555
2544	96103	0	2	0	173555
2558	96189	0	2	0	262156
2559	96245	0	4	2	31
2560	96246	0	4	2	31
2561	96247	0	4	2	31
2562	96249	0	4	8	31
2563	96250	0	4	8	31
2564	96251	0	4	8	31
2565	96261	0	4	512	30
2566	96262	0	4	512	30
2567	96264	0	4	512	30
2568	96286	0	2	0	1048576
2581	96421	0	2	0	65536
2586	97153	0	2	0	262156
2587	97154	0	2	0	262156
2588	97155	0	2	0	262156
2589	97156	0	2	0	262156
2593	97271	0	2	0	173555
2594	97275	0	2	0	173555
2595	97276	0	2	0	173555
2596	97284	0	2	0	173555
2597	97286	0	2	0	173555
2598	97293	0	2	0	173555
2599	97294	0	2	0	173555
2600	97309	0	2	0	173555
2601	97326	0	2	0	173555
2602	97347	0	2	0	173555
2629	97800	0	2	0	173555
2631	97818	0	2	0	173555
2632	97822	0	2	0	173555
2633	97823	0	2	0	173555
2634	97825	0	2	0	173555
2635	97829	0	2	0	173555
2636	97832	0	2	0	173555
2637	97833	0	2	0	173555
2639	97893	0	2	0	173555
2640	97894	0	2	0	173555
2641	97895	0	2	0	173555
2642	97896	0	2	0	173555
2644	97992	0	2	0	41105
2652	98419	0	2	0	173555
2654	98421	0	2	0	173555
2655	98423	0	2	0	32768
2656	98424	0	2	0	32768
2657	98426	0	2	0	173555
2664	98468	0	2	0	262156
2665	98822	0	2	0	262156
2666	98849	0	2	0	1048576
2671	99103	0	2	0	262156
2672	99212	0	2	0	173555
2675	99315	0	2	0	1048576
2676	99623	0	2	0	262156
2678	99931	0	2	0	64
2679	100130	0	2	4194304	173555
2690	100526	0	2	0	173555
2700	101598	0	4	128	31
2701	101600	0	4	128	30
2710	102411	0	2	0	262156
2711	102598	0	2	0	173555
2712	102599	0	4	0	64
2718	103000	0	2	0	173555
2719	103001	0	2	0	173555
2720	103002	0	2	0	173555
2723	103461	0	4	2048	0
2724	103462	0	4	2048	0
2725	103463	0	4	2048	0
2726	103465	0	4	2048	0
2728	103842	0	2	0	262156
2731	104338	0	4	1048608	30
2732	104385	0	4	512	30
2733	104388	0	4	1048608	30
2734	104389	0	4	512	30
2735	104390	0	4	512	30
2736	104391	0	4	512	30
2737	104392	0	4	1048608	30
2738	104393	0	4	1048608	30
2739	104395	0	4	1048608	30
2740	104397	0	4	1048608	30
2741	104398	0	4	65536	30
2742	104401	0	4	1048608	30
2743	104403	0	4	65536	30
2744	104404	0	4	1048608	30
2745	104406	0	4	1048608	30
2746	104407	0	4	1048608	30
2747	104408	0	4	256	30
2748	104409	0	4	1048608	30
2749	104414	0	4	256	30
2750	104416	0	4	1024	30
2751	104417	0	4	1024	30
2752	104419	0	4	1024	30
2753	104420	0	4	1024	30
2754	104425	0	2	0	566771
2755	104427	0	2	0	566771
2756	104430	0	2	0	566771
2757	104434	0	2	0	703987
2758	104440	0	2	0	566771
2759	104442	0	2	0	566771
2760	104445	0	4	12599296	65
2789	105914	0	4	0	64
2804	106492	0	2	0	327692
2807	107105	0	2	0	173555
2851	107565	0	2	0	173555
2863	108115	0	2	0	714227
2864	108126	0	2	0	173555
2893	108789	0	4	1024	30
2906	109077	0	4	1024	30
2907	109086	0	2	0	262156
2908	109093	0	2	0	262156
2909	109099	0	4	64	30
2912	109464	0	2	0	173555
2939	110410	0	2	0	1048576
2950	102978	0	2	0	327692
2951	108443	0	2	0	327692
2952	110695	0	2	0	327692
2953	110764	0	2	0	177651
2954	110781	0	2	0	262156
2966	111107	0	2	0	173555
2968	111240	0	2	0	32768
3001	111801	0	2	0	256
3006	112048	0	4	0	64
3007	112059	0	4	1048608	30
3014	112894	0	2	0	262156
3015	112931	0	2	0	173555
3017	113000	0	2	0	173555
3019	113011	0	4	8	31
3020	113020	0	2	0	173555
3021	113044	0	4	8	31
3022	113045	0	4	8	31
3023	113046	0	4	8	31
3024	113047	0	4	8	31
3025	113048	0	4	8	31
3033	113263	0	4	512	30
3121	114112	0	4	1024	30
3125	107570	0	2	0	173555
3126	114355	0	2	6291456	322
3127	114518	0	4	65536	30
3128	114521	0	4	65536	30
3129	114522	0	4	65536	30
3130	114526	0	4	65536	30
3131	114527	0	4	65536	30
3132	114528	0	4	0	64
3133	114529	0	4	0	64
3138	114636	0	4	0	64
3151	114866	0	2	0	173555
3164	115199	0	2	0	262156
3165	115311	0	2	0	1024
3166	115356	0	2	0	173555
3167	115357	0	2	0	173555
3168	115360	0	2	0	173555
3169	115440	0	2	0	262156
3170	115625	0	2	0	451
3171	20113	0	2	0	290
3173	115832	0	2	0	173555
3174	115941	0	2	0	262156
3182	108211	0	2	0	41105
3183	108215	0	2	0	41105
3188	116599	0	2	0	173555
3200	116993	0	2	0	173555
3201	117287	0	2	0	173555
3206	117831	0	4	0	64
3207	117840	0	2	0	173555
3209	118038	0	2	0	173555
3210	109259	0	2	0	262156
3211	118098	0	2	0	262156
3213	118225	0	2	0	65536
3214	118228	0	2	0	262156
3215	118253	0	2	0	262156
3219	115519	0	2	0	173555
3239	119419	0	2	0	173555
3244	119438	0	2	0	262156
3245	119461	0	2	0	262156
3250	119695	0	2	0	262156
3251	119699	0	2	0	262156
3253	119811	0	4	0	8
3254	119843	0	2	0	173555
3257	120148	0	2	0	262156
3258	120166	0	2	0	173555
3260	120224	0	4	1050602	4
3261	120225	0	4	1050602	4
3262	120227	0	4	1050602	4
3264	108977	0	2	0	8337
3265	120275	0	2	0	1378
3270	120360	0	2	0	262156
3271	120361	0	2	0	262156
3272	120378	0	2	0	173555
3276	120436	0	2	0	173555
3277	120440	0	2	0	173555
3278	120442	0	2	0	173555
3279	120445	0	2	0	173555
3280	120487	0	2	0	173555
3281	120489	0	2	0	173555
3286	120553	0	2	6291456	322
3290	120667	0	2	0	262156
3299	120868	0	4	0	0
3326	121097	0	2	0	262156
3336	121192	0	4	8	31
3337	121193	0	4	8	31
3338	121194	0	4	8	31
3339	121195	0	4	8	31
3341	121263	0	2	0	262156
3350	121411	0	2	0	173555
5260	121900	0	2	0	173555
5261	121902	0	2	0	173555
5262	121960	0	2	0	173555
5264	121987	0	2	0	566771
5265	121988	0	2	0	976383
5266	115062	0	2	0	131136
5351	122049	0	2	0	173555
5367	122233	0	2	0	173555
5368	122386	0	4	128	31
5369	122387	0	4	128	31
5370	122388	0	4	128	31
5371	122392	0	4	128	31
5372	122393	0	4	128	31
5375	122542	0	2	0	262156
5383	122879	0	2	0	173555
5384	122880	0	2	0	173555
5385	122885	0	2	0	173555
5386	122886	0	2	0	173555
5394	23922	0	4	0	64
5395	123417	0	2	0	173555
5396	123420	0	2	8192	41395
5397	123434	0	2	0	173555
5399	123655	0	2	0	173555
5405	123829	0	4	0	64
5406	123830	0	4	0	64
5407	123831	0	4	0	64
5408	123649	0	2	8192	48
5409	124091	0	4	1050026	30
5410	124116	0	4	128	31
5411	124118	0	4	128	31
5412	124119	0	4	128	31
5414	123652	0	2	8192	48
5415	123651	0	2	8192	48
5416	124549	0	4	512	30
5417	124551	0	4	512	30
5418	124552	0	4	512	30
5419	124553	0	4	512	30
5420	124554	0	4	512	30
5421	124559	0	4	128	30
5422	124561	0	4	128	30
5423	124563	0	4	128	30
5424	124564	0	4	128	30
5425	124565	0	4	128	30
5426	124566	0	4	128	30
5427	124567	0	4	128	30
5428	124568	0	4	128	30
5429	124569	0	4	128	30
