field0	field1	field2	field3	field4	field5	field6	field7	field8	field9	field10
1	17	0	0	0	0	0	0	0	0	6788
2	66	0	0	0	12	0	0	0	0	0
3	100	0	0	0	0	0	0	0	124184	65219
4	130	0	0	0	0	0	0	0	79636	0
6	642	0	0	0	0	0	0	0	61988	0
7	883	0	0	0	0	0	0	0	61431	0
8	1022	0	0	0	0	0	0	0	0	61988
9	1706	0	0	0	0	0	0	0	79636	0
10	1784	0	0	0	12	0	0	0	0	0
11	1856	0	0	0	12	0	0	0	0	0
12	2425	0	0	0	12	0	0	0	0	0
13	3411	0	0	0	0	0	0	0	0	65219
14	3680	0	0	0	12	0	0	0	0	0
15	4079	0	0	0	12	0	0	0	0	0
16	4342	0	0	0	0	0	4341	0	0	0
17	4986	0	0	0	12	0	0	0	0	0
18	5143	0	0	0	0	0	79683	0	0	0
19	5215	0	0	0	12	0	0	0	0	0
20	5217	0	0	0	0	0	0	0	106976	0
21	5308	0	0	2	0	0	0	0	0	0
22	5543	0	0	0	12	0	0	0	0	0
23	5858	0	0	0	12	0	0	0	0	0
26	6538	0	0	0	12	0	0	0	0	0
27	6572	0	1	0	0	0	0	0	0	0
28	6634	0	0	0	12	0	0	0	0	0
31	7450	0	0	0	0	0	51455	0	0	0
32	7870	0	0	0	12	0	0	0	0	0
33	7938	0	0	2	0	0	0	0	0	0
34	8149	0	0	0	12	0	0	0	0	0
35	8152	0	0	0	12	0	0	0	0	0
36	8218	0	0	0	12	0	0	0	0	0
37	9093	0	0	0	12	0	0	0	0	0
38	9587	0	0	0	12	0	0	0	0	0
39	9738	0	0	0	12	0	0	0	0	0
40	11327	0	0	0	12	0	0	0	0	0
41	11392	0	0	0	12	0	0	0	0	0
42	12042	0	0	0	0	0	0	0	12043	0
43	12043	0	0	0	0	0	0	0	12042	0
44	12438	0	0	0	0	0	0	0	79636	0
45	12845	0	0	0	12	0	0	0	0	0
46	14083	0	0	13	0	0	0	0	0	0
47	14251	0	1	0	0	0	0	0	0	0
48	16122	0	0	0	12	0	0	0	0	0
49	16380	0	0	0	12	0	0	0	0	0
50	16495	0	0	2	0	0	0	0	0	0
51	16593	0	0	0	0	0	0	0	79636	0
52	17170	0	2	0	0	0	0	0	0	0
54	18562	0	0	15	0	0	0	0	0	0
55	19130	0	1	0	0	0	0	0	0	0
56	19306	0	7	0	0	0	0	0	0	0
57	20252	0	0	0	0	0	0	0	0	65219
58	20271	0	5	0	0	0	0	0	0	0
59	20539	0	0	2	0	0	0	0	0	0
60	20540	0	0	0	12	0	0	0	0	0
61	20672	0	0	0	12	0	0	0	0	0
62	22766	0	0	0	12	0	0	0	0	0
63	22911	0	0	0	4	0	0	0	0	0
66	24275	0	0	2	0	0	0	0	0	0
67	24450	0	0	0	12	0	0	0	0	0
68	24927	0	0	0	0	0	0	0	79636	0
69	28500	0	0	0	12	0	0	0	0	0
70	29364	0	0	2	0	0	0	0	0	0
71	29627	0	0	0	12	0	0	0	0	0
72	29909	0	0	2	0	0	0	0	0	0
73	29921	0	0	0	12	0	0	0	0	0
75	30628	0	0	0	12	0	0	0	0	0
76	30831	0	0	0	12	0	0	0	0	0
77	30991	0	0	0	12	0	0	0	0	0
78	31819	0	7	0	0	0	0	0	0	0
80	32199	0	0	0	12	0	0	0	0	0
81	32612	0	0	0	12	0	0	0	0	0
82	32615	0	0	0	12	0	0	0	0	0
84	32648	0	0	0	12	0	0	0	0	0
85	32772	0	0	2	0	0	0	0	0	0
86	32811	0	0	0	12	0	0	0	0	0
87	32943	0	0	0	12	0	0	0	0	0
88	34097	0	1	0	0	0	0	0	0	0
89	34189	0	0	0	12	0	0	0	0	0
90	34243	0	7	0	0	0	0	0	0	0
91	34428	0	10	0	0	0	0	0	0	0
92	34840	0	0	0	12	0	0	0	0	0
93	34858	0	0	0	12	0	0	0	0	0
94	35062	0	0	0	4	0	0	0	0	0
95	35205	0	0	0	12	0	0	0	0	0
97	35754	0	0	0	4	0	0	0	0	0
98	35771	0	0	2	0	0	0	0	0	0
99	36038	0	0	0	4	0	0	0	0	0
100	36058	0	0	0	4	0	0	0	0	0
102	36458	0	0	0	7	0	0	0	0	0
103	36535	0	0	0	12	0	0	0	0	0
104	36544	0	0	0	12	0	0	0	0	0
105	36554	0	0	0	0	0	0	0	0	65219
106	36734	0	0	2	0	0	0	0	0	0
108	37251	0	0	2	0	0	0	0	0	0
109	37255	0	0	2	0	0	0	0	0	0
110	37259	0	0	2	0	0	0	0	0	0
111	37511	0	0	0	4	0	0	0	0	0
112	37821	0	0	0	12	0	0	0	0	0
113	37897	0	0	0	0	0	0	0	79636	0
114	38895	0	0	2	0	0	0	0	0	0
115	38959	0	0	2	0	0	0	0	0	0
116	38985	0	0	0	7	0	0	0	0	0
117	39596	0	0	0	12	0	0	0	0	0
118	40392	0	1	0	0	0	0	0	0	0
119	41253	0	0	0	12	0	0	0	0	0
120	41272	0	0	0	4	0	0	0	0	0
121	41467	0	5	0	0	0	0	0	0	0
122	41947	0	0	0	0	0	0	0	79636	0
123	42325	0	0	2	0	0	0	0	0	0
124	42347	0	0	0	12	0	0	0	0	0
126	42969	0	0	0	12	0	0	0	0	0
127	43070	0	0	0	12	0	0	0	0	0
128	43071	0	0	0	12	0	0	0	0	0
129	43221	0	0	0	12	0	0	0	0	0
130	43222	0	0	0	12	0	0	0	0	0
131	43229	0	0	0	12	0	0	0	0	0
132	44029	0	0	0	0	0	0	0	44021	0
135	44083	0	0	0	0	0	0	0	44021	0
136	44440	0	13	0	0	0	0	0	0	0
137	44441	0	13	0	0	0	0	0	0	0
138	44505	0	0	0	12	0	0	0	0	0
139	44572	0	0	4	0	0	0	0	0	0
140	44875	0	0	2	0	0	0	0	0	0
141	45317	0	0	0	20	0	0	0	0	0
142	45438	0	0	0	0	0	0	0	41425	0
143	46315	0	0	0	4	0	0	0	0	0
144	46808	0	0	0	12	0	0	0	0	0
145	46996	0	0	0	12	0	0	0	0	0
147	47395	0	0	0	12	0	0	0	0	0
148	47417	0	0	0	12	0	0	0	0	0
149	47480	0	0	0	0	0	62218	0	0	0
150	47679	0	0	13	0	0	0	0	0	0
151	47702	0	0	13	0	0	0	0	0	0
152	47722	0	0	13	0	0	0	0	0	0
153	48020	0	0	0	0	0	62388	0	0	0
154	48355	0	0	0	12	0	0	0	0	0
155	48357	0	0	0	12	0	0	0	0	0
156	48796	0	0	0	12	0	0	0	0	0
157	48929	0	0	0	0	0	0	0	79636	0
159	49376	0	0	0	0	0	0	0	0	65219
161	49692	0	0	0	0	0	0	0	0	49946
162	50240	0	22	0	0	0	0	0	0	0
163	50251	0	0	13	0	0	0	0	0	0
164	50582	0	0	0	0	0	0	0	0	65219
165	50874	0	0	0	4	0	0	0	0	0
166	50876	0	0	0	4	0	0	0	0	0
167	51662	0	0	18	0	0	0	0	0	0
168	51753	0	0	0	12	0	0	0	0	0
169	51755	0	0	0	12	0	0	0	0	0
170	51913	0	0	0	12	0	0	0	0	0
171	52053	0	0	0	0	0	0	49777	0	49946
172	52060	0	0	0	12	0	0	0	0	0
173	52226	0	0	0	0	0	52255	0	0	0
174	52234	0	13	0	0	0	0	0	0	0
175	52641	0	0	0	0	0	0	0	79636	0
177	52862	0	0	13	0	0	0	0	0	0
178	52864	0	0	13	0	0	0	0	0	0
179	52951	0	0	0	12	0	0	0	0	0
180	53031	0	0	0	0	0	0	0	0	53031
181	53174	0	0	0	0	0	0	0	0	53095
182	53351	0	0	2	0	0	0	0	0	0
183	53407	0	5	0	0	0	0	0	0	0
184	53408	0	5	0	0	0	0	0	0	0
185	53476	0	0	0	0	0	0	0	0	65219
186	53497	0	13	0	0	0	0	0	0	0
187	53625	0	0	0	4	0	0	0	0	0
188	54435	0	0	0	12	0	0	0	0	0
189	54436	0	0	0	12	0	0	0	0	0
190	55001	0	0	0	0	0	0	0	79636	0
191	55033	0	0	0	0	0	55032	0	0	0
192	55042	0	0	0	0	0	55032	0	0	0
194	55982	0	0	0	4	0	0	0	0	0
195	56269	0	0	0	12	0	0	0	0	0
196	56426	0	0	2	0	0	0	0	0	0
197	56581	0	2	0	0	0	0	0	0	0
198	56753	0	0	0	0	0	56750	0	0	0
199	56793	0	0	0	0	0	52255	0	0	0
201	56893	0	0	2	0	0	0	0	0	0
202	57774	0	5	0	0	0	0	0	0	0
203	57922	0	0	0	0	0	0	49777	0	49946
204	58506	0	0	0	12	0	0	0	0	0
205	58543	0	0	0	12	0	0	0	0	0
206	58984	0	0	0	12	0	0	0	0	0
207	59109	0	2	0	0	0	0	0	0	0
208	59193	0	0	0	0	0	0	0	61498	0
209	59194	0	0	0	0	0	0	0	61499	0
210	59196	0	0	0	0	0	0	0	61497	0
211	59200	0	0	0	0	0	0	0	79636	0
212	59395	0	0	0	0	0	0	0	0	59832
213	59611	0	0	0	4	0	0	0	0	0
214	59622	0	0	0	0	0	0	0	0	49946
215	59702	0	0	0	0	0	4341	0	0	0
216	60287	0	0	0	0	0	0	0	0	49946
217	60348	0	11	0	0	0	0	0	0	0
218	60587	0	0	0	0	0	56706	0	0	0
219	61093	0	0	0	0	0	61171	0	0	0
220	61140	0	0	2	0	0	0	0	0	0
221	61484	0	0	0	0	0	49135	0	0	0
222	61496	0	0	0	0	0	12345	0	0	0
223	61781	0	0	0	0	0	0	0	0	61781
224	61784	0	0	0	0	0	61801	0	0	0
225	61785	0	0	0	0	0	61798	0	0	0
226	61786	0	0	0	0	0	61802	0	0	0
227	61787	0	0	0	0	0	61799	0	0	0
228	61788	0	0	0	0	0	61800	0	0	0
229	61815	0	0	0	0	0	0	0	0	61815
230	62025	0	0	0	0	0	62028	0	0	0
231	62125	0	0	2	0	0	0	0	0	0
232	62306	0	0	0	0	0	0	0	62340	0
233	62324	0	0	0	0	0	62340	0	0	0
234	62359	0	0	0	0	0	0	0	0	49946
235	62395	0	0	0	0	0	0	0	0	62374
236	62400	0	0	0	0	0	0	0	0	62336
237	62412	0	0	0	0	0	0	0	62433	0
238	62416	0	0	0	0	0	0	0	62433	0
239	62419	0	0	0	0	0	0	0	62433	0
240	62425	0	0	0	0	0	0	0	62433	0
241	62426	0	0	0	0	0	0	0	62433	0
242	62427	0	0	0	0	0	0	0	62433	0
243	62439	0	0	0	0	0	0	0	0	62438
244	62473	0	0	0	0	0	62496	0	0	0
246	62482	0	0	0	0	0	0	62495	0	0
247	62486	0	0	0	0	0	62480	0	0	0
248	62490	0	0	0	0	0	0	0	62340	0
249	62634	0	0	0	0	0	0	0	0	49946
250	62645	0	0	0	0	0	0	0	0	49946
251	62673	0	0	0	0	0	0	0	62719	0
252	62719	0	0	0	0	0	0	0	62665	0
253	62757	0	0	0	0	0	0	0	61431	0
254	62846	0	0	0	0	0	0	0	62798	0
255	63003	0	0	0	0	0	0	0	62799	0
256	63018	0	0	0	0	0	0	0	62776	63024
257	63024	0	0	0	0	0	0	0	62776	63018
258	63031	0	0	0	0	0	0	0	62978	0
259	63148	0	0	0	17	0	0	0	0	0
260	63361	0	0	0	0	0	0	63034	0	0
261	63362	0	0	0	0	0	0	63034	0	0
262	63363	0	0	0	0	0	0	63034	0	0
263	63545	0	0	0	0	0	0	0	0	61969
264	63884	0	0	0	0	22	0	0	0	0
265	64104	0	0	0	0	0	0	0	64100	0
266	64145	0	0	0	0	0	0	0	0	63988
267	64176	0	0	0	0	0	0	64175	0	0
268	64234	0	0	0	0	0	0	0	62776	65121
269	64414	0	0	0	0	0	0	0	62433	0
270	64454	0	0	0	0	0	0	0	62798	0
271	64465	0	0	0	0	0	0	0	0	64497
272	64979	0	0	0	0	0	0	0	0	49946
273	65121	0	0	0	0	0	0	0	62776	64234
274	65403	0	0	0	0	0	0	0	65400	0
276	65802	0	0	0	0	0	0	0	41425	0
277	66009	0	0	0	0	0	0	0	0	61988
278	66010	0	0	0	0	0	0	0	61988	0
279	66011	0	0	0	0	0	0	0	61987	0
280	66197	0	0	0	0	0	0	0	0	66326
281	66209	0	0	0	0	0	0	0	0	66197
282	66237	0	0	0	0	0	0	0	0	66326
283	66283	0	0	0	0	0	0	0	0	66326
284	66379	0	0	0	0	0	0	0	0	66311
285	66528	0	0	0	0	0	0	0	0	66326
286	66718	0	0	0	0	0	0	0	0	66718
293	67247	0	0	0	0	0	0	0	0	67251
295	67340	0	0	0	12	0	0	0	0	0
297	67387	0	0	0	0	0	0	62495	0	0
298	67574	0	0	0	0	0	0	0	0	67574
300	67820	0	0	0	0	0	0	67823	0	0
304	68470	0	0	0	0	0	0	68479	68472	68472
305	68471	0	0	0	0	0	0	68478	68472	68472
306	68641	0	0	0	0	0	0	0	0	68529
307	68927	0	0	0	0	0	0	0	0	68529
308	68934	0	0	0	0	0	0	0	0	68530
309	68947	0	0	0	0	0	0	0	0	68530
310	68980	0	0	0	0	0	0	0	0	73879
311	69030	0	0	0	0	0	0	0	0	73879
312	69057	0	0	0	0	0	0	0	69076	0
313	69138	0	0	0	0	0	0	0	69076	0
314	69278	0	0	0	0	0	0	0	0	69278
315	69445	0	0	0	0	0	0	0	0	69438
316	69471	0	0	0	0	0	0	0	69487	0
317	69489	0	0	0	0	0	0	0	0	69438
318	69511	0	0	0	0	0	0	69510	0	0
319	69563	0	0	0	0	0	0	0	0	69438
320	69674	0	0	0	0	0	0	0	0	70002
321	69678	0	0	0	0	0	0	70120	0	0
322	69771	0	0	0	0	0	0	0	0	49256
323	69772	0	0	0	0	0	0	0	0	49256
324	69871	0	0	0	0	0	0	0	69871	69871
325	69900	0	0	0	0	0	0	0	69876	0
326	69908	0	0	0	0	0	69876	0	0	0
327	70127	0	0	0	0	0	0	0	0	70157
328	70142	0	0	0	0	0	0	0	0	70141
329	70157	0	0	0	0	0	0	0	0	72290
330	70162	0	0	0	0	0	0	70121	0	0
331	70192	0	0	0	0	0	0	71507	0	0
332	70222	0	0	0	0	0	0	70120	0	0
333	70287	0	0	0	12	0	0	0	0	0
334	70295	0	0	0	0	0	0	70121	0	0
335	70331	0	0	0	0	0	0	0	0	5384
336	70338	0	0	0	0	0	0	0	0	72846
337	70346	0	0	0	0	0	0	0	0	71971
338	70360	0	0	0	0	0	70346	0	0	0
339	70447	0	0	0	0	0	0	0	0	70530
341	70498	0	0	0	0	0	0	0	72679	0
342	70501	0	0	0	0	0	0	0	0	72546
343	70510	0	0	0	0	0	0	0	0	69705
344	70539	0	0	0	0	0	0	0	0	71971
345	70609	0	0	0	0	0	0	70121	0	0
346	70672	0	0	0	0	0	0	0	0	70812
349	70911	0	0	0	0	0	0	0	0	70953
350	70920	0	0	0	0	0	0	0	0	70955
351	71077	0	0	0	0	0	0	0	0	70157
352	71087	0	0	0	0	0	0	0	0	61815
355	71250	0	0	0	0	0	0	0	0	29266
356	71271	0	0	0	0	0	0	0	0	29266
357	71424	0	0	0	0	0	0	0	0	70530
358	71466	0	0	0	0	0	0	70203	0	0
359	71518	0	0	0	0	0	0	71516	0	0
360	71550	0	0	0	0	0	0	0	61988	0
361	71580	0	0	0	0	0	0	0	69076	0
362	71647	0	0	0	0	0	0	0	0	29266
364	72052	0	0	0	0	0	72059	0	0	0
365	72202	0	0	0	0	0	0	72178	0	0
366	72254	0	0	0	0	0	0	0	0	72293
367	72255	0	0	0	0	0	0	72293	0	0
368	72272	0	0	0	0	0	0	0	0	70001
370	72289	0	0	0	0	0	0	72290	0	0
371	72295	0	0	0	0	0	0	0	0	70447
372	72297	0	0	0	0	0	0	0	0	72214
373	72299	0	0	0	0	0	0	0	0	69240
377	72409	0	0	0	0	0	0	72410	0	0
378	72424	0	0	2	0	0	0	0	0	72466
388	72465	0	0	2	0	0	0	0	0	72466
400	72762	0	0	0	0	0	0	0	72679	68985
412	72864	0	0	0	0	0	0	0	0	72884
413	72865	0	0	0	0	0	0	0	0	72884
418	72934	0	0	0	0	0	0	72154	0	0
422	73142	0	0	0	0	0	0	0	69076	0
424	73288	0	0	0	0	0	73251	0	0	0
425	73536	0	0	0	0	0	0	0	73535	0
426	73771	0	0	0	0	0	73770	0	0	0
430	73830	0	0	0	0	0	73829	0	0	0
431	73832	0	0	0	0	0	73831	0	0	0
432	73833	0	0	0	0	0	73834	0	0	0
433	74203	0	0	0	0	0	0	0	75572	75572
434	74204	0	0	0	0	0	0	0	75572	75572
435	74205	0	0	0	0	0	0	0	75572	75572
439	74502	0	0	0	0	0	0	0	0	74502
440	75127	0	0	0	0	0	0	74276	0	0
441	75350	0	0	0	0	0	0	0	0	68529
442	75852	0	0	0	0	0	0	0	75855	0
443	76069	0	0	0	0	0	0	0	61551	0
444	76071	0	0	0	0	0	0	0	61551	0
445	76096	0	0	0	0	0	0	0	61551	0
446	76098	0	0	0	0	0	0	0	61551	0
447	76114	0	0	0	0	0	0	0	61551	0
448	76116	0	0	0	0	0	0	0	61551	0
450	77606	0	0	0	0	0	0	0	77609	0
451	78780	0	0	0	0	0	0	0	75855	0
453	80325	0	0	0	12	0	0	0	0	0
455	81700	0	0	0	0	0	81661	0	0	0
456	3439	0	0	0	0	0	0	0	0	3436
457	5916	0	0	0	12	0	0	0	0	0
458	6408	0	0	0	12	0	0	0	0	0
459	6920	0	0	0	12	0	0	0	0	0
460	7160	0	0	2	0	0	0	0	0	0
461	23452	0	0	0	0	12	0	0	0	0
462	35570	0	0	0	4	0	0	0	0	0
463	65216	0	0	0	0	0	0	0	65234	0
464	65231	0	0	0	0	0	0	0	65234	0
465	65233	0	0	0	0	0	0	0	65234	0
466	65405	0	0	0	0	0	0	0	0	65464
467	65598	0	0	0	0	0	0	0	62776	63024
468	65786	0	0	0	0	0	65911	0	0	0
469	65865	0	0	0	0	0	65911	0	0	0
470	65887	0	0	0	0	0	65911	0	0	0
474	66772	0	0	0	0	0	0	0	46957	0
475	66894	0	0	0	0	0	0	0	66894	0
476	66914	0	0	0	0	0	0	0	0	66894
477	67053	0	0	0	0	0	0	0	0	47020
479	67508	0	0	0	0	0	67502	0	0	0
480	67522	0	0	0	0	0	67502	0	0	0
481	67524	0	0	0	0	0	67502	0	0	0
482	67525	0	0	0	0	0	67502	0	0	0
483	67526	0	0	0	0	0	67502	0	0	0
484	67555	0	0	0	0	0	0	0	0	67476
486	67917	0	0	0	0	0	0	0	0	67919
487	67963	0	0	13	0	0	0	0	0	0
488	68172	0	0	0	0	0	68171	0	0	0
489	68173	0	0	0	0	0	68171	0	0	0
490	68176	0	0	0	0	0	0	68165	0	0
491	68178	0	0	0	0	0	68172	0	0	0
492	68182	0	0	0	0	0	68181	0	0	0
493	68265	0	0	0	0	0	0	0	0	29266
494	68292	0	0	0	0	0	68290	0	0	0
495	68564	0	0	0	0	0	68579	0	0	0
496	68577	0	0	0	0	0	68579	0	0	0
497	68735	0	0	0	0	0	0	0	68735	0
498	68953	0	0	0	0	0	0	68482	0	0
499	69251	0	0	0	0	0	0	0	68630	0
500	69283	0	0	0	0	0	0	0	69010	0
501	69862	0	0	0	0	0	0	0	68651	68651
502	70456	0	0	0	12	0	0	0	0	0
503	70459	0	0	0	0	0	0	70447	0	0
504	70797	0	0	0	0	0	70794	0	0	0
505	70898	0	0	0	0	0	0	0	70899	70899
506	71442	0	0	0	0	0	0	0	71442	0
507	71511	0	0	0	0	0	0	69485	0	0
508	71710	0	0	0	0	0	0	0	71710	0
509	71771	0	0	0	0	0	0	71775	0	0
510	72631	0	0	0	0	0	0	0	72644	0
511	72632	0	0	0	0	0	0	0	72644	0
512	72634	0	0	0	0	0	0	0	72644	0
513	73068	0	0	13	0	0	0	0	0	0
514	73131	0	0	0	0	0	0	0	73132	73132
515	73179	0	0	0	0	0	0	0	73179	0
516	73238	0	0	0	0	0	0	0	46957	0
517	73257	0	0	0	0	0	75990	0	0	0
518	73387	0	0	13	0	0	0	0	0	0
519	73392	0	0	0	12	0	0	0	0	0
520	73486	0	0	0	0	0	0	0	0	73427
521	73570	0	0	0	0	0	0	0	46957	0
522	73601	0	0	0	0	0	0	0	73633	0
523	73603	0	0	0	0	0	0	0	73616	0
524	73608	0	0	0	0	0	0	0	73633	0
525	73609	0	0	0	0	0	0	0	73635	0
526	73610	0	0	0	0	0	0	0	73635	0
527	73611	0	0	0	0	0	0	0	73637	0
528	73612	0	0	0	0	0	0	0	73637	0
529	73648	0	0	0	0	0	0	0	73616	0
531	73873	0	0	0	0	0	0	0	0	73873
532	74003	0	0	0	0	0	0	0	0	74003
533	74010	0	0	0	0	0	74008	0	0	0
534	74011	0	0	0	0	0	74009	0	0	0
535	74012	0	0	0	0	0	74009	0	0	0
536	74013	0	0	0	0	0	74008	0	0	0
537	74087	0	0	0	0	0	0	0	74073	0
538	74089	0	0	0	0	0	0	0	74114	0
539	74101	0	0	0	0	0	0	0	0	74101
540	74351	0	0	0	0	0	0	0	74351	0
541	74415	0	0	13	0	0	0	0	0	0
544	75471	0	0	0	0	0	0	75470	0	0
546	75560	0	0	0	0	0	75990	0	0	0
548	75774	0	0	0	0	0	0	0	0	59632
549	75991	0	0	0	0	0	75990	0	0	0
550	76024	0	0	0	0	0	0	75901	0	0
551	76033	0	0	0	0	0	0	0	0	75919
552	76042	0	0	0	0	0	0	0	76042	0
553	76106	0	0	0	0	0	0	0	76042	0
554	76121	0	0	0	0	0	0	76039	0	0
555	76214	0	0	0	0	0	0	0	0	66326
556	76232	0	0	0	0	0	0	0	0	56512
557	76233	0	0	0	0	0	0	0	0	56512
558	76253	0	0	0	0	0	0	0	0	56512
560	76569	0	0	0	0	0	0	0	0	76569
561	76596	0	0	0	0	0	0	0	76596	76596
562	76676	0	0	0	0	0	0	0	0	76681
564	76859	0	0	0	0	0	76867	0	0	0
565	76887	0	0	0	0	0	0	0	76847	0
566	76889	0	0	0	0	0	0	0	76847	0
567	76894	0	0	0	0	0	0	0	0	76894
568	76904	0	0	0	0	0	0	0	0	76956
570	77055	0	0	0	0	0	0	0	76847	0
571	77231	0	0	0	0	0	0	77224	0	0
572	77275	0	0	0	0	0	0	0	77281	0
573	77313	0	0	0	0	0	0	0	0	77313
574	77475	0	0	0	0	0	0	0	69876	0
575	77645	0	0	0	0	0	0	0	0	77647
576	77720	0	0	2	0	0	0	0	0	0
577	77725	0	0	0	0	0	0	0	77725	0
578	77770	0	0	0	0	0	77736	0	0	0
579	77774	0	0	0	12	0	0	0	0	0
580	77780	0	0	0	12	0	0	0	0	0
581	77806	0	0	0	12	0	0	0	0	0
582	77812	0	0	0	0	0	0	0	0	56512
583	77902	0	0	0	0	0	0	77872	0	0
584	77903	0	0	0	0	0	0	77873	0	0
586	78176	0	0	0	0	0	0	0	76847	0
587	78177	0	0	0	0	0	0	0	0	76894
588	78178	0	0	0	0	0	0	0	76847	0
589	78179	0	0	0	0	0	0	0	76847	0
590	78283	0	0	0	0	0	78279	0	0	0
592	78297	0	0	0	0	0	78308	0	0	0
593	78319	0	0	0	0	0	0	78318	0	0
594	78371	0	0	0	0	0	0	0	62340	0
596	78503	0	0	0	0	0	0	78168	0	0
597	78519	0	0	0	0	0	78516	0	0	0
598	78525	0	0	0	0	0	0	78321	0	0
599	78702	0	0	0	0	0	78703	0	0	0
600	78832	0	0	0	0	0	78837	0	0	0
601	78846	0	0	0	0	0	0	78953	0	0
602	78875	0	0	0	0	0	0	78897	0	0
603	78891	0	0	0	0	0	0	78897	0	0
606	79042	0	0	0	0	0	0	82251	0	0
607	79045	0	0	0	0	0	0	0	78955	0
608	79051	0	0	0	0	0	0	83033	0	0
609	79091	0	0	0	0	0	0	0	0	79098
610	79103	0	0	0	0	0	0	0	0	75511
611	79153	0	0	0	0	0	0	0	0	79098
612	79159	0	0	0	0	0	0	79130	0	0
614	79403	0	0	0	12	0	0	0	0	0
615	79552	0	0	0	0	0	0	0	0	79551
616	79624	0	0	0	0	0	0	78740	0	0
617	79652	0	0	0	0	0	0	79612	0	79652
618	79688	0	0	0	0	0	0	0	0	79688
619	79830	0	0	0	0	0	0	0	0	65219
620	80093	0	0	0	0	0	0	0	0	80093
621	80130	0	0	0	0	0	0	0	0	70157
622	80133	0	0	0	0	0	0	68481	0	0
623	80134	0	0	0	0	0	0	68483	0	0
624	80174	0	0	0	0	0	0	0	0	77647
625	80180	0	0	0	0	0	80186	0	0	0
627	80645	0	0	0	0	0	80766	0	0	0
628	80646	0	0	0	0	0	80769	0	0	0
629	80648	0	0	0	0	0	80768	0	0	0
630	80649	0	0	0	0	0	80764	0	0	0
631	80652	0	0	0	0	0	80770	0	0	0
632	80655	0	0	0	0	0	80762	0	0	0
633	80665	0	0	0	0	0	0	0	80666	0
634	80718	0	0	0	0	0	80763	0	0	0
635	80747	0	0	0	0	0	80767	0	0	0
636	80786	0	0	0	0	0	0	0	74351	0
637	80842	0	0	0	0	0	0	0	74351	0
638	80858	0	0	0	0	0	0	0	74351	0
639	80859	0	0	0	0	0	0	0	74351	0
640	80994	0	0	0	0	0	0	0	80994	0
641	81002	0	0	0	0	0	0	81011	0	0
642	81180	0	0	0	0	0	0	0	74351	0
643	81182	0	0	0	0	0	0	0	74351	0
644	81224	0	0	0	0	0	0	0	0	81227
645	81375	0	0	0	0	0	0	81377	0	0
646	81490	0	0	0	0	0	0	0	81471	0
647	81506	0	0	0	0	0	81514	0	0	0
648	81513	0	0	0	0	0	0	0	81513	0
649	81514	0	0	0	0	0	81513	0	81514	0
650	81541	0	0	0	0	0	81514	0	0	0
652	81683	0	0	0	12	0	0	0	0	0
688	6607	0	0	0	0	0	0	0	0	11920
689	82058	0	0	2	0	0	0	0	0	0
690	82229	0	0	0	0	0	0	83020	0	78947
691	82273	0	0	0	0	0	0	0	74351	0
692	82274	0	0	0	0	0	0	0	74351	0
710	81526	0	0	0	0	0	0	0	81525	0
711	82617	0	0	0	0	0	0	0	0	82617
712	82644	0	0	0	0	0	77559	0	0	0
713	82717	0	0	0	12	0	0	0	0	0
714	82788	0	0	0	12	0	0	0	0	0
715	82820	0	0	0	12	0	0	0	0	0
716	82823	0	0	0	0	0	0	0	74351	0
717	82828	0	0	0	0	0	0	0	0	65219
721	75056	0	0	0	0	0	0	0	0	82864
722	82870	0	0	0	0	0	0	0	74351	0
727	82970	0	0	0	0	0	0	82962	0	0
728	83024	0	0	0	0	0	0	83022	0	78948
729	83044	0	0	0	0	0	0	81377	0	0
730	83045	0	0	0	0	0	0	81377	0	0
731	31674	0	13	0	0	0	0	0	0	0
732	31675	0	13	0	0	0	0	0	0	0
733	31676	0	13	0	0	0	0	0	0	0
737	83242	0	0	0	0	0	0	0	61431	0
738	83243	0	0	0	0	0	0	0	61431	0
739	83244	0	0	0	0	0	0	0	61431	0
740	83245	0	0	0	0	0	0	0	61431	0
748	83791	0	0	0	0	0	0	0	83812	0
749	83794	0	0	0	0	0	0	0	83814	0
751	83795	0	0	0	0	0	0	0	83815	0
752	82766	0	0	0	0	0	0	83863	0	0
755	83946	0	0	0	0	0	0	0	0	83569
756	84348	0	0	0	12	0	0	0	0	0
757	83051	0	0	0	0	0	0	0	0	83089
758	84402	0	0	0	0	0	0	0	0	84402
759	84442	0	0	0	12	0	0	0	0	0
761	84438	0	0	0	0	0	0	0	0	84523
762	83446	0	0	0	0	0	0	0	0	83089
763	83872	0	0	0	0	0	0	0	0	83872
764	84618	0	0	0	0	0	0	0	83815	0
766	84623	0	0	0	0	0	0	0	83815	0
769	79629	0	0	0	0	0	0	0	0	78726
771	83151	0	0	0	0	0	0	0	84589	0
773	31851	0	13	0	0	0	0	0	0	0
774	31852	0	13	0	0	0	0	0	0	0
775	84974	0	0	0	0	0	84979	0	0	0
776	85064	0	5	0	0	0	0	0	0	0
778	83498	0	0	0	0	0	0	0	0	83498
779	85257	0	0	0	0	0	0	0	0	85257
782	85288	0	17	0	0	0	0	0	0	0
783	85378	0	0	0	0	0	0	0	74351	0
784	17877	0	0	2	0	0	0	0	0	0
786	85085	0	0	0	0	22	0	0	0	0
787	85158	0	0	0	0	22	0	0	0	0
788	85159	0	0	0	0	22	0	0	0	0
793	85714	0	0	0	0	0	85709	0	85712	0
794	85715	0	0	0	0	0	85711	0	85712	0
797	85799	0	0	0	0	0	0	0	0	85799
798	85842	0	0	0	0	0	0	0	0	85847
800	85870	0	0	0	0	0	0	0	85870	0
801	85868	0	0	0	0	0	0	0	85868	0
802	85869	0	0	0	0	0	0	0	85869	0
803	85871	0	0	0	0	0	0	0	85871	0
805	7355	0	0	0	0	0	0	0	44521	0
808	86199	0	0	0	0	0	0	0	0	86202
809	86228	0	0	0	0	0	0	86202	0	86415
810	86237	0	0	0	12	0	0	0	0	0
812	49560	0	0	0	0	0	0	0	0	86315
817	31790	0	0	0	0	0	0	0	0	86315
819	86301	0	0	0	0	0	0	0	0	86415
820	86406	0	0	0	0	0	0	0	0	86202
821	85730	0	0	0	0	0	0	0	1134	0
822	20234	0	0	13	0	0	0	0	0	0
823	83790	0	0	0	0	0	84589	0	0	0
824	86495	0	0	0	0	0	0	0	0	86202
829	86607	0	0	0	0	0	0	0	0	88518
832	86796	0	0	0	0	0	0	86780	0	0
833	86673	0	0	0	0	0	0	0	0	86214
834	86832	0	0	0	0	0	0	0	0	86202
839	87080	0	0	0	12	0	0	0	0	0
843	81099	0	0	0	0	0	0	0	49152	0
844	87269	0	0	0	0	0	87270	0	0	0
845	87294	0	0	0	0	0	0	68735	0	0
846	87295	0	0	0	0	0	0	68735	0	0
848	78703	0	0	0	0	0	0	0	78703	0
849	78837	0	0	0	0	0	0	0	78837	0
855	87790	0	0	0	0	0	0	0	87790	0
856	87777	0	0	0	0	0	0	0	87790	0
858	74702	0	0	0	0	0	0	0	0	75538
859	74701	0	0	0	0	0	0	0	75538	0
860	88048	0	0	0	0	0	0	0	0	88027
861	88050	0	0	0	0	0	0	88027	0	0
863	88125	0	0	0	0	0	0	0	0	88125
864	88152	0	0	0	0	0	0	0	88152	0
866	88190	0	0	0	0	0	0	0	0	88027
868	88222	0	0	0	0	0	0	0	0	88222
869	88291	0	0	0	0	0	0	0	88152	0
870	88314	0	0	0	0	0	0	0	0	88314
873	88332	0	0	0	0	0	0	0	0	88350
874	88354	0	0	2	0	0	0	0	0	0
877	75978	0	0	0	0	0	0	0	77815	0
878	88426	0	0	0	0	0	0	88425	0	0
879	78068	0	0	0	0	0	0	0	0	78199
880	78359	0	0	0	0	0	0	0	0	77901
881	88287	0	0	0	0	0	0	0	0	78412
882	88473	0	0	0	0	0	0	0	0	88333
886	88814	0	0	0	0	0	0	0	0	81947
889	88914	0	0	0	0	0	0	0	0	88914
890	85401	0	0	0	0	0	0	0	0	88914
892	88903	0	0	0	0	0	0	0	0	89112
893	85717	0	0	0	0	0	85709	0	0	0
897	89562	0	0	0	0	0	89261	0	0	0
898	89568	0	0	0	0	0	0	0	0	89568
899	89549	0	0	0	0	0	0	0	0	89560
900	89548	0	0	0	0	0	0	0	0	89560
901	89560	0	0	0	0	0	0	0	89548	0
902	89627	0	0	0	0	0	0	0	0	89627
903	88066	0	0	0	0	0	0	0	0	88066
905	85422	0	0	0	0	0	0	0	89813	0
906	86205	0	0	0	0	0	0	0	89813	0
907	89821	0	0	0	0	0	0	0	0	89824
914	90328	0	0	0	12	0	0	0	0	0
915	82411	0	0	0	0	0	0	0	0	82411
918	90444	0	0	0	0	0	0	0	0	90489
919	90484	0	0	0	0	0	0	0	0	90489
930	90765	0	0	0	0	0	0	0	90736	0
931	90871	0	0	13	0	0	0	0	0	0
932	90874	0	0	13	0	0	0	0	0	0
933	90945	0	0	0	0	0	0	0	0	86202
934	90954	0	0	0	12	0	0	0	0	0
936	90976	0	0	13	0	0	0	0	0	0
939	88272	0	0	0	0	0	0	0	0	87860
941	91189	0	0	0	0	0	0	0	91196	0
943	91314	0	0	0	0	0	89352	0	0	0
944	91313	0	0	0	0	0	89353	0	0	0
945	91303	0	0	0	0	0	0	0	0	73879
949	91837	0	0	0	0	0	63560	0	0	0
950	91802	0	0	0	0	0	63560	0	0	0
952	91797	0	0	0	0	0	63560	0	0	0
953	91778	0	0	0	0	0	63560	0	0	0
954	91858	0	0	0	0	0	0	0	0	78726
968	92023	0	0	0	0	0	0	79501	0	0
972	92007	0	0	0	0	0	92013	0	0	0
973	92008	0	0	0	0	0	92017	0	0	0
974	92011	0	0	0	0	0	92021	0	0	0
975	92042	0	0	0	0	0	92038	0	0	0
976	92048	0	0	0	0	0	0	79888	0	0
977	92129	0	0	0	0	0	0	0	92134	0
978	92238	0	0	0	0	0	0	0	92239	0
980	87151	0	0	0	0	0	87154	0	0	0
981	92265	0	0	0	0	0	92306	0	0	0
982	92307	0	0	0	0	0	0	0	0	92307
983	92075	0	0	0	0	0	0	0	0	92067
984	92067	0	0	0	0	0	0	0	0	92075
986	92426	0	0	0	0	0	92427	0	0	0
987	92443	0	0	0	0	0	0	0	0	49946
991	75697	0	0	0	0	0	0	0	75732	0
993	92590	0	0	0	0	0	0	0	92590	0
994	92591	0	0	0	0	0	0	0	92591	0
995	92620	0	0	0	0	0	0	0	0	92619
996	92113	0	0	0	0	0	0	0	0	92113
997	92661	0	0	0	12	0	0	0	0	0
998	92685	0	0	0	0	0	0	0	0	92685
1000	90047	0	0	0	0	0	0	0	0	92001
1001	91786	0	0	0	0	0	0	0	0	92722
1002	92747	0	0	0	0	0	0	0	0	91043
1004	92857	0	0	0	12	0	0	0	0	0
1015	1134	0	0	0	0	0	0	0	85730	0
1022	92918	0	0	13	0	0	0	0	0	0
1023	93046	0	0	0	12	0	0	0	0	0
1025	74899	0	0	0	0	0	0	0	74899	0
1043	63560	0	0	0	0	0	93426	0	0	0
1045	93791	0	0	0	0	0	0	0	79636	0
1047	93819	0	0	0	0	0	80766	0	0	0
1048	93852	0	0	0	0	0	93730	0	0	0
1053	78868	0	0	0	0	0	0	78897	0	0
1054	94211	0	0	0	0	0	0	0	0	94131
1055	79318	0	0	0	0	0	0	0	0	94131
1056	94241	0	0	0	0	0	0	0	0	94241
1057	73108	0	0	0	0	0	0	0	94266	0
1064	89261	0	0	0	0	0	0	0	89261	0
1065	71714	0	0	0	0	0	0	0	0	94131
1066	82928	0	0	0	0	0	82926	0	0	0
1067	89420	0	0	0	0	0	74434	0	0	0
1068	82948	0	0	0	0	0	77769	0	0	0
1069	82945	0	0	0	0	0	77769	0	0	0
1070	82941	0	0	0	0	0	77769	0	0	0
1071	60192	0	0	0	0	0	77769	0	0	0
1072	82939	0	0	0	0	0	77769	0	0	0
1073	92315	0	0	0	0	0	48108	0	0	0
1074	94447	0	0	0	0	0	33891	0	0	0
1075	94561	0	0	0	0	0	0	0	0	94562
1079	88983	0	0	0	0	0	88981	0	0	0
1084	78859	0	0	0	0	0	0	0	0	94660
1088	94682	0	0	0	0	0	0	0	0	91333
1089	81170	0	0	0	0	0	109881	0	0	0
1090	83112	0	0	0	0	0	0	0	0	83339
1091	76211	0	0	0	0	0	0	76274	0	0
1092	83900	0	0	0	0	0	0	0	0	88811
1093	91196	0	0	0	0	0	0	0	0	81947
1094	1850	0	0	0	0	0	0	0	96223	0
1095	83171	0	0	0	0	0	0	0	0	83339
1102	95334	0	0	0	0	0	0	0	0	95336
1103	95341	0	0	0	0	0	92427	0	0	0
1109	95676	0	0	0	0	0	0	0	78360	78360
1111	95723	0	0	0	0	0	0	0	0	56512
1112	95724	0	0	0	0	0	0	0	0	56512
1119	90800	0	0	0	0	0	0	0	90763	0
1131	79330	0	0	0	0	0	0	0	70628	0
1135	95820	0	0	0	0	0	0	0	0	95819
1136	77987	0	0	0	0	0	0	0	0	77615
1137	79332	0	0	0	0	0	0	0	0	79332
1138	95863	0	0	0	0	0	0	0	0	94687
1139	74016	0	0	0	0	0	0	0	0	69513
1140	74017	0	0	0	0	0	0	0	69513	69513
1145	82151	0	0	0	0	0	0	0	0	91317
1149	89024	0	0	0	0	0	0	0	32733	0
1157	79402	0	0	0	0	0	0	0	0	95966
1159	24918	0	0	0	0	0	0	0	0	24918
1171	96087	0	0	0	0	0	0	0	0	96087
1172	83910	0	0	0	0	0	0	0	88811	0
1176	76784	0	0	0	0	0	0	0	0	76714
1178	96190	0	0	0	0	0	0	0	0	96190
1179	68992	0	0	0	0	0	0	0	96223	0
1180	2983	0	0	0	0	0	0	0	96223	0
1181	90088	0	0	0	0	0	0	0	0	90088
1182	79242	0	0	0	0	0	0	0	0	90088
1183	96241	0	0	0	0	0	0	0	0	90088
1184	96243	0	0	0	12	0	0	0	0	0
1185	96274	0	0	0	0	0	0	0	46957	0
1186	96275	0	0	0	0	0	0	0	46957	0
1190	96325	0	0	0	0	0	0	0	0	96844
1191	96328	0	0	0	0	0	0	0	0	96329
1192	96326	0	0	0	0	0	0	0	0	96329
1193	96344	0	0	0	0	0	0	0	0	86202
1194	67569	0	0	0	0	0	0	0	67570	0
1208	88684	0	0	0	0	0	81208	0	0	0
1209	88685	0	0	0	0	0	81206	0	0	0
1210	86213	0	0	0	0	0	86211	0	0	0
1211	96423	0	0	0	0	0	0	0	0	96423
1213	633	0	0	0	0	0	0	0	0	61988
1216	96686	0	0	0	0	0	0	0	0	83569
1218	96563	0	0	0	0	0	0	0	96563	0
1219	95499	0	0	0	0	0	0	0	0	80161
1220	96834	0	0	0	0	0	0	0	0	96834
1221	96844	0	0	0	0	0	0	0	0	96329
1223	96934	0	0	0	0	0	96923	0	0	0
1226	97005	0	0	0	0	0	0	0	0	97005
1227	97017	0	0	0	0	0	0	0	97019	0
1228	97018	0	0	0	0	0	97019	0	0	0
1230	97025	0	0	0	0	0	0	0	0	97025
1232	97127	0	0	0	0	0	96923	0	0	0
1234	97164	0	0	0	4	0	0	0	0	0
1235	82871	0	0	0	0	0	0	0	0	82881
1241	97276	0	0	0	0	0	97265	0	0	0
1242	97284	0	0	0	0	0	97265	0	0	0
1243	97363	0	0	0	0	0	0	0	0	97363
1248	96331	0	0	0	0	4	0	0	0	96332
1249	97427	0	0	0	0	0	0	0	0	97427
1274	97529	0	0	0	0	0	0	0	0	97530
1275	49759	0	0	0	0	0	0	0	0	49759
1278	97405	0	0	0	0	0	0	0	0	94044
1279	97661	0	0	0	0	0	0	0	0	93481
1280	97692	0	0	0	12	0	0	0	0	0
1282	97723	0	0	0	0	0	0	0	96563	0
1284	97750	0	0	0	0	0	0	97741	0	0
1285	97761	0	0	0	0	0	0	97742	0	0
1286	97762	0	0	0	0	0	0	97743	0	0
1287	97763	0	0	0	0	0	0	97744	0	0
1288	97764	0	0	0	0	0	0	97745	0	0
1289	97765	0	0	0	0	0	0	97746	0	0
1290	97771	0	0	0	0	0	0	97748	0	0
1291	97781	0	0	0	0	0	97797	0	97797	0
1292	97782	0	0	0	0	0	97797	0	97797	0
1293	97783	0	0	0	0	0	97797	0	97797	0
1294	97784	0	0	0	0	0	97797	0	97797	0
1295	97785	0	0	0	0	0	97797	0	97797	0
1296	97786	0	0	0	0	0	97797	0	97797	0
1303	97812	0	0	0	0	0	0	1	0	0
1304	97815	0	0	0	0	0	1	0	0	0
1305	97836	0	11	0	0	0	0	0	0	0
1306	97837	0	11	0	0	0	0	0	0	0
1307	97838	0	11	0	0	0	0	0	0	0
1308	97839	0	11	0	0	0	0	0	0	0
1309	97840	0	11	0	0	0	0	0	0	0
1310	97841	0	11	0	0	0	0	0	0	0
1311	97842	0	0	0	0	0	97797	0	97797	0
1312	97871	0	0	0	0	0	97799	0	0	0
1313	97874	0	0	0	0	0	97799	0	0	0
1315	97876	0	0	0	0	0	97799	0	0	0
1317	97886	0	0	0	12	0	0	0	0	0
1320	97901	0	0	0	0	0	0	0	0	65219
1321	97928	0	0	0	0	0	0	0	0	93481
1325	97978	0	0	0	0	0	97969	0	0	0
1326	98000	0	0	0	0	0	97970	0	0	0
1327	98006	0	0	0	0	0	0	0	0	98006
1329	98015	0	0	0	0	0	0	0	0	98015
1331	98018	0	0	0	0	0	97972	0	0	98018
1333	98028	0	0	0	0	0	0	98006	0	0
1335	98037	0	0	0	0	0	0	98015	0	0
1337	98039	0	0	0	0	0	0	98018	0	0
1340	97791	0	0	0	0	0	97799	0	0	0
1341	97793	0	0	0	0	0	97799	0	0	0
1342	97794	0	0	0	0	0	97799	0	0	0
1343	97792	0	0	0	0	0	97799	0	0	0
1344	98047	0	0	0	0	0	0	0	0	98047
1345	98046	0	0	0	0	0	0	0	0	98046
1346	98082	0	0	0	0	0	0	0	0	98082
1351	98154	0	0	0	0	0	0	0	0	93481
1354	98238	0	0	0	0	0	0	0	0	96446
1365	97202	0	0	0	0	0	0	0	0	99146
1366	77764	0	0	0	0	0	0	0	96223	0
1367	77761	0	0	0	0	0	5487	0	96223	0
1369	47000	0	0	0	0	0	0	0	96223	0
1370	87833	0	0	0	0	0	0	0	96223	0
1371	13141	0	0	0	0	0	0	0	96223	0
1372	55004	0	0	0	0	0	0	0	96223	0
1373	8892	0	0	0	0	0	0	0	96223	0
1374	51582	0	0	0	0	0	0	0	96223	0
1375	64128	0	0	0	0	0	0	0	96223	0
1376	23451	0	0	0	0	0	0	0	96223	0
1383	98624	0	0	0	0	0	0	0	98624	98619
1384	88268	0	0	0	0	0	0	0	0	88277
1390	98944	0	0	0	0	0	0	98946	0	0
1391	98981	0	0	0	0	0	0	0	0	98981
1392	99018	0	0	0	0	0	98838	0	0	0
1393	99046	0	0	0	0	0	99044	0	0	0
1394	99047	0	0	0	0	0	99047	0	0	0
1395	99083	0	0	0	0	0	0	0	0	99146
1396	871	0	0	0	0	0	0	0	98836	0
1397	20230	0	0	0	0	0	0	0	98836	0
1398	1719	0	0	0	0	0	0	0	98836	0
1399	99096	0	0	0	0	0	0	98946	0	0
1400	88264	0	0	0	0	0	0	0	0	88277
1401	99179	0	0	0	0	0	0	99150	0	0
1402	99133	0	0	0	0	0	0	0	0	99146
1404	99223	0	0	0	0	0	0	0	0	99146
1405	99231	0	0	0	0	0	0	0	0	99146
1407	99307	0	0	0	0	0	0	0	0	99305
1409	99361	0	0	0	0	0	0	0	99359	0
1410	99362	0	0	0	0	0	0	0	99359	0
1411	99308	0	0	0	0	0	0	0	99362	0
1412	99130	0	0	0	0	0	0	0	0	99146
1413	99435	0	0	0	0	0	0	0	0	99424
1414	99479	0	0	0	0	0	0	0	0	99478
1417	97365	0	0	0	0	0	0	0	96695	96695
1418	98868	0	0	0	0	0	0	0	0	98619
1419	99274	0	0	0	0	0	0	0	0	99274
1420	99275	0	0	0	0	0	0	0	0	99275
1421	99427	0	0	0	0	0	0	0	0	99427
1422	99461	0	0	0	0	0	0	0	0	99565
1423	99592	0	0	0	0	0	0	0	0	99594
1424	99599	0	0	0	0	0	0	99598	0	0
1425	99614	0	0	0	0	0	0	99598	0	0
1427	99616	0	0	0	0	0	0	0	0	98384
1428	99617	0	0	0	0	0	0	0	0	98384
1431	99697	0	0	0	0	0	0	0	99697	0
1432	99744	0	0	0	0	0	0	0	0	99744
1433	96041	0	0	0	0	0	0	0	0	97186
1434	99304	0	0	0	0	0	0	0	0	99304
1435	99332	0	0	0	0	0	0	0	0	99332
1436	99822	0	0	0	0	0	0	0	0	98384
1437	97186	0	0	0	0	0	0	96041	0	0
1440	99857	0	0	0	0	0	0	0	0	99332
1442	98928	0	0	0	0	0	0	0	0	98928
1443	99918	0	0	0	0	0	99916	0	0	0
1445	99913	0	0	0	0	0	0	0	99916	0
1447	99994	0	0	0	0	0	0	0	0	99995
1448	100024	0	0	0	0	0	0	0	99362	0
1449	98885	0	0	0	0	0	0	0	0	98885
1451	99463	0	0	0	0	0	0	0	99127	0
1458	100202	0	0	0	0	0	0	0	100202	0
1459	100203	0	0	0	0	0	0	0	100203	0
1460	100204	0	0	0	0	0	0	0	100204	0
1461	100205	0	0	0	0	0	0	0	100205	0
1465	96017	0	0	0	0	0	96005	0	0	0
1466	96026	0	0	0	0	0	96005	0	0	0
1467	100030	0	0	0	0	0	100028	0	0	0
1468	100068	0	0	0	0	0	100028	0	0	0
1469	100277	0	0	0	0	0	100278	0	0	0
1477	98301	0	0	0	0	0	0	0	0	100139
1478	100336	0	0	0	0	0	0	97747	0	0
1480	48890	0	0	0	0	0	0	0	48890	0
1481	48889	0	0	0	0	0	0	0	48889	0
1482	48891	0	0	0	0	0	0	0	48891	0
1483	48892	0	0	0	0	0	0	0	48892	0
1484	100400	0	0	0	0	0	0	0	0	5384
1485	98151	0	0	0	0	0	0	0	98193	98193
1486	91551	0	0	0	0	0	0	0	66908	66908
1487	99945	0	0	0	0	0	0	0	100415	0
1490	100462	0	0	0	0	0	0	0	0	93970
1491	100070	0	0	0	0	0	0	0	0	93970
1492	99565	0	0	0	0	0	0	0	0	99565
1493	100537	0	0	0	0	0	0	0	100537	0
1495	100558	0	0	0	0	0	0	0	0	100558
1500	97375	0	0	0	0	0	0	98549	0	0
1501	100613	0	0	0	0	0	0	98550	0	0
1502	100642	0	0	0	0	0	0	0	0	99304
1504	100677	0	0	0	0	0	0	0	100677	0
1506	100694	0	0	0	0	0	0	0	100694	0
1519	100751	0	0	0	0	0	0	0	0	100673
1522	100713	0	0	0	0	0	0	0	0	100713
1528	100823	0	0	0	0	0	0	100713	0	0
1536	99526	0	0	0	0	0	0	0	100048	0
1537	100950	0	0	0	0	0	0	0	0	86315
1538	100966	0	0	0	0	0	0	0	0	100713
1540	100992	0	0	0	0	0	98185	0	0	0
1541	101012	0	0	0	0	0	101010	0	0	0
1542	99020	0	0	0	0	0	0	0	0	99020
1543	100941	0	0	0	0	22	0	0	0	100713
1546	100324	0	0	0	0	0	0	100274	0	0
1547	101062	0	0	0	0	0	114255	0	0	0
1548	101088	0	0	0	0	0	0	0	0	98928
1551	101118	0	0	0	0	0	0	101110	0	0
1554	101132	0	0	0	0	0	0	84683	0	0
1574	101369	0	0	0	0	0	97797	0	97797	0
1575	101370	0	0	0	0	0	97797	0	97797	0
1576	101371	0	0	0	0	0	97797	0	97797	0
1577	101372	0	0	0	0	0	97797	0	97797	0
1578	101374	0	0	0	0	0	97797	0	97797	0
1579	101375	0	0	0	0	0	97797	0	97797	0
1580	101140	0	0	0	0	0	0	101093	0	0
1581	101390	0	0	0	0	0	101391	0	101392	0
1582	100276	0	0	0	0	0	0	100274	0	0
1583	101393	0	0	0	0	0	1	0	0	0
1584	101400	0	0	0	12	0	0	0	0	0
1586	98973	0	0	0	0	0	0	0	0	99557
1587	98984	0	0	0	0	0	0	0	0	99557
1588	98986	0	0	0	0	0	0	0	0	99557
1593	101505	0	0	0	0	0	101391	0	101392	0
1594	101506	0	0	0	0	0	101391	0	101392	0
1596	101509	0	0	0	0	0	101391	0	101392	0
1597	101510	0	0	0	0	0	101391	0	101392	0
1598	101530	0	0	0	0	0	101391	0	101392	0
1599	101531	0	0	0	0	0	101391	0	101392	0
1600	101532	0	0	0	0	0	101391	0	101392	0
1601	101533	0	0	0	0	0	101391	0	101392	0
1602	101534	0	0	0	0	0	101391	0	101392	0
1603	101571	0	0	0	0	0	0	0	98624	98619
1604	101650	0	0	0	0	0	0	0	0	52127
1606	101337	0	0	0	0	0	0	0	0	101337
1607	99999	0	0	0	0	0	0	0	0	100048
1610	100459	0	0	0	0	0	0	0	0	100460
1614	98832	0	0	0	0	0	0	0	69815	69815
1617	101842	0	0	0	0	0	0	0	0	101842
1623	99345	0	0	0	0	0	0	0	99345	99345
1624	101812	0	0	0	0	0	0	0	0	101540
1625	101996	0	0	0	0	0	0	0	0	101996
1634	102120	0	0	0	0	0	102116	0	0	0
1637	102160	0	0	0	0	0	0	102157	0	0
1644	102187	0	0	0	0	0	0	0	0	102443
1645	102303	0	0	0	0	0	0	0	102303	102303
1654	102416	0	0	0	0	0	0	0	0	65219
1655	102417	0	0	0	0	0	0	0	0	65219
1658	102223	0	0	0	0	0	0	0	0	102341
1659	102547	0	0	0	12	0	0	0	0	0
1660	102549	0	0	0	0	0	0	0	0	102549
1661	102632	0	0	0	0	0	0	0	102630	102630
1662	102762	0	0	0	0	0	0	102758	0	0
1665	99916	0	0	0	0	0	0	0	0	99916
1672	102865	0	0	0	0	0	102554	0	0	0
1673	102921	0	0	0	12	0	0	0	0	0
1675	102978	0	0	0	0	0	0	0	0	43415
1683	103538	0	0	0	0	0	0	0	103245	103245
1684	103419	0	0	0	0	0	0	0	103562	103562
1687	103684	0	0	0	0	0	0	0	0	103744
1689	103753	0	0	0	0	0	0	103570	0	0
1690	103781	0	0	0	0	0	0	0	0	103744
1693	103884	0	0	0	0	0	0	103885	0	0
1694	103999	0	0	0	0	0	0	0	103986	103986
1695	103977	0	0	0	0	0	0	0	103977	0
1696	104007	0	0	0	0	0	0	104016	0	0
1697	103924	0	0	0	0	0	0	104016	0	0
1698	104008	0	0	0	0	0	0	104016	0	0
1699	104011	0	0	0	0	0	0	104016	0	0
1700	104052	0	0	0	0	0	0	104016	0	0
1701	104056	0	0	0	0	0	0	104016	0	0
1702	104136	0	0	0	0	0	62388	0	0	0
1707	104324	0	0	0	0	0	0	104016	0	0
1708	104332	0	0	0	0	0	0	104334	0	0
1714	104387	0	0	0	0	0	0	0	0	104494
1726	104205	0	0	0	0	0	0	0	0	104494
1727	103913	0	0	0	0	0	0	0	0	102994
1729	79833	0	0	0	0	0	0	0	0	79061
1732	105031	0	0	0	0	0	104898	0	0	0
1734	105033	0	0	0	0	0	104897	0	0	105033
1739	105098	0	0	0	0	0	105089	0	0	0
1740	105112	0	0	0	0	0	0	98709	0	0
1744	105171	0	0	0	0	0	104896	0	0	0
1746	105241	0	0	0	0	0	0	105223	0	0
1748	105306	0	0	0	0	0	0	0	105305	105305
1753	105335	0	0	0	0	0	0	0	0	105335
1755	105419	0	0	0	0	0	0	0	0	105418
1756	105418	0	0	0	0	0	0	0	0	105419
1757	105438	0	0	0	0	0	0	0	0	105438
1759	105496	0	0	0	0	0	0	105493	0	0
1760	105520	0	0	0	0	0	0	0	105520	0
1764	100650	0	0	0	0	0	0	0	99846	0
1765	105573	0	0	0	0	0	0	0	0	77901
1766	105635	0	0	0	0	0	0	0	0	102994
1767	105637	0	0	0	0	0	104894	0	0	0
1769	105674	0	0	0	0	0	105089	0	0	0
1771	105695	0	0	0	0	0	0	0	0	105695
1772	105716	0	0	0	0	0	0	98709	0	0
1773	105034	0	0	0	0	0	105027	0	0	0
1774	105636	0	0	0	0	0	104894	0	0	0
1775	105748	0	0	0	0	22	0	0	0	0
1776	105749	0	0	0	0	22	0	0	0	105749
1777	105750	0	0	0	0	22	0	0	0	0
1788	105839	0	0	0	12	0	0	0	0	0
1790	105891	0	0	0	0	0	0	0	105890	105890
1791	105892	0	0	0	0	0	0	0	105889	105889
1792	105904	0	0	0	0	0	0	0	0	105354
1793	103635	0	0	0	0	0	0	0	0	105354
1795	105916	0	0	0	0	22	0	0	0	0
1796	104936	0	0	0	0	0	0	0	105828	0
1797	105065	0	0	0	0	0	0	0	105828	0
1798	105067	0	0	0	0	0	0	0	105828	0
1799	105069	0	0	0	0	0	0	0	105828	0
1809	106067	0	0	0	0	0	1784	0	0	0
1811	106077	0	0	0	0	0	0	0	106078	106078
1814	106080	0	0	0	0	0	0	93098	0	0
1816	106224	0	0	0	0	0	0	84840	0	0
1817	106226	0	0	0	0	0	0	84839	0	0
1818	106227	0	0	0	0	0	0	93099	0	0
1820	106248	0	0	0	0	0	105828	0	0	0
1823	106307	0	0	0	12	0	0	0	0	0
1824	106308	0	0	0	0	0	0	0	0	106341
1825	106368	0	0	0	0	0	0	0	0	106368
1828	106374	0	0	0	0	0	0	106368	106381	0
1829	106375	0	0	0	0	0	0	106368	0	0
1830	106380	0	0	0	0	0	0	0	106390	0
1831	106379	0	0	0	0	0	0	0	106390	0
1832	106378	0	0	0	0	0	0	0	106390	0
1833	106372	0	0	0	0	0	0	0	106390	0
1834	106376	0	0	0	0	0	0	0	106390	0
1835	106377	0	0	0	0	0	0	0	106390	0
1836	106423	0	0	0	0	0	0	106422	0	0
1837	106323	0	0	0	0	0	106424	0	0	0
1846	106455	0	0	0	0	0	106454	0	0	0
1848	106488	0	0	0	0	0	0	118961	0	0
1850	106514	0	0	0	0	0	0	106602	0	106615
1853	105710	0	0	0	0	0	0	0	0	105710
1854	106536	0	0	0	0	0	81355	0	0	0
1855	106442	0	0	0	0	0	0	0	105710	0
1856	105712	0	0	0	0	0	0	0	105710	0
1857	106443	0	0	0	0	0	0	0	105710	0
1858	105711	0	0	0	0	0	0	0	105710	0
1860	106560	0	0	0	0	0	0	0	0	106560
1866	106603	0	0	0	0	0	0	0	106603	106603
1869	106668	0	0	0	0	0	0	0	106663	0
1870	106666	0	0	0	0	0	0	0	0	106668
1871	106663	0	0	0	0	0	0	0	106668	0
1872	106669	0	0	0	0	0	0	0	0	106663
1873	106670	0	0	0	0	0	0	0	106672	0
1874	106672	0	0	0	0	0	0	0	106670	0
1875	106674	0	0	0	0	0	0	0	106676	0
1876	106676	0	0	0	0	0	0	0	106674	0
1877	106680	0	0	0	0	0	106620	0	0	0
1878	106681	0	0	0	0	0	0	0	106620	0
1879	106671	0	0	0	0	0	0	0	0	106672
1880	106682	0	0	0	0	0	0	0	0	106682
1883	106789	0	0	0	0	0	0	0	0	106791
1884	106723	0	0	0	0	0	0	0	106723	0
1885	106454	0	0	0	0	0	0	0	106454	0
1887	106330	0	0	0	0	0	0	118961	0	0
1891	106898	0	0	0	0	0	0	0	96223	0
1892	106901	0	0	0	0	0	101391	0	101392	0
1893	106903	0	0	0	0	0	101391	0	101392	0
1894	106905	0	0	0	0	0	101391	0	101392	0
1895	106906	0	0	0	0	0	101391	0	101392	0
1896	106907	0	0	0	0	0	101391	0	101392	0
1897	106908	0	0	0	0	0	101391	0	101392	0
1898	106910	0	0	0	0	0	101391	0	101392	0
1900	107016	0	0	0	0	0	0	0	0	106614
1901	102445	0	0	0	0	0	0	0	107058	107058
1903	107082	0	0	0	0	0	0	0	79636	0
1906	107125	0	0	0	0	0	101391	0	101392	0
1907	107126	0	0	0	0	0	101391	0	101392	0
1908	106677	0	0	0	0	0	0	0	0	106674
1909	107143	0	0	0	0	0	0	107147	0	0
1912	107177	0	0	0	0	0	101391	0	101392	0
1913	107178	0	0	0	0	0	101391	0	101392	0
1914	107179	0	0	0	0	0	101391	0	101392	0
1915	107180	0	0	0	0	0	101391	0	101392	0
1916	107181	0	0	0	0	0	101391	0	101392	0
1918	107183	0	0	0	0	0	101391	0	101392	0
1919	107185	0	0	0	0	0	101391	0	101392	0
1920	107186	0	0	0	0	0	101391	0	101392	0
1921	107189	0	0	0	0	0	101391	0	101392	0
1922	107190	0	0	0	0	0	101391	0	101392	0
1923	107191	0	0	0	0	0	101391	0	101392	0
1924	107192	0	0	0	0	0	101391	0	101392	0
1925	107193	0	0	0	0	0	101391	0	101392	0
1926	107194	0	0	0	0	0	101391	0	101392	0
1927	107195	0	0	0	0	0	101391	0	101392	0
1928	107196	0	0	0	0	0	101391	0	101392	0
1929	107198	0	0	0	0	0	101391	0	101392	0
1930	107204	0	0	0	0	0	101391	0	101392	0
1931	107207	0	0	0	0	0	101391	0	101392	0
1932	107208	0	0	0	0	0	101391	0	101392	0
1933	107209	0	0	0	0	0	101391	0	101392	0
1934	107210	0	0	0	0	0	101391	0	101392	0
1935	107211	0	0	0	0	0	101391	0	101392	0
1936	107212	0	0	0	0	0	101391	0	101392	0
1937	107213	0	0	0	0	0	101391	0	101392	0
1938	107218	0	0	0	0	0	101391	0	101392	0
1939	107296	0	0	0	0	0	101391	0	101392	0
1940	107298	0	0	0	0	0	101391	0	101392	0
1941	107299	0	0	0	0	0	101391	0	101392	0
1942	107300	0	0	0	0	0	101391	0	101392	0
1943	107301	0	0	0	0	0	101391	0	101392	0
1967	107344	0	0	0	0	0	101391	0	101392	0
1968	107354	0	0	0	0	0	0	0	0	107123
1982	107427	0	0	0	0	0	0	0	96223	0
1985	103013	0	0	0	0	0	0	0	0	107455
1986	103021	0	0	0	0	0	0	0	0	107455
1987	103558	0	0	0	0	0	0	0	0	107455
1988	102990	0	0	0	0	0	0	0	0	107455
1989	103002	0	0	0	0	0	0	0	0	107455
1990	107497	0	0	0	0	0	0	0	0	107031
1991	103016	0	0	0	22	0	0	0	0	107455
1998	105544	0	0	0	0	0	0	0	0	102994
2001	107823	0	0	0	0	0	0	0	107825	107825
2014	107896	0	0	0	0	0	0	0	107825	107825
2015	102994	0	0	0	0	0	0	0	0	102994
2016	105314	0	0	0	0	0	0	0	0	105314
2017	107808	0	0	0	0	0	107806	0	0	0
2018	107809	0	0	0	0	0	107807	0	0	0
2019	105377	0	0	0	0	0	0	0	0	104451
2029	102325	0	0	0	0	0	0	0	96223	0
2030	108233	0	0	0	0	0	0	0	0	105354
2031	108219	0	0	0	0	0	0	0	0	108219
2049	103790	0	0	0	0	0	0	0	0	107455
2070	108537	0	0	0	0	0	0	0	106668	0
2075	108217	0	0	0	0	0	0	0	0	104905
2076	108193	0	0	0	0	0	0	0	0	104905
2081	108698	0	0	0	0	0	0	108697	0	0
2083	108803	0	0	0	0	0	108793	0	0	0
2084	108793	0	0	0	0	0	0	0	0	108793
2085	103571	0	0	0	0	0	0	0	103627	0
2086	108810	0	0	0	0	0	0	0	0	108793
2089	108868	0	0	0	0	0	0	0	108868	108868
2090	108863	0	0	0	0	0	0	0	108868	108868
2091	104323	0	0	0	0	0	0	0	103627	0
2092	103434	0	0	0	0	0	0	0	103627	0
2104	104322	0	0	0	0	0	0	0	103627	0
2108	105927	0	0	0	0	0	0	0	106368	106368
2109	105926	0	0	0	0	0	106368	106368	0	0
2114	108978	0	0	0	0	0	0	0	12043	0
2115	108935	0	0	0	0	0	0	0	0	108935
2116	108982	0	0	0	0	0	0	0	105889	105889
2117	108983	0	0	0	0	0	0	0	105889	105889
2118	108984	0	0	0	0	0	0	0	105889	105889
2119	108985	0	0	0	0	0	0	0	105889	105889
2129	51723	0	0	0	0	0	0	0	51690	0
2132	106174	0	0	0	0	0	0	0	0	106368
2133	109131	0	0	0	0	0	0	0	96223	0
2134	109132	0	0	0	0	0	0	0	96223	0
2136	109147	0	0	0	0	0	87154	0	0	0
2137	109157	0	0	0	0	0	1784	0	0	0
2141	102561	0	0	0	0	0	0	0	0	102994
2147	109176	0	0	0	0	0	0	0	0	106390
2148	105925	0	0	0	0	0	0	0	106389	0
2149	109075	0	0	0	0	0	0	0	106389	0
2150	109231	0	0	0	0	0	106498	106498	0	0
2151	109266	0	0	0	0	0	0	0	0	109266
2152	109265	0	0	0	0	0	0	0	109266	0
2153	109271	0	0	0	0	0	0	0	0	109271
2154	109270	0	0	0	0	0	0	0	109271	0
2155	109274	0	0	0	0	0	0	0	0	109274
2156	109273	0	0	0	0	0	0	0	109274	0
2157	109277	0	0	0	0	0	0	0	109279	0
2158	109278	0	0	0	0	0	0	0	0	109279
2160	109283	0	0	0	0	0	0	0	109285	0
2161	109284	0	0	0	0	0	0	0	0	109285
2162	109287	0	0	0	0	0	0	0	109289	0
2163	109288	0	0	0	0	0	0	0	0	109289
2164	109291	0	0	0	0	0	0	0	109293	0
2165	109292	0	0	0	0	0	0	0	0	109293
2167	106369	0	0	0	0	0	0	0	0	106108
2168	105554	0	0	0	0	0	0	0	0	105554
2169	109376	0	0	0	0	0	1784	0	0	0
2170	109379	0	0	0	0	0	0	0	0	105479
2171	1130	0	0	0	0	0	0	0	0	11327
2172	109396	0	0	0	0	0	0	0	0	78199
2173	104002	0	0	0	0	0	0	0	105336	0
2174	103527	0	0	0	0	0	0	0	105336	0
2178	105466	0	0	0	0	0	0	0	105367	0
2183	109322	0	0	0	0	0	109476	0	0	0
2193	109705	0	0	0	0	0	0	0	0	109705
2206	109824	0	0	0	0	0	0	0	0	104905
2207	106673	0	0	0	0	0	0	0	0	106670
2208	106675	0	0	0	0	0	0	0	0	106676
2210	109952	0	0	0	0	0	0	0	0	109952
2221	103241	0	0	0	0	0	0	0	0	102334
2222	110096	0	0	0	0	0	0	102334	0	0
2223	109337	0	0	0	0	0	109553	0	0	0
2224	110102	0	0	0	0	0	0	0	0	78199
2226	6544	0	0	0	0	0	0	0	79636	0
2227	109317	0	0	0	0	0	0	0	0	109307
2228	102230	0	0	0	0	0	0	0	0	102230
2234	103587	0	0	0	0	0	0	0	0	3411
2236	110259	0	0	0	0	0	0	0	0	110259
2237	105375	0	0	0	0	0	0	0	0	105375
2242	110294	0	0	0	0	0	0	0	0	110294
2243	110297	0	0	0	0	0	0	0	0	78199
2248	104543	0	0	0	0	0	0	0	103627	0
2249	110291	0	0	0	0	0	0	0	0	110291
2250	110169	0	0	0	0	0	0	108450	0	0
2252	110323	0	0	0	0	0	0	0	0	110323
2255	101857	0	0	0	0	0	0	0	0	110341
2265	109886	0	0	0	0	0	0	0	51722	0
2266	109887	0	0	0	0	0	0	0	51722	0
2267	109889	0	0	0	0	0	0	0	110055	0
2268	109890	0	0	0	0	0	0	0	110055	0
2269	110543	0	0	0	0	0	100773	0	0	0
2270	110231	0	0	0	0	0	0	0	0	110231
2271	110557	0	0	0	0	0	0	0	110562	0
2282	109383	0	0	0	0	0	0	0	0	109380
2285	110225	0	0	0	0	0	0	0	110225	0
2290	110696	0	0	0	0	0	0	0	41425	0
2291	110697	0	0	0	0	0	0	108450	0	0
2292	110700	0	0	0	0	0	0	0	61988	0
2296	104347	0	0	0	0	0	0	0	0	104347
2304	105563	0	0	0	0	0	0	0	0	105777
2306	110779	0	0	0	0	0	0	0	0	110779
2307	110780	0	0	0	0	0	0	0	103627	0
2310	109423	0	0	0	0	0	0	0	0	109442
2312	105588	0	0	0	0	0	0	0	0	55233
2318	110959	0	0	0	12	0	0	0	0	0
2319	110960	0	0	0	12	0	0	0	0	0
2336	102036	0	0	0	0	0	101612	0	0	0
2337	102043	0	0	0	0	0	101612	0	0	0
2338	102044	0	0	0	0	0	101612	0	0	0
2339	107222	0	0	0	0	0	0	0	0	111018
2340	110111	0	0	0	0	0	0	0	110113	0
2341	110110	0	0	0	0	0	0	0	110113	110113
2343	111221	0	0	0	0	0	0	0	111221	0
2345	106199	0	0	0	0	0	0	0	0	106200
2346	106200	0	0	0	0	0	0	0	0	106199
2381	111616	0	0	0	0	0	0	0	0	111610
2386	111610	0	0	0	0	0	0	0	111606	111631
2389	111678	0	0	0	0	0	0	0	110113	110113
2391	111681	0	0	0	0	0	0	0	110113	0
2395	111670	0	0	0	0	0	0	111672	0	0
2397	111240	0	0	13	0	0	0	0	0	0
2398	111757	0	0	0	0	0	0	0	79636	0
2399	111758	0	0	0	0	0	0	0	79636	0
2400	111759	0	0	0	0	0	0	0	79636	0
2401	111847	0	0	0	0	0	111846	111813	0	0
2405	111966	0	0	0	0	0	0	103144	0	0
2406	112030	0	0	0	0	0	0	103147	0	0
2408	112032	0	0	0	0	0	0	103145	0	0
2409	112033	0	0	0	0	0	0	103146	0	0
2420	112873	0	0	0	0	0	0	0	98836	0
2422	105720	0	0	0	0	0	0	0	0	102994
2425	112911	0	0	0	0	0	112902	0	0	0
2426	112945	0	0	0	0	0	0	0	0	112945
2430	112995	0	0	0	0	0	0	0	98836	0
2431	112962	0	0	0	0	0	0	0	0	112955
2432	108554	0	0	0	0	0	0	0	108554	108554
2434	113053	0	0	0	0	0	0	0	96223	0
2435	111844	0	0	0	0	0	0	0	111844	111844
2436	113073	0	0	0	0	0	0	0	96223	0
2437	113076	0	0	0	0	0	0	0	106976	0
2438	103004	0	0	0	0	0	0	0	0	103004
2447	113161	0	0	0	0	0	0	113243	0	0
2452	113289	0	0	0	12	0	0	0	0	0
2464	102116	0	0	0	0	0	0	102121	0	0
2476	113512	0	0	0	0	0	0	0	96223	0
2514	107215	0	0	0	0	0	0	0	0	113645
2518	106264	0	0	0	0	0	0	0	105777	0
2519	113653	0	0	0	0	0	0	0	0	113653
2521	108811	0	0	0	0	0	0	109019	0	0
2522	113642	0	0	0	0	0	0	0	0	113725
2523	113703	0	0	0	0	0	0	0	113658	113658
2526	113825	0	0	0	0	0	0	0	106078	106078
2528	108843	0	0	0	0	0	113853	0	0	0
2529	113872	0	0	0	0	0	0	0	0	113872
2537	113721	0	0	0	0	0	0	0	113819	0
2538	113958	0	0	0	0	0	0	112855	0	0
2540	76856	0	17	0	0	0	0	0	0	0
2543	114033	0	0	0	0	0	0	113468	0	0
2544	114048	0	0	0	0	0	0	0	0	113774
2547	114059	0	0	0	0	0	0	0	113819	0
2548	114080	0	0	0	0	0	0	0	0	114080
2549	113420	0	0	0	0	0	0	0	0	113420
2553	111813	0	0	0	0	0	0	0	0	111813
2554	114232	0	0	0	0	0	0	0	85730	0
2556	114297	0	0	0	0	0	0	0	114347	114347
2559	114431	0	0	0	0	0	0	0	0	114431
2560	114466	0	0	0	0	0	0	0	0	114470
2561	114483	0	0	0	0	0	0	0	0	114483
2562	114494	0	0	0	0	0	0	0	0	108219
2563	114505	0	0	0	0	0	0	0	114512	0
2564	114517	0	0	0	0	0	0	0	0	108219
2565	114512	0	0	0	0	0	0	0	0	114512
2570	114573	0	0	0	0	0	0	0	0	108219
2571	114576	0	0	0	0	0	114590	0	0	0
2574	114624	0	0	0	0	0	0	0	0	114431
2588	114640	0	0	0	0	0	0	0	114644	0
2589	114794	0	0	0	0	0	62388	0	0	0
2590	114799	0	0	0	0	0	0	0	0	110259
2592	113969	0	0	0	0	0	0	0	0	113969
2593	113970	0	0	0	0	0	0	0	0	113970
2594	114810	0	0	0	0	0	0	0	0	114809
2595	114865	0	0	0	0	0	114257	0	0	0
2598	114468	0	0	0	0	0	114933	0	0	0
2600	106546	0	0	0	0	0	114929	0	0	106546
2601	106563	0	0	0	0	0	114931	0	0	0
2602	106851	0	0	0	0	0	114930	0	0	0
2603	114967	0	0	0	12	0	0	0	0	0
2609	114999	0	0	0	0	0	112932	0	0	0
2610	115002	0	0	0	0	0	0	0	112932	0
2611	115008	0	0	0	0	0	0	0	96223	0
2612	115092	0	0	0	0	0	0	115093	0	0
2621	115157	0	0	0	0	0	0	0	0	115157
2623	115191	0	0	0	12	0	0	0	0	0
2624	115193	0	0	0	12	0	0	0	0	0
2625	115209	0	0	0	0	0	0	0	79636	0
2626	58355	0	17	0	0	0	0	0	0	0
2630	114155	0	0	0	0	0	114141	114141	0	0
2631	115332	0	0	0	0	0	0	0	115352	0
2632	115334	0	0	0	0	0	0	0	115352	0
2633	115335	0	0	0	0	0	0	0	115353	0
2634	115336	0	0	0	0	0	0	0	115353	0
2635	115337	0	0	0	0	0	0	0	115354	0
2636	115338	0	0	0	0	0	0	0	115354	0
2637	115407	0	0	0	0	0	0	0	0	115407
2640	115493	0	0	0	0	0	0	0	115352	0
2641	115494	0	0	0	0	0	0	0	115353	0
2642	115495	0	0	0	0	0	0	0	115354	0
2643	115525	0	0	0	0	0	0	0	0	115525
2644	115581	0	0	0	0	0	115579	0	0	0
2645	115582	0	0	0	0	0	115579	0	0	0
2646	115614	0	0	0	0	0	115579	0	0	0
2647	115615	0	0	0	0	0	115579	0	0	0
2648	115616	0	0	0	0	0	115579	0	0	0
2649	115617	0	0	0	0	0	115579	0	0	0
2652	115668	0	0	0	0	0	0	0	98836	0
2653	115709	0	0	4	0	0	0	0	0	0
2655	115861	0	0	0	0	0	0	0	0	115877
2656	115942	0	0	0	0	0	0	0	98836	0
2657	115945	0	0	0	0	0	0	0	98836	0
2658	115864	0	0	0	0	0	0	0	0	115877
2661	116008	0	0	0	0	0	0	0	0	115877
2662	116009	0	0	0	0	0	0	0	0	115877
2663	116038	0	0	0	0	0	0	0	0	115877
2664	116044	0	0	0	0	0	0	0	0	115877
2668	116060	0	0	0	0	0	0	0	0	115877
2669	116063	0	0	0	0	0	0	0	0	115877
2671	116076	0	0	0	0	0	0	0	0	116072
2672	116137	0	0	0	0	0	0	0	0	116137
2685	116374	0	0	0	0	0	0	0	0	116374
2687	115749	0	0	0	0	0	0	0	115777	0
2691	116260	0	0	0	0	0	0	0	0	122151
2693	116509	0	0	22	0	0	0	0	0	0
2694	116510	0	0	0	0	0	0	0	0	116510
2696	115974	0	0	0	0	0	0	0	0	115974
2697	115901	0	0	0	0	0	0	0	0	115901
2698	116090	0	0	0	0	0	0	0	0	116090
2702	116608	0	0	0	0	0	0	0	0	116608
2705	116819	0	0	0	0	0	0	116818	0	0
2713	116941	0	0	0	0	0	0	0	0	116941
2715	116958	0	0	0	0	0	0	0	0	84186
2716	116975	0	0	0	0	0	0	116955	0	0
2717	116976	0	0	0	0	0	0	116954	0	0
2718	116977	0	0	0	0	0	116982	0	0	0
2719	116974	0	0	0	0	0	116982	0	0	0
2720	116990	0	0	0	0	0	0	0	116982	0
2721	116970	0	0	0	0	0	0	0	116982	0
2722	117017	0	0	0	0	0	0	0	0	116317
2723	117037	0	0	0	0	0	116945	0	0	0
2724	117079	0	0	0	0	0	116944	0	0	0
2726	117194	0	0	0	0	0	0	117195	0	0
2727	117241	0	0	0	0	0	0	0	0	116510
2733	117424	0	0	0	0	0	108556	0	0	0
2738	117497	0	0	0	0	0	0	0	117496	0
2740	117597	0	0	0	0	0	0	0	117598	0
2742	117730	0	0	22	0	0	0	0	0	115999
2744	117771	0	0	0	0	0	0	0	117675	117675
2746	117203	0	0	0	0	0	115741	0	121296	0
2752	117969	0	0	0	0	0	0	0	117969	117969
2754	117964	0	0	0	0	0	0	0	0	117866
2762	116018	0	0	0	0	0	115743	0	0	0
2763	116157	0	0	0	0	0	115743	0	0	0
2764	116365	0	0	0	0	0	115742	0	0	0
2766	116784	0	0	0	0	0	115740	0	0	0
2768	116942	0	0	0	0	0	115740	0	0	0
2769	118313	0	0	0	0	0	0	0	0	117870
2770	116364	0	0	0	0	0	115742	0	0	0
2773	118331	0	0	0	0	0	0	0	0	118346
2781	118533	0	0	0	0	0	115743	0	0	0
2783	118530	0	0	0	0	0	0	0	0	115911
2784	118512	0	0	0	0	0	0	0	118542	0
2785	118503	0	0	0	0	0	0	0	118542	0
2786	118552	0	0	0	0	0	0	0	0	118562
2788	114944	0	0	0	0	0	0	0	114944	114944
2804	118135	0	0	0	0	0	0	0	0	118135
2805	118045	0	0	0	0	0	0	0	0	118135
2808	118968	0	0	0	12	0	0	0	0	0
2809	118969	0	0	0	12	0	0	0	0	0
2810	106171	0	0	0	0	0	0	0	0	106171
2811	106274	0	0	0	0	0	0	0	0	106274
2812	114018	0	0	0	12	0	0	0	0	0
2814	119091	0	0	0	0	0	0	0	0	119091
2815	104973	0	0	0	0	0	0	0	104974	0
2816	101569	0	0	0	0	0	0	119295	0	0
2817	107784	0	0	0	0	0	0	0	107784	107784
2818	108933	0	0	0	0	0	0	0	108933	108933
2819	114453	0	0	0	0	0	0	0	114453	114453
2820	119320	0	0	0	0	0	0	0	0	106274
2824	119347	0	0	0	0	0	0	0	0	119347
2830	119450	0	0	0	12	0	0	0	0	0
2833	119635	0	0	0	0	0	0	0	0	119635
2834	119622	0	0	0	0	0	0	0	119488	0
2839	119745	0	0	0	0	0	0	0	119744	119744
2840	118303	0	0	0	0	0	0	117695	0	0
2842	116818	0	0	0	0	0	0	0	0	117195
2843	117195	0	0	0	0	0	0	0	0	116818
2844	114925	0	0	0	0	0	0	0	114925	0
2845	119874	0	0	0	0	0	0	0	0	119874
2846	119879	0	0	0	0	0	0	0	0	119874
2848	119898	0	0	0	0	0	119904	0	0	0
2849	115072	0	0	0	0	0	0	0	101545	0
2851	119908	0	0	0	12	0	0	0	0	0
2852	118601	0	0	0	0	0	0	0	118593	0
2853	118593	0	0	0	0	0	0	0	118601	0
2854	7384	0	0	0	0	0	119962	0	0	0
2855	105242	0	0	0	0	0	0	0	0	105242
2856	104330	0	0	0	0	0	0	104315	0	0
2859	119982	0	0	0	0	0	0	0	0	119982
2860	119994	0	0	0	0	0	0	0	0	119994
2861	119684	0	0	0	0	0	0	0	120098	0
2862	120102	0	0	0	0	0	0	0	0	120111
2863	120118	0	0	0	0	0	0	0	0	120111
2864	120119	0	0	0	0	0	0	0	0	120111
2866	119374	0	0	0	0	0	0	0	0	119374
2869	120160	0	0	0	0	0	0	0	0	120161
2870	115294	0	0	0	0	0	115867	0	0	0
2871	120165	0	0	0	0	0	0	0	0	120161
2874	119922	0	0	0	0	0	0	0	0	119946
2875	119929	0	0	0	0	0	0	0	0	119946
2876	119930	0	0	0	0	0	0	0	0	119946
2877	119931	0	0	0	0	0	0	0	0	119946
2878	119932	0	0	0	0	0	0	0	0	119946
2879	119933	0	0	0	0	0	0	0	0	119946
2880	17941	0	0	0	0	0	0	0	111712	0
2882	120285	0	0	0	0	0	120268	120289	0	0
2883	120303	0	0	0	0	0	0	0	0	120303
2888	120345	0	0	0	0	0	0	0	120343	0
2889	120344	0	0	0	0	0	0	0	120342	0
2890	120194	0	0	0	0	0	0	0	0	120160
2891	119902	0	0	0	0	0	0	0	0	119902
2895	120429	0	0	0	0	0	120412	0	0	0
2898	120441	0	0	0	0	0	0	120268	0	0
2903	120461	0	0	0	0	0	0	120289	0	120268
2904	116821	0	0	0	0	0	0	0	0	120472
2906	120495	0	0	0	0	0	120412	0	0	0
2916	120520	0	0	0	0	0	0	120289	0	0
2917	120519	0	0	0	0	0	0	120289	0	0
2919	120587	0	0	0	0	0	0	0	96223	0
2922	120546	0	0	13	0	0	0	0	0	0
2923	120620	0	0	0	0	0	0	0	96223	0
2925	116403	0	0	0	0	0	0	0	116405	0
2929	120749	0	0	0	0	0	0	0	120747	0
2931	120758	0	0	0	0	0	0	0	120759	120778
2936	120807	0	0	0	0	20	0	0	0	120807
2938	120629	0	0	0	0	0	0	0	0	120268
2940	120834	0	0	0	0	0	0	0	0	83569
2943	120831	0	0	0	0	0	0	0	0	120832
2964	121087	0	0	0	0	0	0	0	120098	0
2983	121131	0	0	0	0	0	0	0	0	121131
2986	68980	5	0	0	0	0	0	0	0	0
2987	68980	6	0	0	0	0	0	0	0	0
2988	69057	5	0	0	0	0	0	0	0	0
2989	69057	6	0	0	0	0	0	0	0	0
2990	70360	2	0	0	0	0	72456	0	0	0
2991	70360	4	0	0	0	0	72456	0	0	0
2992	73142	5	0	0	0	0	0	0	0	0
2993	73142	6	0	0	0	0	0	0	0	0
2994	90047	2	0	0	0	0	0	0	0	91010
2995	90047	4	0	0	0	0	0	0	0	91010
2997	104347	4	0	0	0	0	0	0	0	104602
2998	104347	5	0	0	0	0	0	0	0	104603
2999	104347	6	0	0	0	0	0	0	0	104604
3002	121187	0	0	0	0	0	0	0	121189	121189
3004	121224	0	0	0	0	0	0	0	0	115911
3006	121229	0	0	0	0	0	0	0	0	115911
3010	121296	0	0	0	0	0	115741	0	121296	0
3021	121422	0	0	0	0	0	0	0	0	121421
3026	115167	0	0	0	0	0	0	0	0	115167
3027	121492	0	0	0	0	0	0	0	0	121492
3029	115763	0	0	0	12	0	0	0	0	0
3030	121548	0	0	0	0	0	0	0	41425	0
4899	111839	0	0	0	0	0	0	0	0	113114
4924	121748	0	0	0	0	0	0	0	120111	121752
4925	121752	0	0	0	0	0	0	0	121752	0
4926	121689	0	0	0	0	0	0	115972	0	0
4934	121827	0	0	0	0	0	0	0	96223	0
4935	121828	0	0	0	0	0	0	0	96223	0
4951	121910	0	0	0	0	0	0	0	121900	121910
4953	121921	0	0	0	0	0	0	0	121900	0
4954	121891	0	0	0	0	0	0	0	121900	0
4955	121971	0	0	0	0	0	0	0	121900	121910
4956	121984	0	0	0	0	0	121986	0	0	0
4965	121660	0	0	0	0	0	0	0	120111	120111
5015	120099	0	0	0	0	0	0	0	0	120111
5059	122079	0	0	0	0	0	121986	0	0	0
5060	122064	0	0	0	0	0	0	0	0	122064
5061	115099	0	0	0	0	0	0	0	115100	0
5062	115103	0	0	0	0	0	0	0	115104	0
5063	115107	0	0	0	0	0	0	0	115109	0
5064	122125	0	0	0	0	0	0	0	0	122064
5065	122157	0	0	0	0	0	0	0	0	122157
5067	122149	0	0	0	0	0	0	0	0	122185
5070	122180	0	0	0	0	0	0	0	0	122151
5071	121876	0	0	0	0	0	0	0	0	121885
5072	122193	0	0	0	0	0	0	0	0	122185
5073	122147	0	0	0	0	0	0	122185	0	0
5074	122220	0	0	0	0	0	0	0	0	122220
5075	122202	0	0	0	0	0	0	0	0	46598
5076	117504	0	0	0	0	0	0	0	0	118135
5078	122271	0	0	0	0	0	0	119721	0	0
5079	122292	0	0	0	0	0	0	0	0	65219
5080	122294	0	0	0	0	0	0	0	96223	0
5083	120778	0	0	0	0	0	0	0	120759	0
5087	122346	0	0	0	0	0	0	0	0	122345
5090	122374	0	0	0	0	0	0	0	0	122373
5091	122373	0	0	0	0	0	0	0	122373	122373
5092	118858	0	0	0	0	0	0	0	118859	0
5093	120405	0	0	0	0	0	0	0	0	122396
5094	121871	0	0	0	0	0	0	0	121888	0
5096	122205	0	0	0	0	0	0	0	0	122412
5097	121966	0	0	0	0	0	0	0	0	122412
5098	122493	0	0	0	0	0	0	0	121900	0
5099	122506	0	0	0	0	0	0	0	0	65219
5100	172	0	0	0	0	0	0	0	103958	0
5101	104006	0	0	0	0	0	0	0	103958	0
5102	603	0	0	0	0	0	0	0	103958	0
5103	104022	0	0	0	0	0	0	0	103958	0
5105	105174	0	0	0	0	0	0	0	103958	0
5106	122526	0	0	0	0	0	0	0	122526	0
5107	122537	0	0	0	0	0	0	0	0	122412
5110	120027	0	0	0	0	0	0	0	0	120027
5112	122741	0	0	0	0	0	0	117870	0	0
5114	122768	0	0	0	0	0	122438	0	0	122789
5115	114592	0	0	0	0	0	0	0	114736	0
5123	122775	0	0	0	0	0	0	0	0	122789
5124	122258	0	0	0	0	0	0	0	0	122257
5125	122891	0	0	0	0	0	0	0	96223	0
5126	122892	0	0	0	0	0	0	0	0	6788
5127	122893	0	0	0	0	0	0	0	0	6788
5128	119952	0	0	0	0	0	0	0	0	122257
5129	114919	0	0	0	0	0	0	0	0	122257
5130	122853	0	0	0	0	0	0	0	0	122853
5134	120269	0	0	0	0	0	0	0	120759	0
5144	122979	0	10	0	0	0	0	0	0	0
5146	121949	0	0	0	0	0	0	0	0	122394
5147	123036	0	0	0	0	0	0	0	0	123036
5149	122504	0	0	0	0	0	0	0	0	122370
5150	105047	0	0	0	0	0	108647	0	0	0
5151	122153	0	0	0	0	0	0	0	122155	0
5153	123155	0	0	0	0	0	0	0	123155	0
5156	123180	0	0	0	0	0	0	123459	0	0
5157	123194	0	0	0	0	0	0	0	103958	0
5158	123204	0	0	0	0	0	121878	0	0	0
5159	123203	0	0	0	0	0	0	0	123203	0
5164	123247	0	0	0	0	0	0	0	123247	0
5167	123301	0	0	0	0	0	0	0	0	123301
5168	123511	0	0	0	0	0	0	0	123511	0
5172	123682	0	0	0	0	0	0	0	96223	0
5173	123688	0	0	0	0	0	0	0	0	123688
5177	116670	0	0	0	0	0	123757	0	0	0
5178	123761	0	0	0	0	0	115867	0	0	0
5179	123794	0	0	0	0	0	0	123742	0	0
5180	123495	0	0	0	0	0	122786	123500	0	0
5184	123808	0	0	0	0	0	0	0	123109	122835
5185	123627	0	0	0	0	0	0	0	0	123184
5188	123109	0	0	0	0	0	0	0	0	123818
5189	123842	0	0	0	0	0	123838	0	0	0
5192	117574	0	0	0	0	0	0	0	0	117574
5194	123862	0	0	0	0	0	0	113806	0	0
5195	123863	0	0	0	0	0	0	113806	0	0
5197	122409	0	0	0	0	0	0	123963	0	0
5198	123965	0	0	0	0	0	0	0	0	105314
5199	123968	0	0	0	0	0	0	0	69076	0
5200	123970	0	0	0	0	0	0	0	69076	0
5201	123972	0	0	0	0	0	0	0	69076	0
5202	123973	0	0	0	0	0	0	0	69076	0
5204	124059	0	0	0	0	0	0	0	116928	0
5208	114860	0	0	0	0	0	114874	0	0	0
5209	114873	0	0	0	0	0	0	0	114874	0
5210	114872	0	0	0	0	0	0	0	114874	0
5211	122780	0	0	0	0	0	0	0	64238	0
5212	124174	0	0	0	0	0	0	0	0	124174
5213	122410	0	0	0	0	0	0	0	124252	0
5216	120167	0	0	0	0	0	0	0	0	120161
5217	124304	0	0	0	0	0	0	119721	0	0
5218	124306	0	0	0	0	0	0	119721	0	0
5219	106433	0	0	0	0	0	0	0	0	106433
5220	116740	0	0	0	0	0	123980	0	0	0
5221	124437	0	0	0	0	0	0	0	0	56093
5222	119311	0	0	0	0	0	0	0	124531	0
5223	119314	0	0	0	0	0	0	0	124531	0
5224	123127	0	0	0	0	0	0	0	124531	0
5225	119337	0	0	0	0	0	0	0	124531	0
5226	123128	0	0	0	0	0	0	0	124531	0
5227	124320	0	0	0	0	0	0	0	124531	0
5228	124321	0	0	0	0	0	0	0	124531	0
5229	77801	0	0	0	0	0	1	0	0	0
5230	124652	0	0	0	0	0	124653	0	0	0
5231	124673	0	0	0	0	0	0	0	0	124673
5232	122336	0	0	0	0	0	0	0	0	122336
5244	124791	0	0	0	0	0	0	0	124791	0
5245	121995	0	0	0	0	0	0	0	0	122370
5246	122005	0	0	0	0	0	0	0	0	122370
5249	123060	0	0	2	0	0	0	0	0	0
5252	124847	0	0	0	0	0	115743	0	0	0
5261	124908	0	0	0	0	0	0	0	0	124908
