m_id	m_group	m_faction	m_summonTitle	m_summonType	m_flags
41	1	0	5	5	0
61	1	0	2	0	2
63	1	0	4	1	1048578
64	0	0	0	0	0
65	3	0	0	0	0
66	0	0	0	0	1
67	2	0	1	0	0
81	1	0	4	2	1048578
82	1	0	4	3	1048578
83	1	0	4	4	1048578
121	1	0	0	0	2
161	4	0	0	0	0
181	1	0	0	0	0
182	0	0	0	5	0
183	1	106	2	0	2
184	1	210	2	0	2
185	0	210	2	0	2
186	0	106	2	0	2
187	0	0	0	0	0
207	2	0	1	0	2
208	1	0	6	0	2
209	1	0	7	0	512
227	0	0	0	0	0
247	1	0	12	0	8388608
267	0	0	0	5	0
287	0	0	0	0	0
307	1	35	5	5	0
327	4	0	0	0	0
328	0	0	0	0	0
347	1	0	0	0	2
367	4	0	0	0	0
387	1	0	5	6	514
407	1	0	5	0	2060
409	1	0	1	5	4
410	1	0	4	1	8
427	3	1616	0	0	0
428	3	1616	0	0	4
429	0	0	0	0	2
447	1	0	2	6	2
467	4	0	0	0	0
469	1	0	0	0	0
487	1	0	2	6	770
488	4	0	0	0	8
489	1	35	8	0	0
490	1	0	0	0	16
491	0	0	0	0	8
492	1	0	0	0	16
493	4	0	0	0	0
494	1	0	3	0	10
495	0	0	0	0	9
496	1	0	0	0	0
497	0	0	0	0	0
507	1	0	2	0	2
527	0	2089	0	0	9
547	1	974	0	6	8216
567	1	0	0	6	0
587	0	0	0	0	8
607	4	0	2	6	264
627	1	2064	0	0	10
628	0	0	0	6	8
629	1	0	0	0	0
647	1	0	0	0	0
648	0	0	0	0	64
649	1	0	2	0	66
667	1	0	0	0	64
668	0	0	0	5	0
669	2	0	1	0	0
687	1	0	3	0	512
688	1	35	2	0	2
689	4	0	0	0	256
707	0	0	0	0	0
708	4	0	0	0	256
709	0	0	0	4	1
710	4	0	0	0	264
711	1	0	3	0	514
712	1	190	0	0	256
713	1	0	2	0	514
714	0	0	0	0	2
715	0	0	0	0	320
716	4	0	0	0	256
717	0	0	0	0	1
718	4	0	0	0	256
719	0	0	0	0	16
720	1	0	7	0	0
760	4	0	0	0	264
780	4	0	0	6	8
781	1	0	0	0	80
801	4	0	0	0	0
821	1	0	2	6	10
822	1	0	0	6	2
823	1	0	2	1	2120
824	4	0	0	0	256
825	2	0	1	0	0
826	1	0	0	0	530
827	4	0	0	0	264
828	1	0	0	1	264
829	1	0	2	1	514
830	1	0	2	0	258
831	1	0	2	6	9026
832	1	0	7	0	0
833	2	0	3	0	0
841	1	0	5	6	10
842	1	0	2	0	514
843	4	0	0	0	16
844	0	0	0	0	16
861	4	0	0	0	256
881	1	0	0	0	0
901	1	0	0	0	2304
921	2	0	1	0	256
941	0	0	10	0	0
942	1	0	0	0	272
943	0	0	0	0	2048
944	1	0	6	0	2306
961	1	0	0	0	264
962	1	0	0	6	3336
963	1	0	0	0	2312
964	1	0	0	0	2312
965	1	0	0	0	2312
966	1	0	0	0	2312
967	1	0	0	0	2826
968	1	0	0	0	8
981	1	35	3	0	0
1001	0	0	0	0	0
1021	1	0	0	0	512
1041	0	35	0	0	2048
1061	0	0	0	0	2
1081	4	0	9	0	256
1101	1	0	2	0	6
1121	1	0	0	1	3200
1141	1	0	11	1	4096
1161	1	0	2	0	18432
1162	0	0	9	0	4096
1181	0	0	9	0	2048
1201	4	0	0	0	256
1202	0	0	0	0	256
1221	1	0	2	0	6666
1241	0	0	0	0	64
1261	1	0	2	0	2562
1281	4	0	0	0	8
1301	3	0	0	0	2304
1302	1	0	3	6	1032
1321	4	0	0	6	8
1341	1	0	5	5	0
1342	2	0	0	0	0
1343	1	0	2	0	770
1361	0	0	0	0	2048
1362	0	0	0	0	2048
1381	0	2102	0	0	133401
1401	1	35	2	1	2
1421	1	0	5	0	2056
1442	2	0	5	0	2056
1461	1	0	5	0	264
1481	1	0	0	0	264
1501	0	0	0	1	0
1502	0	0	0	2	0
1503	0	0	0	3	0
1504	0	0	0	4	0
1521	1	0	0	6	16
1541	4	35	10	0	2048
1561	2	0	1	0	16384
1562	2	0	1	0	16384
1581	1	0	2	0	2050
1601	4	0	0	0	256
1621	4	0	0	0	256
1641	4	0	0	0	264
1661	3	0	3	6	2056
1681	1	0	0	6	16
1701	1	0	0	6	2120
1721	2	0	1	0	514
1741	0	0	0	0	256
1761	1	0	0	0	10
1781	1	0	0	0	2056
1801	1	0	2	6	132874
1821	4	0	0	0	256
1841	1	0	5	5	256
1861	4	0	0	0	4360
1881	0	0	0	0	32768
1901	1	0	0	6	256
1941	1	0	2	0	770
1961	0	0	0	0	2048
1981	0	0	0	0	0
1982	1	0	5	6	778
2001	0	0	0	0	2048
2002	2	0	7	6	0
2021	1	0	5	0	133912
2041	1	0	3	0	0
2061	1	0	0	0	2048
2062	1	0	7	0	6144
2081	1	0	7	0	2058
2101	0	0	0	0	17
2121	2	0	5	6	4104
2122	1	0	5	6	0
2141	1	0	2	0	2
2161	2	0	1	6	0
2181	0	0	12	0	4096
2201	2	0	3	6	1288
2221	1	0	0	0	2
2241	1	0	2	6	1034
2261	1	0	5	6	131848
2262	1	0	0	0	520
2281	1	0	0	0	8
2301	1	0	0	0	514
2321	4	0	0	0	256
2341	1	0	2	0	131850
2361	1	0	0	2	3200
2362	1	0	0	3	3200
2363	1	0	0	4	3200
2381	1	0	2	0	2050
2401	0	0	0	0	321
2402	1	0	0	0	0
2421	1	0	0	0	133392
2441	0	14	0	0	1
2461	1	0	0	6	1034
2481	0	0	0	0	4096
2501	1	0	0	0	8194
2521	1	1801	5	0	1802
2541	1	1801	0	0	1802
2561	0	0	9	0	4112
2581	1	0	0	0	2058
2601	4	0	0	0	4096
2621	1	0	0	0	8
2641	1	0	0	0	0
2661	1	0	7	0	2
2681	0	2189	0	0	0
2701	2	0	0	0	0
2721	2	0	1	0	0
2741	1	109	2	0	66
2742	4	0	0	0	4360
2761	5	14	0	0	1
2781	1	0	0	3	3200
2801	2	0	5	0	0
2821	0	0	0	0	0
2841	1	0	0	0	2064
2861	2	0	0	0	0
2881	1	0	0	0	2064
2882	1	0	0	6	136986
2901	1	0	5	0	10
2902	1	0	5	0	10
2903	2	0	1	6	5634
2904	1	0	0	0	530
2905	0	0	0	0	2121
2906	1	0	0	0	2056
2907	1	0	0	0	786
2908	5	14	0	0	9
2909	1	0	2	0	2826
2910	0	0	0	0	256
2911	1	0	0	6	280
2912	0	0	0	0	1
2913	0	0	7	0	4096
2914	4	0	0	0	522
2915	1	0	0	0	2056
2916	1	0	0	0	256
2917	2	0	1	5	5634
2918	0	0	0	0	5
2919	1	0	0	6	131866
2920	1	0	0	6	18
2921	1	0	0	0	2328
2923	1	0	2	6	266
2924	1	35	0	6	2328
2926	0	14	0	0	5
2927	1	0	0	0	18
2928	1	0	0	0	2344
2929	0	0	0	0	2368
2930	1	0	0	0	264
2931	1	0	0	6	1048
2932	4	35	0	0	2056
2933	4	0	0	0	256
2934	1	0	2	6	1038
2935	1	0	0	0	2560
2936	0	0	0	0	4112
2937	1	0	0	0	16
2938	1	0	2	6	5890
2940	1	0	2	0	4360
2941	1	0	0	6	1288
2942	0	0	0	0	2305
2943	5	0	0	0	133400
2944	1	0	0	0	2818
2945	1	0	0	0	2328
2946	1	0	5	6	282
2947	4	0	0	0	8
2948	4	0	0	0	2312
2949	1	0	0	0	2312
2950	0	0	0	6	1353
2951	1	0	0	6	1304
2952	1	0	0	0	2840
2961	1	0	0	0	8464
2962	0	2270	0	0	9
2963	0	0	2	0	6154
2964	1	0	4	6	12040
2967	1	0	0	6	2058
2969	1	0	0	6	2064
2970	1	0	0	0	256
2971	1	0	2	0	2304
2972	0	0	0	0	8
2973	1	0	4	6	12040
2974	1	0	2	0	4614
2975	0	0	0	0	2056
2976	4	0	0	6	0
2977	4	0	0	0	10504
2978	1	0	0	6	11544
2979	1	0	0	0	11544
2980	1	0	5	6	1032
2981	0	0	0	0	0
2982	1	0	0	6	3336
2983	1	0	0	6	1280
2984	1	0	0	5	1280
2985	1	0	5	6	133400
2986	4	0	0	0	4352
2987	0	0	0	0	320
2988	1	0	8	0	131080
2989	1	0	0	0	133912
2990	1	0	0	0	141320
2991	1	0	5	6	1032
2992	1	0	0	6	134922
2993	0	0	0	0	16
2994	1	0	0	0	134922
2995	0	0	0	6	132376
2996	1	0	0	6	794
2997	1	0	11	0	4610
2998	1	0	11	0	4610
2999	0	0	0	0	131072
3000	1	0	0	0	4610
3001	1	0	-1	0	4610
3002	1	0	0	1	2
3003	1	0	0	0	134922
3004	1	0	0	6	133384
3005	1	0	0	0	16
3006	4	0	0	0	134408
3007	1	0	0	0	134922
3008	0	0	0	6	134424
3009	1	0	5	0	133898
3010	1	0	0	0	143130
3011	1	0	0	0	65536
3012	0	0	0	0	37032
3013	1	0	0	0	133400
3014	1	0	2	6	132874
3015	0	0	0	6	134408
3016	0	0	0	6	134424
3017	0	0	0	5	142616
3018	1	0	0	0	4866
3019	1	0	0	0	4866
3020	0	0	0	0	2304
3021	4	0	0	6	264
3022	1	0	2	0	133898
3023	1	0	0	0	133384
3024	1	0	0	6	134424
3025	0	0	0	0	134424
3026	1	0	0	6	134408
3027	1	0	0	6	132352
3028	1	0	0	0	133898
3030	1	0	0	6	134922
3031	1	0	0	0	134424
3032	2	0	0	6	134922
3033	4	0	0	0	142360
3034	1	0	0	6	1026
3035	4	0	0	0	272
3036	0	0	7	0	145418
3037	0	0	0	0	137224
3038	4	0	0	0	272
3039	2	0	2	0	131850
3040	1	0	5	6	1802
3041	1	0	7	6	140552
3042	0	0	0	0	32784
3043	1	0	0	6	134922
3044	0	0	0	0	142616
3045	1	0	0	0	134922
3046	0	0	0	0	164120
3047	1	0	0	0	133912
3048	0	0	0	0	133400
3049	1	0	0	5	2328
3050	1	0	0	0	134938
3051	0	0	0	0	134424
3052	1	0	0	0	133400
3053	1	0	0	0	141592
3054	0	0	0	0	141592
3055	1	0	0	6	134424
3056	1	0	0	0	2056
3057	1	0	0	0	133896
3058	0	1771	0	0	16
3059	5	2263	0	0	133400
3060	1	0	0	6	141592
3061	2	0	3	0	514
3062	1	0	2	0	4333704
3063	0	0	0	0	265
3064	1	0	2	0	2114
3065	1	0	0	6	3352
3066	1	0	0	6	134424
3067	1	0	0	0	133896
3068	2	0	3	0	514
3069	1	0	0	-1	2
3070	1	0	0	2	2
3071	1	0	0	3	2
3072	1	0	0	6	134922
3073	1	1802	0	0	1802
3074	1	0	0	0	133384
3075	0	0	0	-1	0
3076	0	0	0	0	2304
3077	0	0	0	0	16
3079	0	0	0	0	142616
3080	0	0	0	0	166168
3081	1	0	0	0	142616
3082	0	0	0	6	175128
3083	1	0	0	0	141576
3084	1	0	0	-1	778
3085	0	0	0	0	778
3086	1	0	0	6	9226
3087	0	0	0	0	32768
3088	0	0	0	0	175384
3089	1	0	0	0	133130
3090	4	0	0	0	133400
3091	0	0	0	0	134938
3092	1	0	3	0	135690
3093	0	0	0	0	141336
3094	1	0	2	1	2120
3095	1	0	0	6	9480
3096	0	0	0	6	142600
3097	2	0	1	0	18432
3098	0	0	0	0	4096
3099	4	0	0	0	8464
3100	0	0	0	0	141336
3101	1	0	0	1	3978
3102	1	0	0	2	3978
3103	1	0	0	3	3978
3104	1	0	0	4	3978
3105	4	0	0	0	133384
3106	1	0	2	1	4610
3107	1	0	2	0	2306
3108	1	0	0	2	2
3109	1	0	0	0	133914
3110	1	0	0	6	133400
3111	1	0	0	0	133128
3112	4	0	0	0	133400
3113	0	35	0	0	512
3117	1	0	5	5	133128
3118	4	0	0	0	141592
3119	0	0	0	0	141328
3120	1	0	0	6	9224
3121	1	0	0	6	258
3122	1	0	0	6	3088
3124	1	0	5	5	256
3126	1	1806	0	0	133898
3127	1	0	0	6	141592
3128	0	0	0	6	142600
3129	1	0	5	6	0
3130	0	0	0	0	133400
3131	4	0	0	0	0
3132	1	0	13	5	0
3133	0	0	0	0	2056
3134	4	0	0	0	0
3135	0	0	0	0	133384
3136	0	2245	0	0	272
3138	0	14	0	0	133133
3139	0	0	0	0	131080
3140	1	0	0	0	2058
3141	1	0	5	6	256
3142	1	0	0	5	0
3143	1	0	5	5	256
3144	4	0	0	0	141320
3145	1	0	0	0	134424
3147	1	0	0	0	141592
3148	1	0	2	0	258
3149	1	0	0	0	8194
3152	1	0	5	5	1024
3158	1	0	2	0	2050
3159	0	0	0	0	142616
3160	2	0	3	0	2050
3161	1	0	0	0	2056
3162	1	0	0	2	4096
3164	0	0	0	0	129
3165	2	188	0	-1	133384
3166	0	0	0	0	141320
3167	0	0	0	0	141592
3168	1	0	0	0	2328
3169	1	0	0	0	16
3170	1	0	0	6	16
3171	0	0	0	0	141336
3172	4	0	0	6	272
3173	4	0	0	0	141592
3174	1	0	0	6	134408
3175	1	0	0	6	141592
3176	1	0	0	0	133400
3177	0	0	0	0	6658
3178	0	0	0	0	262144
3179	0	14	0	0	4608
3180	0	0	0	0	0
3181	0	0	0	0	0
3182	0	0	0	6	1344
3187	0	0	0	0	174360
3188	0	0	0	0	131088
3189	1	0	0	1	1048578
3192	0	2502	0	0	141656
3193	0	2501	0	0	141592
3194	0	14	0	0	5
3195	1	0	0	0	4866
3196	1	0	0	0	4866
3197	0	0	0	0	0
3198	1	0	2	2	4096
3199	1	0	11	1	4096
3200	1	0	14	3	4096
3202	0	210	0	0	2
3203	1	0	0	0	512
3205	1	0	0	0	133898
3206	1	0	0	0	4866
3207	0	0	0	0	272
3208	1	0	16	1	4096
3209	1	0	0	-1	2
3210	1	0	2	0	2050
3211	1	0	4	1	1048578
3212	0	0	8	0	0
3213	1	0	2	0	133128
3214	1	0	0	0	133896
3215	1	0	2	0	133128
3216	1	0	16	-1	4096
3217	2	0	3	0	149512
3218	1	0	2	6	1546
3219	0	0	15	0	265
3220	2	0	3	0	149512
3221	1	0	5	5	2097152
3222	1	0	0	0	514
3223	1	0	16	1	4096
3224	0	0	0	0	272
3225	1	0	2	0	4866
3226	2	0	3	0	6658
3227	0	0	0	0	133640
3228	0	0	0	0	134168
3229	1	0	0	0	134424
3230	1	0	0	6	131352
3231	1	0	0	0	133128
3232	2	35	12	5	0
3233	4	0	0	0	133400
3234	2	0	17	0	512
3235	1	0	2	0	2
3236	1	0	2	0	2562
3237	1	0	2	0	4333704
3238	1	0	3	0	10
3239	1	2489	0	6	133642
3240	4	0	0	6	272
3242	1	0	6	0	2
3243	1	0	4	3	1048578
3244	0	0	0	0	65
3245	1	0	2	0	18432
3246	0	0	0	0	2570
3247	1	0	5	4	2048
3248	1	0	0	0	133898
3249	1	0	0	0	133898
3250	1	0	0	0	133898
3251	0	0	0	0	0
3252	1	0	0	0	1
3253	1	14	0	0	137738
3254	2	0	3	0	2050
3255	2	0	3	0	2050
3256	1	0	2	0	2050
3257	1	0	3	0	514
3258	0	35	0	0	655360
3259	1	0	0	0	514
3260	1	0	0	0	514
3261	1	0	0	0	514
3262	1	0	2	0	2
3264	1	0	0	0	133898
3265	1	0	0	0	133898
3266	1	0	0	0	133898
3267	4	0	0	6	0
3268	1	0	0	0	9480
3269	0	0	0	0	131600
3270	0	0	0	0	0
3271	0	0	0	0	0
