field0	field1	field2	field3	field4	field5	field6	field7	field8	field9	field10
2106	74	2	0	61680	0	0	0	0	0	
2107	74	0	0	61682	0	0	0	0	0	
2109	74	0	1	61684	1	2055742496	209715200	0	0	
2110	81	2	0	61680	0	0	0	0	0	
2112	74	0	2	61686	0	0	0	0	0	
2114	81	0	0	61682	0	0	0	0	0	
2116	81	0	2	61686	0	0	0	0	0	
2118	79	0	0	61682	0	0	0	0	0	
2119	79	0	1	61684	1	268648448	-2147483648	0	0	
2120	79	0	2	61686	0	0	0	0	0	
2123	81	2	1	53178	0	0	0	0	0	
2124	74	1	0	53180	0	0	0	0	0	
2125	74	1	2	53182	0	0	0	0	0	
2126	81	1	0	53182	0	0	0	0	0	
2128	74	1	1	53186	0	0	0	0	0	
2129	74	3	2	53203	0	0	0	0	0	
2152	74	2	2	53409	0	0	0	0	0	
2153	74	4	1	53426	1	0	0	0	0	
2155	74	4	0	53401	1	0	0	0	0	
2156	74	3	1	55709	1	0	0	0	0	
2157	74	4	2	53434	1	0	0	0	0	
2160	81	1	1	19596	0	0	0	0	0	
2162	81	2	2	53409	0	0	0	0	0	
2163	81	3	2	53450	0	0	0	0	0	
2165	79	1	0	19596	0	0	0	0	0	
2166	79	2	0	61680	0	0	0	0	0	
2167	79	2	1	53409	0	0	0	0	0	
2168	79	3	1	53427	0	0	0	0	0	
2170	81	4	1	53477	1	0	0	0	0	
2171	81	4	0	53478	1	0	0	0	0	
2172	81	4	2	53480	1	0	0	0	0	
2173	81	1	2	53481	0	0	0	0	0	
2175	79	4	2	53490	1	0	0	0	0	
2177	79	3	2	52234	0	0	0	0	0	
2181	79	4	0	53508	1	0	0	0	0	
2182	79	1	2	53514	0	0	0	0	0	
2184	79	4	1	53517	1	0	0	0	0	
2201	79	0	1	23145	1	21238021	0	0	0	
2203	74	0	1	23145	1	2064	268435456	0	0	
2206	79	2	2	54044	1	0	0	0	0	
2207	79	1	1	53483	0	268648448	-2147483648	0	0	
2208	79	1	1	53554	0	21238021	0	0	0	
2237	81	0	1	61685	1	0	0	0	0	
2253	74	5	2	62758	0	0	0	0	0	
2254	74	5	0	62759	0	0	0	0	0	
2255	81	5	2	62758	0	0	0	0	0	
2256	79	5	0	62758	0	0	0	0	0	
2258	81	5	1	62764	0	0	0	0	0	
15757	0	1	1	29838	0	0	0	1	0	
15758	0	1	2	103840	0	0	0	1	34428	
15759	0	3	0	46924	0	0	0	1	0	
15760	0	3	1	46968	0	0	0	1	0	
15765	0	4	0	114028	0	0	0	1	0	
15766	0	4	1	114029	0	0	0	1	3411	
15768	0	2	0	107566	0	0	0	1	0	
15769	0	2	1	12323	0	0	0	1	0	
15770	0	2	2	102060	0	0	0	1	0	
15774	0	0	2	103828	0	0	0	1	0	
15775	0	0	0	103826	0	0	0	1	0	
16011	0	0	0	12043	0	0	0	8	0	
16012	0	0	1	2948	0	0	0	8	0	
16013	0	0	2	108839	0	0	0	8	0	
16019	0	2	0	113724	0	0	0	8	0	
16020	0	2	1	111264	0	0	0	8	0	
16021	0	2	2	102051	0	0	0	8	0	
16023	0	1	0	115610	0	0	0	8	0	
16024	0	1	1	108843	0	0	0	8	0	
16025	0	1	2	11426	0	0	0	8	0	
16027	0	3	0	110959	0	0	0	8	66	
16028	0	3	1	86949	0	0	0	8	0	
16029	0	3	2	11958	0	0	0	8	0	
16031	0	5	0	114003	0	0	0	8	0	
16032	0	5	1	116011	0	0	0	8	12051	
16033	0	5	2	1463	0	0	0	8	0	
16035	0	0	1	103827	0	0	0	1	0	
16036	0	1	0	55694	0	0	0	1	0	
16037	0	3	2	118000	0	0	0	1	0	
17565	0	0	0	85499	0	0	0	2	0	
17567	0	0	1	87172	0	0	0	2	0	
17569	0	0	2	26023	0	0	0	2	0	
17573	0	1	0	105593	0	0	0	2	853	
17575	0	1	1	20066	0	0	0	2	0	
17577	0	1	2	110301	0	0	0	2	0	
17581	0	2	0	85804	0	0	0	2	0	
17583	0	2	1	114163	0	0	0	2	0	
17585	0	2	2	20925	0	0	0	2	0	
17589	0	3	0	114039	0	0	0	2	0	
17591	0	3	1	114154	0	0	0	2	0	
17593	0	3	2	105622	0	0	0	2	0	
17597	0	4	0	105809	0	0	0	2	0	
17599	0	4	1	53376	0	0	0	2	0	
17601	0	4	2	86172	0	0	0	2	0	
17605	0	5	0	114165	0	0	0	2	0	
17607	0	5	1	114158	0	0	0	2	0	
17609	0	5	2	114157	0	0	0	2	0	
18569	0	0	0	24866	0	0	0	11	0	
18570	0	0	1	102280	0	0	0	11	0	
18571	0	0	2	102401	0	0	0	11	0	"Grants a movement ability that varies by shapeshift form (15 sec cooldown):

|CFFFFFFFFNon-shapeshifted|R
Fly to an ally\'s position.

|CFFFFFFFFBear Form|R
Charge to an enemy, immobilizing them for $45334d.

|CFFFFFFFFCat Form|R
Leap behind an enemy, dazing them for $50259d.

|CFFFFFFFFMoonkin Form|R
Bound backward.

|CFFFFFFFFTravel Form|R
Leap forward $102417A1 yards.

|CFFFFFFFFAquatic Form|R
Increases swim speed by an additional $102416s1% for $102416d."
18572	0	1	0	17116	0	0	0	11	0	
18574	0	1	2	102351	0	0	0	11	0	
18575	0	2	0	106707	0	0	0	11	0	
18576	0	2	1	102359	0	0	0	11	0	
18577	0	2	2	50516	0	0	0	11	0	
18579	0	3	1	106731	0	0	0	11	0	
18580	0	3	2	106737	0	0	0	11	0	
18581	0	4	0	99	0	0	0	11	0	
18582	0	4	1	102793	0	0	0	11	0	
18583	0	4	2	5211	0	0	0	11	0	
18584	0	5	0	108288	0	0	0	11	0	
18585	0	5	1	108373	0	0	0	11	0	
18586	0	5	2	96429	0	0	0	11	0	
19138	0	5	0	107574	0	0	0	1	0	
19139	0	5	1	12292	0	0	0	1	0	
19140	0	5	2	107570	0	0	0	1	0	
19165	0	0	0	108170	0	0	0	6	0	
19166	0	0	1	123693	0	0	0	6	0	
19217	0	0	2	115989	0	0	0	6	0	
19218	0	1	0	49039	0	0	0	6	0	
19219	0	1	1	51052	0	0	0	6	0	
19220	0	1	2	114556	0	0	0	6	0	
19221	0	2	0	96268	0	0	0	6	0	
19222	0	2	1	50041	0	0	0	6	0	
19223	0	2	2	108194	0	0	0	6	47476	
19224	0	3	0	48743	0	0	0	6	0	
19225	0	3	1	108196	0	0	0	6	0	
19226	0	4	0	45529	0	0	0	6	0	
19227	0	4	1	81229	0	0	0	6	0	
19228	0	4	2	51462	0	0	0	6	0	
19229	0	3	2	119975	0	0	0	6	0	
19230	0	5	0	108199	0	0	0	6	0	
19231	0	5	1	108200	0	0	0	6	0	
19232	0	5	2	108201	0	0	0	6	0	
19233	0	0	0	14062	0	0	0	4	0	
19234	0	0	1	108208	0	0	0	4	0	
19235	0	0	2	108209	0	0	0	4	0	
19236	0	1	0	26679	0	0	0	4	0	
19237	0	1	1	108210	0	0	0	4	0	
19238	0	1	2	74001	0	0	0	4	0	
19239	0	2	0	31230	0	0	0	4	0	
19240	0	2	1	108211	0	0	0	4	0	
19241	0	2	2	79008	0	0	0	4	0	
19242	0	3	0	14185	0	0	0	4	0	
19243	0	3	1	36554	0	0	0	4	0	
19244	0	3	2	108212	0	0	0	4	0	
19245	0	4	0	51626	0	0	0	4	0	
19246	0	4	1	108215	0	0	0	4	0	
19247	0	4	2	108216	0	0	0	4	0	
19248	0	5	0	114014	0	0	0	4	121733	
19249	0	5	1	114013	0	0	0	4	0	
19250	0	5	2	114015	0	0	0	4	0	
19259	0	1	0	63374	0	0	0	7	0	
19260	0	1	1	51485	0	0	0	7	2484	
19261	0	1	2	108273	0	0	0	7	0	
19262	0	0	0	30884	0	0	0	7	0	
19263	0	0	1	108270	0	0	0	7	0	
19264	0	0	2	108271	0	0	0	7	0	
19265	0	5	0	117012	0	0	0	7	0	
19266	0	5	1	117013	0	0	0	7	0	
19267	0	5	2	117014	0	0	0	7	0	
19268	0	4	0	108280	0	0	0	7	0	
19269	0	4	1	108281	0	0	0	7	0	
19270	0	4	2	108282	0	0	0	7	0	
19271	0	3	0	16166	0	0	0	7	0	
19272	0	3	1	16188	0	0	0	7	0	
19273	0	3	2	108283	0	0	0	7	0	
19274	0	2	1	108284	0	0	0	7	0	
19275	0	2	0	108285	0	0	0	7	0	
19276	0	2	2	108287	0	0	0	7	0	
19279	0	0	0	108359	0	0	0	9	0	
19280	0	0	1	108370	0	0	0	9	0	
19281	0	0	2	108371	0	0	0	9	689	
19283	0	1	1	108238	0	0	0	11	0	
19284	0	1	0	5484	0	0	0	9	0	
19285	0	1	1	6789	0	0	0	9	0	
19286	0	1	2	30283	0	0	0	9	0	
19287	0	2	0	108415	0	0	0	9	755	
19288	0	2	1	108416	0	0	0	9	0	
19289	0	2	2	110913	0	0	0	9	0	
19290	0	3	0	111397	0	0	0	9	5782	
19291	0	3	1	111400	0	0	0	9	0	
19292	0	3	2	108482	0	0	0	9	0	
19293	0	4	0	108499	0	0	0	9	0	
19294	0	4	1	108501	0	0	0	9	0	
19295	0	4	2	108503	0	0	0	9	0	
19296	0	5	0	108505	0	0	0	9	0	
19297	0	5	1	119049	0	0	0	9	0	
19298	0	5	2	108508	0	0	0	9	0	
19299	0	4	0	114923	0	0	0	8	0	
19300	0	4	1	44457	0	0	0	8	0	
19301	0	4	2	112948	0	0	0	8	0	
19302	0	0	0	115173	0	0	0	10	0	
19304	0	0	2	115174	0	0	0	10	0	
19313	0	5	2	115008	0	0	0	10	109132	
19347	0	1	0	34490	0	0	0	3	0	
19348	0	1	1	19386	0	0	0	3	0	
19349	0	5	2	120360	0	0	0	3	0	
19350	0	2	0	118675	0	0	0	3	0	
19351	0	2	2	109212	0	0	0	3	0	
19352	0	3	0	82726	0	0	0	3	0	
19353	0	3	1	23989	0	0	0	3	0	
19354	0	0	0	109215	0	0	0	3	0	
19356	0	2	1	109260	0	0	0	3	13165	
19357	0	5	0	117050	0	0	0	3	0	
19358	0	5	1	109259	0	0	0	3	0	
19359	0	1	2	109248	0	0	0	3	0	
19360	0	4	0	120657	0	0	0	3	0	
19361	0	4	1	120679	0	0	0	3	0	
19362	0	4	2	120697	0	0	0	3	0	
19363	0	0	1	109298	0	0	0	3	0	
19364	0	0	2	109304	0	0	0	3	0	
19365	0	3	2	109306	0	0	0	3	0	
19676	0	4	2	114030	0	0	0	1	0	
19677	0	3	0	114107	0	0	0	11	0	
19752	0	0	0	108920	0	0	0	5	0	
19753	0	0	1	108921	0	0	0	5	0	
19754	0	0	2	605	0	0	0	5	0	
19755	0	3	2	108945	0	0	0	5	0	
19756	0	1	0	64129	0	0	0	5	0	
19757	0	1	1	121536	0	0	0	5	0	
19758	0	1	2	108942	0	0	0	5	0	
19759	0	2	0	109186	0	0	0	5	0	
19760	0	5	1	110744	0	0	0	5	0	
19761	0	2	2	109147	0	0	0	5	0	
19762	0	3	0	19236	0	0	0	5	0	
19763	0	5	2	120517	0	0	0	5	0	
19764	0	4	0	109142	0	0	0	5	0	
19765	0	4	1	10060	0	0	0	5	0	
19766	0	4	2	109175	0	0	0	5	0	
19767	0	5	0	121135	0	0	0	5	0	
19768	0	3	1	112833	0	0	0	5	0	
19769	0	2	1	123040	0	0	0	5	34433	Grants an improved version of Shadowfiend that deals more damage and generates more mana.
19771	0	1	1	115396	0	0	0	10	0	
19772	0	1	2	115399	0	0	0	10	0	
19818	0	0	1	116841	0	0	0	10	0	
19819	0	5	0	116847	0	0	0	10	0	
19820	0	2	1	124081	0	0	0	10	0	
19821	0	2	0	119042	0	0	0	10	0	
19823	0	2	2	123986	0	0	0	10	0	
19992	0	1	0	121817	0	0	0	10	0	
19993	0	3	0	119397	0	0	0	10	0	
19994	0	3	1	119392	0	0	0	10	0	
19995	0	3	2	119381	0	0	0	10	0	
20173	0	4	2	122783	0	0	0	10	0	
20174	0	4	0	122280	0	0	0	10	0	
20175	0	4	1	122278	0	0	0	10	0	
20184	0	5	1	123904	0	0	0	10	0	
