id	mapAreaId	area	unk	mapPointX	mapPointY	texture	width	height	offset_x	offset_y	hitRectTop	hitRectLeft	hitRectBottom	hitRectRight	
84	41	736	0	0	0	"BanethilHollow"	175	235	374	221	292	430	375	497
85	41	1657	0	0	0	"Darnassus"	298	337	149	181	247	228	424	383
87	41	261	0	0	0	"GnarlpineHold"	198	181	347	355	423	403	479	494
88	41	259	0	0	0	"LakeAlameth"	289	202	422	310	388	498	430	604
89	41	478	0	0	0	"PoolsofArlithrien"	140	210	345	243	358	400	405	439
91	41	188	0	0	0	"Shadowglen"	241	217	481	104	170	533	273	638
92	41	260	0	0	0	"StarbreezeVillage"	187	196	544	217	289	625	369	694
93	41	264	0	0	0	"TheOracleGlade"	194	244	276	90	147	367	213	435
94	41	266	265	0	0	"WellspringLake"	165	249	382	83	207	426	256	465
104	27	135	0	0	0	"FrostmaneHold"	437	249	50	227	320	271	374	361
107	27	134	0	0	0	"GolBolarQuarry"	198	251	663	288	344	733	421	800
108	27	212	716	0	0	"HelmsBedLake"	218	234	760	268	321	818	373	867
109	27	803	0	0	0	"AmberstillRanch"	249	183	595	225	288	679	330	752
113	27	131	189	0	0	"Kharanos"	184	188	449	220	314	498	364	576
114	27	136	131	0	0	"TheGrizzledDen"	211	160	374	287	335	460	372	509
117	27	800	0	0	0	"ColdridgePass"	225	276	360	340	396	401	468	478
122	30	87	0	0	0	"Goldshire"	276	231	247	294	402	383	463	461
124	30	57	63	64	5176	"FargodeepMine"	269	248	240	420	520	375	555	416
125	30	9	0	0	0	"NorthshireValley"	295	296	355	138	203	425	365	585
126	30	797	57	64	63	"JerodsLanding"	230	206	396	430	551	466	598	507
127	30	91	54	0	0	"TowerofAzora"	270	241	529	287	438	615	490	680
128	30	62	0	0	0	"BrackwellPumpkinPatch"	287	216	532	424	507	668	555	726
129	30	88	0	0	0	"EastvaleLoggingCamp"	294	243	703	292	421	783	475	891
130	30	798	0	0	0	"RidgepointTower"	285	194	708	442	507	809	556	890
131	30	18	0	0	0	"CrystalLake"	220	207	417	327	421	476	465	583
132	30	86	0	0	0	"StonecairnLake"	340	272	552	186	290	680	400	803
222	20	812	167	0	0	"VenomwebVale"	250	279	752	150	257	816	375	928
224	20	459	0	0	0	"ScarletWatchPost"	161	234	692	99	154	760	207	812
225	20	167	812	0	0	"CrusaderOutpost"	175	210	686	232	346	766	387	819
226	20	165	0	0	0	"BalnirFarmstead"	242	179	594	324	379	700	425	776
227	20	162	163	0	0	"BrightwaterLake"	210	292	573	122	243	645	359	725
229	20	164	0	0	0	"GarrensHaunt"	190	214	477	129	208	531	270	610
230	20	159	0	0	0	"Brill"	199	182	480	252	311	560	371	637
231	20	166	0	0	0	"ColdHearthManor"	212	177	418	317	364	509	421	570
232	20	811	4921	0	0	"NightmareVale"	225	281	347	325	410	410	465	494
234	20	157	0	0	0	"AgamandMills"	285	260	324	90	185	403	257	511
235	20	156	0	0	0	"SollidenFarmstead"	286	225	201	192	297	344	357	427
236	20	154	0	0	0	"Deathknell"	431	407	9	207	373	271	481	375
242	4	363	0	0	0	"ValleyOfTrials"	254	258	304	312	364	402	466	488
244	4	367	0	0	0	"SenjinVillage"	192	184	457	406	473	532	538	590
248	4	368	0	0	0	"EchoIsles"	330	255	429	413	458	600	650	727
250	4	372	0	0	0	"TiragardeKeep"	210	200	462	298	369	542	437	619
252	4	362	0	0	0	"RazorHill"	224	227	431	157	262	507	318	565
254	4	816	0	0	0	"RazormaneGrounds"	248	158	302	264	318	392	360	504
256	4	369	0	0	0	"ThunderRidge"	220	218	295	48	144	360	187	447
258	4	370	410	0	0	"DrygulchRavine"	236	196	415	60	126	491	200	559
260	4	817	0	0	0	"SkullRock"	208	157	438	0	36	525	87	553
262	4	1637	0	0	0	"Orgrimmar"	259	165	309	0	22	396	91	515
281	39	916	0	0	0	"TheJansenStead"	202	179	474	0	78	542	134	615
282	39	109	0	0	0	"FurlbrowsPumpkinFarm"	197	213	394	0	114	482	174	541
284	39	107	0	0	0	"SaldeansFarm"	244	237	451	81	187	511	246	580
285	39	918	0	0	0	"TheMolsenFarm"	202	224	348	118	204	412	264	496
286	39	113	111	0	0	"GoldCoastQuarry"	235	306	199	79	269	279	324	345
287	39	917	0	0	0	"TheDeadAcre"	193	273	531	200	374	594	418	638
288	39	108	0	0	0	"SentinelHill"	229	265	404	226	281	515	379	604
289	39	20	919	0	0	"Moonbrook"	232	213	308	325	411	390	466	459
290	39	219	0	0	0	"AlexstonFarmstead"	346	222	167	263	295	325	405	440
291	39	921	219	0	0	"DemontsPlace"	201	195	203	376	473	318	511	362
292	39	115	921	219	0	"WestfallLighthouse"	211	167	221	477	549	264	612	338
293	39	920	0	0	0	"TheDaggerHills"	292	273	303	395	519	378	580	521
294	39	922	0	0	0	"TheDustPlains"	317	261	480	378	450	560	520	710
304	21	226	0	0	0	"TheSkitteringDark"	227	172	236	0	48	296	119	401
306	21	172	232	0	0	"FenrisIsle"	352	302	581	15	101	621	258	764
308	21	228	0	0	0	"TheSepulcher"	218	200	341	157	232	398	304	503
309	21	213	0	0	0	"DeepElemMine"	217	198	483	212	278	552	330	636
310	21	229	0	0	0	"OlsensFarthing"	251	167	312	249	306	425	377	498
311	21	233	231	0	0	"Ambermill"	283	243	509	250	373	554	461	673
312	21	236	0	0	0	"ShadowfangKeep"	179	165	337	337	378	377	469	468
314	21	230	5456	0	0	"TheGreymaneWall"	409	162	318	506	558	377	630	583
315	21	231	233	0	0	"BerensPeril"	318	263	505	405	469	570	518	631
317	35	143	0	0	0	"MogroshStronghold"	294	249	549	52	117	658	203	765
318	35	556	0	0	0	"TheLoch"	330	474	340	81	0	0	0	0
319	35	149	0	0	0	"SilverStreamMine"	225	252	221	0	108	304	182	394
320	35	838	925	0	0	"NorthgatePass"	319	289	16	0	0	0	0	0
321	35	147	0	0	0	"TheFarstriderLodge"	349	292	570	209	405	788	466	863
322	35	142	0	0	0	"IronbandsExcavationSite"	397	291	481	296	380	625	495	765
323	35	936	0	0	0	"GrizzlepawRidge"	273	230	245	324	371	340	442	420
324	35	144	0	0	0	"Thelsamar"	455	295	0	146	277	307	361	398
325	35	923	0	0	0	"StonesplinterValley"	273	294	177	345	448	282	600	368
326	35	924	806	0	0	"ValleyofKings"	310	345	0	311	471	145	579	261
341	42	443	0	0	0	"RuinsofMathystra"	200	263	517	28	105	602	190	679
346	42	447	0	0	0	"AmethAran"	326	145	294	330	388	419	422	457
349	42	449	0	0	0	"TheMastersGlaive"	303	185	277	483	548	381	605	428
361	36	1002	0	0	0	"ThreeCorners"	323	406	0	256	357	144	435	251
362	36	1001	0	0	0	"LakeridgeHighway"	392	352	148	316	428	273	487	493
363	36	68	0	0	0	"LakeEverstill"	464	250	81	214	304	340	400	498
364	36	69	0	0	0	"Lakeshire"	410	256	0	110	250	165	330	345
365	36	95	98	0	0	"RedridgeCanyons"	413	292	37	0	131	231	219	373
366	36	996	998	0	0	"RendersCamp"	357	246	214	0	51	298	123	406
367	36	97	0	0	0	"AlthersMill"	228	247	350	139	230	444	295	502
369	36	997	0	0	0	"RendersValley"	427	291	451	377	433	580	520	715
370	36	71	0	0	0	"StonewatchFalls"	316	182	525	302	0	0	0	0
371	36	1000	96	0	0	"GalardellValley"	428	463	574	0	0	0	0	0
381	40	150	0	0	0	"MenethilHarbor"	325	363	0	297	339	44	442	161
382	40	1018	0	0	0	"BlackChannelMarsh"	301	232	37	240	0	0	0	0
383	40	1022	0	0	0	"BluegillMarsh"	321	248	31	102	0	0	0	0
384	40	118	0	0	0	"WhelgarsExcavationSite"	298	447	185	195	285	319	370	399
385	40	1024	0	0	0	"SundownMarsh"	276	243	121	63	0	0	0	0
387	40	309	0	0	0	"IronbeardsTomb"	185	224	372	76	152	406	195	467
388	40	205	0	0	0	"DunModr"	257	185	356	7	89	426	133	514
389	40	1036	0	0	0	"AngerfangEncampment"	236	256	359	201	282	440	361	533
390	40	1021	836	0	0	"ThelganRock"	258	207	371	335	386	492	436	554
392	40	1020	0	0	0	"MosshideFen"	369	235	506	232	329	574	428	666
394	40	1017	0	0	0	"RaptorRidge"	256	245	599	123	201	649	266	712
421	34	1097	0	0	0	"TheHushedBank"	189	307	0	152	191	56	403	145
422	34	536	0	0	0	"AddlesStead"	299	296	32	348	433	177	502	251
424	34	492	243	0	0	"RavenHillCemetary"	323	309	91	132	216	141	337	252
425	34	93	0	0	0	"VulGolOgreMound"	268	282	228	355	449	296	524	423
427	34	245	0	0	0	"TheYorgenFarmstead"	233	248	401	396	461	466	529	555
428	34	242	0	0	0	"BrightwoodGrove"	279	399	497	112	185	598	321	698
429	34	241	0	0	0	"TheRottingOrchard"	291	263	539	368	441	595	521	683
431	34	42	576	0	0	"Darkshire"	329	314	640	128	279	706	340	788
432	34	1098	42	0	0	"ManorMistmantle"	219	182	661	122	224	752	258	795
433	34	799	0	0	0	"TheDarkenedBank"	931	235	71	26	85	125	200	970
461	11	381	5117	0	0	"BoulderLodeMine"	278	209	511	7	57	653	104	696
462	11	382	0	0	0	"TheSludgeFen"	257	249	403	6	99	518	150	600
464	11	384	383	0	0	"DreadmistPeak"	241	195	290	104	212	388	262	475
465	11	383	0	0	0	"TheDryHills"	283	270	116	57	182	213	244	301
466	11	386	0	0	0	"TheForgottenPools"	446	256	100	208	276	334	338	405
468	11	1704	0	0	0	"GroldomFarm"	243	217	448	127	258	528	292	571
469	11	379	0	0	0	"FarWatchPost"	207	332	555	129	251	626	313	709
470	11	1699	0	0	0	"ThornHill"	239	231	481	254	312	544	357	632
471	11	380	0	0	0	"TheCrossroads"	233	193	362	275	357	467	409	540
472	11	388	0	0	0	"TheStagnantOasis"	336	289	344	379	495	519	554	597
473	11	392	0	0	0	"Ratchet"	219	175	547	379	450	626	509	704
474	11	391	0	0	0	"TheMerchantCoast"	315	212	556	456	516	678	608	730
513	37	127	0	0	0	"BaliaMahRuins"	239	205	397	243	343	555	396	627
514	37	129	0	0	0	"MizjahRuins"	157	173	387	246	334	435	375	489
515	37	117	0	0	0	"GromGolBaseCamp"	167	179	298	228	287	343	361	414
516	37	105	0	0	0	"MoshOggOgreMound"	234	206	543	253	313	628	368	714
518	37	37	1740	0	0	"LakeNazferiti"	240	228	413	95	0	0	0	0
519	37	125	0	0	0	"KalAiRuins"	139	150	354	184	226	392	288	455
520	37	123	0	0	0	"BalAlRuins"	159	137	267	168	218	309	268	377
521	37	104	0	0	0	"TheVileReef"	236	224	140	208	0	0	0	0
523	37	102	0	0	0	"RuinsOfZulKunda"	228	265	158	0	88	218	183	312
524	37	100	0	0	0	"NesingwarysExpedition"	227	190	306	63	98	392	168	493
525	37	99	0	0	0	"RebelCamp"	302	166	306	0	36	422	92	514
526	37	101	0	0	0	"KurzensCompound"	244	238	499	0	91	546	175	661
527	37	19	0	0	0	"ZulGurub"	376	560	626	0	72	728	364	952
561	16	334	0	0	0	"CircleofWestBinding"	220	287	85	24	182	166	226	211
562	16	313	0	0	0	"NorthfoldManor"	227	268	132	105	142	227	222	313
563	16	1858	0	0	0	"Bouldergor"	249	278	171	123	273	242	320	310
565	16	324	0	0	0	"StromgardeKeep"	284	306	21	269	374	81	483	249
566	16	327	0	0	0	"FaldirsCove"	273	268	77	400	509	160	586	317
567	16	335	0	0	0	"CircleofInnerBinding"	228	227	201	312	376	266	420	336
568	16	880	0	0	0	"ThandolSpan"	237	252	261	416	585	371	631	456
569	16	316	0	0	0	"BoulderfistHall"	252	258	327	367	498	449	558	534
570	16	320	0	0	0	"RefugePoint"	196	270	293	145	277	362	344	435
572	16	317	0	0	0	"WitherbarkVillage"	260	220	476	359	427	562	514	671
573	16	314	0	0	0	"GoShekFarm"	306	248	430	249	354	531	417	599
574	16	315	0	0	0	"DabyriesFarmstead"	210	227	404	144	240	455	312	545
575	16	333	0	0	0	"CircleofEastBinding"	183	238	506	126	196	563	244	626
576	16	321	318	0	0	"Hammerfall"	270	271	581	118	209	650	290	740
601	26	348	0	0	0	"AeriePeak"	238	267	0	236	278	97	327	182
602	26	1882	0	0	0	"PlaguemistRavine"	191	278	133	105	146	194	303	269
604	26	350	0	0	0	"QuelDanilLodge"	241	211	220	181	274	288	338	379
605	26	353	0	0	0	"ShadraAlor"	240	196	220	379	439	286	525	407
606	26	1883	0	0	0	"ValorwindLake"	199	212	286	269	377	382	417	430
607	26	1884	0	0	0	"Agolwatha"	208	204	367	159	241	441	283	503
608	26	1886	0	0	0	"TheCreepingRuin"	199	199	390	252	322	466	375	517
609	26	355	0	0	0	"TheAltarofZul"	225	196	357	343	418	440	478	530
610	26	356	0	0	0	"Seradane"	303	311	475	5	90	560	235	697
611	26	351	0	0	0	"SkulkRock"	176	235	490	195	254	554	318	600
612	26	1917	5323	0	0	"Shaolwatha"	281	261	565	208	341	700	385	768
613	26	354	0	0	0	"JinthaAlor"	287	289	487	334	414	555	579	709
614	26	307	3317	0	0	"TheOverlookCliffs"	244	401	677	267	0	0	0	0
621	201	537	0	0	0	"FirePlumeRidge"	321	288	356	192	271	464	372	571
622	201	543	0	0	0	"GolakkaHotSprings"	309	277	145	226	317	253	407	377
623	201	539	0	0	0	"TerrorRun"	316	293	162	357	427	287	519	382
624	201	540	0	0	0	"TheSlitheringScar"	381	274	335	384	455	443	580	581
625	201	1942	0	0	0	"TheMarshlands"	263	412	573	256	308	620	423	740
626	201	1943	0	0	0	"IronstonePlateau"	197	222	706	201	0	0	0	0
627	201	538	0	0	0	"LakkariTarPits"	432	294	305	0	125	443	218	588
641	161	980	0	0	0	"ThistleshrubValley"	221	293	185	280	417	270	470	339
643	161	992	0	0	0	"SouthmoonRuins"	232	211	301	349	456	387	488	431
644	161	987	0	0	0	"LandsEndBeach"	224	216	431	452	576	496	650	578
645	161	984	0	0	0	"EastmoonRuins"	173	163	380	341	414	448	453	498
646	161	981	0	0	0	"TheGapingChasm"	225	187	448	364	411	497	493	580
647	161	1940	0	0	0	"SouthbreakShore"	274	186	437	289	0	0	0	0
648	161	983	0	0	0	"DunemaulCompound"	231	177	305	257	340	368	404	455
649	161	982	0	0	0	"TheNoxiousLair"	179	190	258	211	264	310	346	380
650	161	1938	0	0	0	"BrokenPillar"	195	163	413	211	284	500	325	549
651	161	1939	0	0	0	"AbyssalSands"	255	194	297	148	0	0	0	0
657	161	2300	0	0	0	"CavernsofTime"	213	173	507	238	302	609	366	677
658	161	976	0	0	0	"Gadgetzan"	189	180	412	92	0	0	0	0
659	161	979	0	0	0	"SandsorrowWatch"	214	149	293	99	157	360	209	462
660	161	978	0	0	0	"ZulFarrak"	315	190	184	0	40	312	154	436
661	141	513	0	0	0	"TheramoreIsle"	305	247	542	223	271	617	398	729
662	141	502	518	0	0	"WitchHill"	270	353	428	0	0	0	0	0
666	141	511	0	0	0	"TheWyrmbog"	436	299	359	369	458	491	553	578
667	141	2079	0	0	0	"AlcazIsland"	206	200	656	21	62	706	174	819
701	241	656	2361	0	0	"LakeEluneara"	431	319	219	273	331	444	412	609
741	43	414	0	0	0	"TheZoramStrand"	262	390	0	0	0	0	0	0
742	43	441	0	0	0	"LakeFalathim"	184	232	112	148	246	177	304	229
744	43	2301	0	0	0	"ThistlefurVillage"	314	241	255	78	186	330	255	413
747	43	415	4691	0	0	"Astranaar"	251	271	255	164	307	320	366	400
749	43	418	0	0	0	"TheRuinsofStardust"	236	271	210	331	417	302	462	353
751	43	419	0	0	0	"TheHowlingVale"	325	239	473	97	182	509	256	558
752	43	426	0	0	0	"RaynewoodRetreat"	231	256	481	221	305	558	364	638
753	43	422	432	2360	0	"FallenSkyLake"	287	276	529	385	524	646	566	684
754	43	428	431	0	0	"NightRun"	221	257	595	253	270	648	372	719
755	43	430	2358	0	0	"Satyrnaar"	235	236	696	154	315	784	350	829
756	43	438	0	0	0	"BoughShadow"	166	211	836	148	227	894	298	978
757	43	437	0	0	0	"WarsongLumberCamp"	231	223	771	265	346	825	438	928
758	43	434	0	0	0	"FelfireHill"	277	333	714	317	0	0	0	0
762	101	2198	0	0	0	"ShadowbreakRavine"	292	266	637	402	497	761	564	847
764	101	602	0	0	0	"MannorocCoven"	326	311	381	357	476	457	572	573
765	101	606	0	0	0	"GelkisVillage"	274	196	207	472	550	316	636	409
766	101	2408	0	0	0	"ShadowpreyVillage"	222	299	142	369	443	198	504	288
767	101	596	0	0	0	"KodoGraveyard"	250	215	360	273	365	474	425	544
768	101	607	0	0	0	"ValleyofSpears"	321	275	170	196	337	323	427	385
772	101	599	0	0	0	"ThunderAxeFortress"	220	205	440	49	139	504	200	589
773	101	603	0	0	0	"Sargeron"	317	293	655	0	108	741	182	828
774	101	608	0	0	0	"NijelsPoint"	231	257	573	0	28	621	90	716
775	101	2404	0	0	0	"TethrisAran"	274	145	399	0	39	481	96	552
821	19	1437	0	0	0	"DreadmaulHold"	272	206	258	0	54	346	121	447
823	19	1438	0	0	0	"NethergardeKeep"	295	205	530	6	60	571	151	719
824	19	1440	1438	0	0	"SerpentsCoil"	218	183	459	97	173	580	208	630
826	19	1441	0	0	0	"AltarofStorms"	238	195	225	110	151	338	203	404
827	19	1439	0	0	0	"DreadmaulPost"	235	188	327	182	246	434	291	510
828	19	73	0	0	0	"TheTaintedScar"	308	226	144	175	272	268	341	378
829	19	2517	0	0	0	"RiseoftheDefiler"	168	170	375	102	154	425	205	478
842	181	1228	0	0	0	"TheShatteredStrand"	206	329	316	168	242	400	420	472
844	181	2497	0	0	0	"BitterReaches"	321	247	477	0	124	577	195	714
845	181	1229	0	0	0	"TowerofEldara"	306	337	684	22	162	764	230	844
853	181	1235	0	0	0	""	0	0	0	0	0	0	0	0
854	181	1221	0	0	0	"RuinsofEldarath"	218	237	228	229	286	290	404	401
856	181	1232	0	0	0	"RavencrestMonument"	295	267	476	401	506	610	582	712
857	181	1234	0	0	0	"LakeMennar"	210	232	245	377	474	334	522	349
858	181	1256	0	0	0	""	395	128	396	540	575	531	637	650
861	182	1762	1769	0	0	"FelpawVillage"	307	161	471	0	45	589	111	638
862	182	1998	0	0	0	"TalonbranchGlade"	209	226	531	57	141	580	218	675
863	182	1767	0	0	0	"IrontreeWoods"	261	273	406	55	136	471	212	539
864	182	2618	0	0	0	"JadefireRun"	263	199	303	9	92	402	158	473
865	182	1766	0	0	0	"ShatterScarVale"	343	250	243	107	248	384	302	482
866	182	1765	0	0	0	"BloodvenomFalls"	345	192	220	231	0	0	0	0
867	182	1763	0	0	0	"Jaedenar"	319	176	234	317	367	328	423	415
868	182	2481	0	0	0	"RuinsofConstellas"	268	214	278	359	445	335	522	427
869	182	2480	0	0	0	"JadefireGlen"	229	210	288	458	539	385	603	452
870	182	2479	0	0	0	"EmeraldSanctuary"	274	212	394	382	495	482	552	566
871	182	1761	0	0	0	"DeadwoodVillage"	173	163	410	505	571	457	622	506
872	182	2478	0	0	0	"MorlosAran"	187	176	476	484	548	536	613	597
921	81	467	0	0	0	"StonetalonPeak"	305	244	265	0	106	354	161	466
922	81	464	0	0	0	"MirkfallonLake"	244	247	417	143	0	0	0	0
923	81	465	0	0	0	"TheCharredVale"	277	274	199	368	445	252	512	381
924	81	460	0	0	0	"SunRockRetreat"	222	222	353	285	386	468	462	522
925	81	461	1277	0	0	"WindshearCrag"	374	287	533	179	293	621	367	721
927	81	2540	0	0	0	"BoulderslideRavine"	194	156	532	512	569	598	617	675
928	81	1076	0	0	0	"WebwinderPath"	267	352	468	263	0	0	0	0
929	81	2539	0	0	0	"Malakajin"	211	131	618	537	588	687	645	773
941	32	2697	2938	0	0	"DeadmansCrossing"	617	522	83	0	125	315	355	590
961	22	2297	0	0	0	"DarrowmereLake"	492	314	510	354	0	0	0	0
962	22	2298	0	0	0	"CaerDarrow"	194	208	601	390	0	0	0	0
963	22	197	3197	0	0	"SorrowHill"	368	220	261	448	0	0	0	0
965	22	813	0	0	0	"TheBulwark"	316	316	48	235	349	231	423	312
966	22	199	0	0	0	"FelstoneField"	241	212	229	228	330	335	400	395
968	22	202	0	0	0	"TheWrithingHaunt"	169	195	472	332	411	510	476	590
969	22	192	0	0	0	"NorthridgeLumberCamp"	359	182	231	123	194	426	254	520
970	22	190	0	0	0	"Hearthglen"	432	271	235	0	66	387	163	513
971	22	201	0	0	0	"GahrronsWithering"	241	252	495	213	359	606	420	676
972	22	198	0	0	0	"TheWeepingCave"	185	230	551	151	244	620	294	670
973	22	2620	0	0	0	"ThondrorilRiver"	311	436	533	0	0	0	0	0
984	121	1119	0	0	0	"TheTwinColossals"	350	334	271	0	88	429	153	500
985	121	1108	0	0	0	"TheForgottenCoast"	194	304	375	343	0	0	0	0
986	121	2577	0	0	0	"DireMaul"	265	284	485	101	167	550	310	659
989	121	2522	0	0	0	"RuinsofIsildien"	206	237	467	354	447	550	529	624
991	121	1099	0	0	0	"CampMojache"	174	220	671	181	273	737	323	795
993	121	1103	0	0	0	"GordunniOutpost"	192	157	663	116	164	714	235	801
997	121	1137	0	0	0	"LowerWilds"	207	209	756	191	234	800	314	864
1021	261	2740	0	0	0	"TheCrystalVale"	329	246	126	0	69	259	147	360
1022	261	2742	3426	0	0	"HiveAshi"	405	267	345	4	100	451	202	539
1023	261	2738	0	0	0	"SouthwindVillage"	309	243	550	181	275	614	360	695
1025	261	2743	0	0	0	"HiveZora"	542	367	0	206	310	254	411	374
1026	261	2744	3427	0	0	"HiveRegal"	489	358	380	310	412	536	548	666
1027	261	2737	2741	0	0	"TheScarabWall"	580	213	0	455	0	0	0	0
1041	27	809	0	0	0	"Ironforge"	376	347	398	0	0	0	0	0
1061	32	2561	0	0	0	"TheVice"	350	449	433	208	325	510	540	665
1062	32	2562	0	0	0	"Karazhan"	513	358	92	310	380	335	540	520
1101	473	3750	3749	0	0	"CoilskarPoint"	512	512	348	8	130	407	222	501
1103	473	3822	0	0	0	"EclipsePoint"	512	358	343	310	399	402	495	498
1104	473	3743	0	0	0	"LegionHold"	512	512	104	155	211	184	316	298
1105	473	3759	0	0	0	"NetherwingLedge"	492	223	510	445	513	605	634	814
1107	473	3744	0	0	0	"ShadowmoonVilliage"	512	512	116	35	129	238	221	350
1110	473	3840	3757	3756	0	"TheBlackTemple"	396	512	606	126	181	657	364	899
1112	473	3748	0	0	0	"TheDeathForge"	256	512	290	129	231	350	300	444
1116	473	3746	3747	0	0	"TheHandofGuldan"	512	512	394	90	224	443	328	555
1118	473	3821	0	0	0	"TheWardensCage"	512	410	469	258	306	516	365	633
1121	473	3745	0	0	0	"WildhammerStronghold"	512	439	168	229	370	308	436	403
1125	467	3650	3640	0	0	"AngoroshGrounds"	256	256	88	50	119	147	191	214
1126	467	3565	0	0	0	"CenarionRefuge"	308	256	694	321	386	755	461	870
1127	462	3431	3432	0	0	"SunstriderIsle"	512	512	195	5	27	226	188	402
1128	462	3533	3531	3534	3532	"RuinsofSilvermoon"	256	256	307	136	223	401	303	460
1129	462	3466	0	0	0	"WestSanctum"	128	256	292	319	362	335	409	372
1130	462	3461	0	0	0	"SunsailAnchorage"	256	128	231	404	440	250	487	339
1132	462	3465	0	0	0	"NorthSanctum"	256	256	361	298	321	392	353	463
1133	467	3642	3668	0	0	"FeralfenVillage"	512	336	314	332	383	381	504	516
1134	462	3467	0	0	0	"EastSanctum"	256	256	460	373	473	497	505	550
1135	462	3464	0	0	0	"FarstriderRetreat"	256	128	524	359	405	588	447	636
1136	467	3667	0	0	0	"TheHewnBog"	256	512	219	51	174	265	300	407
1137	462	3470	0	0	0	"StillwhisperPond"	256	256	474	314	362	541	393	576
1138	462	3480	0	0	0	"DuskwitherGrounds"	256	256	605	253	0	0	0	0
1139	467	3656	0	3657	0	"MarshlightLake"	256	256	81	152	211	165	320	270
1140	462	3462	0	0	0	"FairbreezeVilliage"	256	256	386	386	463	406	522	474
1141	467	3646	3895	0	0	"QuaggRidge"	256	343	141	325	376	257	438	324
1142	462	3471	0	0	0	"TheLivingWood"	128	248	511	420	462	468	500	618
1143	462	3476	0	0	0	"TorWatha"	256	353	648	315	455	677	607	765
1145	462	3474	0	0	0	"TheScortchedGrove"	256	128	255	507	550	309	600	417
1146	467	3644	0	0	0	"Telredor"	256	512	569	112	276	633	383	740
1147	467	3648	3718	0	0	"TheDeadMire"	286	512	716	128	177	756	326	900
1148	463	3488	3497	0	0	"Tranquillien"	256	512	365	2	187	438	252	506
1149	467	3659	3819	0	0	"TheLagoon"	256	256	512	303	364	524	464	650
1150	463	3489	3510	0	0	"SuncrownVillage"	512	256	460	0	45	566	114	645
1151	463	3490	3515	0	0	"GoldenmistVillage"	512	512	44	0	69	202	135	297
1152	463	3491	3503	0	0	"WindrunnerVillage"	256	512	60	117	230	138	325	222
1153	463	3494	0	0	0	"SanctumoftheMoon"	256	256	210	126	187	309	244	361
1154	467	3720	0	0	0	"TwinspireRuins"	256	256	342	249	307	378	385	580
1155	463	3493	3509	3498	0	"SanctumoftheSun"	256	512	448	150	296	538	347	587
1156	467	3641	0	0	0	"UmbrafenVillage"	256	207	720	461	510	793	587	880
1157	463	3495	3512	3513	3823	"DawnstarSpire"	427	256	575	0	103	753	148	822
1158	463	3496	0	3516	0	"FarstriderEnclave"	429	256	573	136	198	701	231	747
1161	478	3684	3691	0	0	"AllerianStronghold"	256	256	480	277	335	523	424	621
1162	463	3502	3506	0	0	"HowlingZiggurat"	256	449	340	219	312	393	354	432
1163	463	3500	0	0	0	"Deatholme"	512	293	95	375	455	264	613	400
1164	463	3517	3499	3507	0	"ZebNowa"	512	431	466	237	324	613	493	713
1165	463	3508	0	0	0	"AmaniPass"	404	436	598	232	390	731	472	818
1166	478	3719	3686	0	0	"BleedingHollowClanRuins"	256	367	103	301	402	120	473	238
1167	478	3674	3859	0	0	"CenarionThicket"	256	256	314	0	112	403	160	475
1168	478	3681	0	0	0	"FirewingPoint"	385	512	617	149	182	668	283	769
1169	478	3682	3677	0	0	"GrangolvarVilliage"	512	256	143	171	248	379	280	413
1170	478	3693	3679	3690	3680	"SkethylMountains"	512	320	449	348	428	565	593	616
1171	478	3683	3692	0	0	"StonebreakerHold"	256	256	397	165	254	415	324	520
1173	478	3675	3676	0	0	"Tuurem"	256	512	455	34	160	495	232	567
1174	463	3492	0	0	0	"WindrunnerSpire"	256	256	40	287	357	116	390	157
1175	462	3487	0	0	0	"SilvermoonCity"	512	512	440	87	190	371	338	679
1176	478	3703	0	0	0	"ShattrathCity"	512	512	104	4	92	201	221	383
1177	463	3501	3505	0	0	"BleedingZiggurat"	256	256	184	238	294	324	331	361
1178	467	3649	3658	0	0	"Sporeggar"	512	256	20	202	310	147	354	210
1179	479	3712	0	0	0	"Area52"	256	128	241	388	406	294	476	378
1180	479	3726	0	0	0	"ManaforgeBanar"	256	387	147	281	441	189	535	283
1181	479	3730	0	0	0	"ManaforgeCoruu"	256	179	357	489	528	442	602	534
1182	479	3734	0	0	0	"ManaforgeDuro"	256	256	465	336	416	550	496	643
1183	479	3722	0	0	0	"ManafrogeAra"	256	256	171	155	222	217	307	321
1184	479	3736	0	0	0	"RuinedManaforge"	256	256	513	138	200	563	312	672
1185	479	3741	0	0	0	"RuinsofFarahlon"	512	256	354	49	96	479	191	612
1186	479	3842	3731	3724	0	"TempestKeep"	409	384	593	284	311	638	524	879
1187	479	3729	0	0	0	"TheHeap"	256	213	239	455	496	238	541	331
1189	477	3624	0	0	0	"ForgeCampFear"	512	420	36	248	305	145	383	268
1190	477	3613	3614	0	0	"Garadar"	256	256	431	143	206	518	281	607
1191	477	3628	3666	3627	0	"Halaa"	256	256	335	193	260	390	329	462
1192	477	3637	0	0	0	"KilsorrowFortress"	256	241	558	427	493	642	575	739
1193	477	3616	3700	3699	0	"LaughingSkullRuins"	256	256	351	52	82	415	173	525
1194	477	3631	3630	0	0	"OshuGun"	512	334	168	334	0	0	0	0
1195	477	3622	3621	3672	0	"SunspringPost"	256	256	219	199	264	291	335	380
1196	477	3626	0	0	0	"Telaar"	256	256	387	390	426	479	500	579
1197	477	3638	0	0	0	"RingofTrials"	256	256	533	267	322	619	401	700
1198	477	3615	3636	0	0	"ThroneoftheElements"	256	256	504	53	103	564	180	655
1199	477	3617	0	0	0	"WarmaulHill"	256	256	157	32	110	255	219	339
1200	465	3546	0	0	0	"ExpeditionArmory"	512	255	261	413	524	491	604	597
1201	465	3554	3543	0	0	"FalconWatch"	512	342	183	326	383	244	437	295
1202	465	3545	3670	3671	3669	"HellfireCitadel"	256	458	338	210	324	423	384	523
1203	465	3538	3794	3814	0	"HonorHold"	256	256	469	298	393	495	471	604
1208	465	3555	3801	0	0	"MagharPost"	256	256	206	110	149	256	213	372
1215	465	3553	3799	3810	0	"PoolsofAggonar"	256	512	326	45	189	352	249	473
1216	465	3551	3795	3808	3800	"RuinsofShanaar"	256	378	25	290	359	95	436	172
1217	465	3552	0	0	0	"TempleofTelhamat"	512	512	38	152	235	167	301	305
1218	465	3804	3807	3813	0	"TheLegionFront"	256	512	579	128	278	666	396	738
1219	465	3539	0	0	0	"TheStairofDestiny"	256	512	737	156	216	833	459	926
1220	465	3536	0	0	0	"Thrallmar"	256	256	467	154	226	507	293	602
1221	465	3547	0	0	0	"ThroneofKiljaeden"	512	256	477	6	82	554	158	689
1222	465	3582	3838	3815	0	"ZethGor"	422	238	580	430	451	654	533	751
1225	463	3856	0	0	0	"ElrendarCrossing"	512	256	326	0	0	0	0	0
1226	477	3610	3788	0	0	"BurningBladeRUins"	256	334	660	334	412	725	482	780
1227	477	3611	0	0	0	"ClanWatch"	256	256	532	363	408	602	454	649
1228	477	3625	0	0	0	"ForgeCampHate"	256	256	162	154	223	218	274	302
1229	477	3629	3839	0	0	"SouthwindCleft"	256	256	391	258	349	474	398	524
1230	477	3764	0	0	0	"TwilightRidge"	256	512	10	107	218	68	307	148
1231	477	3762	3673	0	0	"WindyreedPass"	256	256	598	79	226	692	261	758
1232	477	3634	3760	0	0	"WindyreedVillage"	256	256	666	233	324	711	384	776
1233	477	3763	0	0	0	"ZangarRidge"	256	256	277	54	101	317	146	362
1234	467	3651	0	0	0	"AngoroshStronghold"	256	128	124	0	31	164	79	209
1236	467	3818	3653	3905	0	"CoilfangReservoir"	256	512	462	90	251	600	300	655
1237	467	3766	0	0	0	"OreborHarborage"	256	512	329	25	142	407	197	492
1238	467	3647	0	0	0	"TheSpawningGlen"	256	256	31	339	383	108	447	182
1239	467	3645	0	0	0	"ZabraJin"	256	256	175	232	325	281	376	356
1240	463	3823	0	0	0	"IsleofTribulations"	256	256	585	0	22	675	75	718
1241	463	3861	0	0	0	"ThalassiaPass"	256	262	364	406	535	446	593	519
1260	479	3723	0	0	0	"ArklonRuins"	256	256	328	397	472	361	511	436
1261	479	3737	0	0	0	"CelestialRidge"	256	256	644	173	226	695	293	758
1262	479	3740	3739	0	0	"ForgeBaseOG"	256	256	237	22	94	362	150	435
1263	479	3732	3935	3879	3934	"KirinVarVillage"	256	145	490	523	560	538	623	605
1265	479	3850	0	0	0	"Netherstone"	256	256	411	20	97	480	131	513
1266	479	3725	0	0	0	"RuinsofEnkaat"	256	256	253	301	339	297	396	364
1267	479	3837	0	0	0	"SunfuryHold"	256	217	454	451	512	548	529	573
1268	479	3727	3877	0	0	"TheScrapField"	256	256	356	261	355	478	411	539
1269	479	3738	3875	3876	0	"TheStormspire"	256	256	298	134	205	409	275	494
1270	479	3868	0	0	0	"NetherstormBridge"	256	256	132	294	358	194	391	270
1273	473	3754	3753	0	0	"AltarofShatar"	256	256	520	93	140	579	210	652
1274	473	3752	0	0	0	"IlladarPoint"	256	256	143	256	314	266	386	332
1275	473	3758	0	0	0	"NetherwingCliffs"	256	256	554	308	0	0	0	0
1276	478	3860	0	0	0	"RaastokGlade"	256	256	505	154	238	575	300	640
1277	478	3696	0	0	0	"TheBarrierHills"	256	256	116	4	49	194	93	254
1279	467	3841	0	0	0	"BloodscaleEnclave"	256	256	596	412	0	0	0	0
1280	478	3858	0	0	0	"RazorthornShelf"	256	256	478	19	96	575	132	627
1281	465	3556	3798	0	0	"DenofHaalesh"	256	256	182	412	478	237	552	313
1282	465	3797	0	0	0	"FallenSkyRidge"	256	256	34	142	247	114	302	171
1283	465	3548	3541	3549	3803	"ForgeCampRage"	512	512	478	25	186	567	234	614
1285	465	3802	0	0	0	"VoidRidge"	256	256	705	368	421	759	555	823
1286	465	3796	3816	3811	0	"WarpFields"	256	260	308	408	521	423	583	485
1288	475	3864	0	0	0	"BashirLanding"	256	256	422	0	80	489	145	548
1289	475	3867	0	0	0	"BladedGulch"	256	256	623	147	0	0	0	0
1290	475	3773	0	0	0	"BladesipreHold"	256	507	314	161	307	376	403	441
1291	475	3777	0	0	0	"BloodmaulCamp"	256	256	412	95	151	537	201	576
1292	475	3776	3778	0	0	"BloodmaulOutpost"	256	297	342	371	478	422	552	506
1293	475	3863	0	0	0	"BrokenWilds"	256	256	733	109	0	0	0	0
1294	475	3775	0	0	0	"CircleofWrath"	256	256	439	210	281	512	307	561
1295	475	3831	0	0	0	"DeathsDoor"	256	419	512	249	395	628	421	656
1297	475	3787	0	0	0	"ForgeCampAnger"	416	256	586	147	250	709	311	786
1298	475	3784	0	0	0	"ForgeCampTerror"	512	252	144	416	504	250	580	333
1299	475	3785	0	0	0	"ForgeCampWrath"	256	256	254	176	248	285	302	386
1300	475	3781	0	0	0	"Grishnath"	256	256	286	28	107	349	160	444
1301	475	3774	0	0	0	"GruulsLayer"	256	256	527	81	146	657	169	700
1302	475	3768	0	0	0	"JaggedRidge"	256	254	446	414	0	0	0	0
1303	475	3844	0	0	0	"MokNathalVillage"	256	256	658	297	397	712	441	768
1304	475	3830	3780	0	0	"RavensWood"	512	256	214	55	168	266	200	373
1305	475	3833	0	0	0	"RazorRidge"	256	336	533	332	0	0	0	0
1307	475	3828	0	0	0	"RuuanWeald"	256	512	479	98	232	561	257	665
1308	475	3866	0	0	0	"Skald"	256	256	673	71	0	0	0	0
1309	475	3772	0	0	0	"Sylvanaar"	256	318	289	350	408	345	467	395
1310	475	3865	0	0	0	"TheCrystalpine"	256	256	585	0	43	611	103	751
1311	475	3769	0	0	0	"ThunderlordStronghold"	256	396	405	272	349	506	382	558
1312	475	3782	3771	0	0	"VeilLashh"	256	240	271	428	495	340	558	389
1313	475	3829	0	0	0	"VeilRuuan"	256	128	563	151	194	637	230	668
1314	475	3827	0	0	0	"VekhaarStand"	256	256	629	406	480	750	526	795
1315	475	3832	3786	3964	0	"VortexPinnacle"	256	462	166	206	313	276	482	334
1316	478	3685	0	0	0	"BonechewerRuins"	256	256	521	275	330	636	369	697
1317	479	3874	0	0	0	"EcoDomeFarfield"	256	256	396	10	34	430	96	493
1318	479	3878	0	0	0	"EtheriumStagingGrounds"	256	256	481	208	269	524	314	580
1319	479	3742	0	0	0	"SocretharsSeat"	256	256	229	38	75	264	139	336
1320	467	3895	0	0	0	""	0	0	0	0	434	220	457	243
1321	465	3811	0	0	0	""	0	0	0	0	475	431	505	466
1322	465	3541	0	0	0	""	0	0	0	0	188	631	229	673
1323	465	3549	0	0	0	""	0	0	0	0	163	515	201	555
1324	465	3807	0	0	0	""	0	0	0	0	275	639	310	676
1325	465	3543	0	0	0	""	0	0	0	0	384	293	425	378
1326	479	3739	0	0	0	""	0	0	0	0	151	338	203	414
1327	479	3877	0	0	0	""	0	0	0	0	329	422	388	489
1328	476	3597	0	0	0	"AmberwebPass"	256	512	44	62	158	153	256	225
1329	476	3593	0	0	0	"Axxarien"	256	256	297	136	194	384	248	434
1330	476	3594	0	0	0	"BlacksiltShore"	512	242	177	426	567	297	641	370
1331	476	3585	0	0	0	"Bladewood"	256	256	367	209	280	432	324	488
1332	476	3612	0	0	0	"BloodscaleIsle"	239	256	763	256	301	808	406	904
1333	476	3584	0	0	0	"BloodWatch"	256	256	437	258	343	517	399	579
1334	476	3600	0	0	0	"BristlelimbEnclave"	256	256	546	410	492	636	555	706
1335	476	3602	3583	0	0	"KesselsCrossing"	485	141	517	527	577	590	628	650
1336	476	3908	0	0	0	"Middenvale"	256	256	414	406	480	481	546	554
1337	476	3910	0	0	0	"Mystwood"	256	185	309	483	539	402	594	477
1338	476	3592	0	0	0	"Nazzivian"	256	256	250	404	473	345	541	414
1339	476	3601	0	0	0	"RagefeatherRidge"	256	256	481	117	191	524	277	599
1340	476	3591	0	0	0	"RuinsofLorethAran"	256	256	556	216	263	588	342	647
1341	476	3599	0	0	0	"TalonStand"	256	256	657	78	113	704	169	767
1342	476	3603	0	0	0	"TelathionsCamp"	128	128	180	216	250	221	302	269
1343	476	3604	0	0	0	"TheBloodcursedReef"	256	256	729	54	100	774	171	848
1344	476	3906	0	0	0	"TheBloodwash"	256	256	302	27	119	353	176	424
1345	476	3589	0	0	0	"TheCrimsonReach"	256	256	555	87	138	598	203	657
1346	476	3588	0	0	0	"TheCryoCore"	256	256	293	285	367	352	430	420
1347	476	3595	0	0	0	"TheFoulPool"	256	256	221	136	217	260	276	325
1348	476	3596	0	0	0	"TheHiddenReef"	256	256	205	39	114	297	153	360
1349	476	3909	0	0	0	"TheLostFold"	256	198	503	470	522	554	562	597
1350	476	3586	0	0	0	"TheVectorCoil"	512	430	43	238	313	145	402	216
1351	476	3587	0	0	0	"TheWarpPiston"	256	256	451	29	86	516	143	569
1352	476	3907	0	0	0	"VeridianPoint"	256	256	637	0	26	707	76	784
1353	476	3608	0	0	0	"VindicatorsRest"	256	256	232	242	287	276	332	329
1354	476	3590	0	0	0	"WrathscaleLair"	256	256	598	338	416	661	476	722
1355	476	3598	0	0	0	"WyrmscarIsland"	256	256	613	82	163	662	234	783
1356	462	3472	0	0	0	"AzurebreezeCoast"	256	256	669	228	273	701	334	734
1357	462	3558	0	0	0	"ElrendarFalls"	128	256	580	399	477	631	502	663
1358	462	3912	0	0	0	"GoldenboughPass"	256	128	243	469	498	318	540	351
1359	462	3473	0	0	0	"LakeElrendar"	128	197	584	471	497	649	554	672
1360	462	3913	0	0	0	"RunestoneFalithas"	256	172	378	496	559	427	588	457
1361	462	3914	0	0	0	"RunestoneShandor"	256	174	464	494	550	545	576	571
1362	462	3468	0	0	0	"SatherilsHaven"	256	256	324	384	475	366	509	401
1363	464	3857	0	0	0	"AmmenFord"	256	256	515	279	341	598	377	631
1364	464	3526	3560	3559	3530	"AmmenVale"	475	512	527	104	269	755	316	800
1365	464	3576	0	0	0	"AzureWatch"	256	256	383	249	320	473	359	514
1366	464	3571	0	0	0	"BristlelimbVillage"	256	256	174	363	409	239	463	292
1367	464	3564	3578	0	0	"Emberglade"	256	256	488	24	93	560	144	617
1368	464	3915	0	0	0	"FairbridgeStrand"	256	128	356	0	23	432	69	523
1369	464	3577	0	0	0	"GreezlesCamp"	256	256	507	350	432	561	465	607
1370	464	3916	0	0	0	"MoongrazeWoods"	256	256	449	183	262	507	298	549
1371	464	3573	0	0	0	"OdesyusLanding"	256	256	352	378	464	442	504	492
1372	464	3567	0	0	0	"PodCluster"	256	256	281	305	372	349	410	392
1373	464	3568	0	0	0	"PodWreckage"	128	256	462	349	388	506	432	550
1374	464	3575	0	0	0	"SiltingShore"	256	256	291	3	52	324	116	385
1375	464	3639	0	0	0	"SilvermystIsle"	256	222	23	446	494	84	557	171
1376	464	3572	0	0	0	"StillpineHold"	256	256	365	49	108	438	162	484
1377	464	3557	0	0	0	"TheExodar"	512	512	74	85	154	222	317	365
1378	464	3574	0	0	0	"ValaarsBerth"	256	256	176	303	343	209	381	265
1379	464	3570	0	0	0	"WrathscalePoint"	256	247	220	421	505	261	557	380
1380	462	3460	0	0	0	"TheGoldenStrand"	128	253	183	415	441	217	562	254
1381	462	3469	0	0	0	"ThuronsLivery"	256	128	539	305	340	606	375	638
1382	462	3911	0	0	0	"TranquilShore"	256	256	215	298	340	254	434	316
1383	462	3475	0	0	0	"Zebwatha"	128	193	554	475	510	608	551	641
1384	462	3482	0	0	0	""	0	0	0	0	341	485	581	535
1385	464	3578	0	0	0	""	0	0	0	0	86	523	144	549
1386	464	3559	0	0	0	""	0	0	0	0	395	814	478	907
1387	464	3530	0	0	0	""	0	0	0	0	404	680	453	730
1388	464	3579	0	0	0	""	0	0	0	0	551	177	577	206
1389	464	3566	0	0	0	""	0	0	0	0	551	101	594	165
1390	478	3894	0	0	0	"AuchenaiGrounds"	256	234	247	434	0	0	0	0
1391	478	3891	3890	0	0	"CarrionHill"	256	256	377	272	0	0	0	0
1392	478	3887	0	0	0	"RefugeCaravan"	128	256	316	268	330	368	334	384
1393	478	3893	3688	0	0	"RingofObservance"	256	256	310	345	406	355	472	438
1394	478	3888	0	0	0	"SethekkTomb"	256	256	245	289	342	303	360	324
1395	478	3886	0	0	0	"SmolderingCaravan"	256	208	321	460	0	0	0	0
1396	478	3890	0	0	0	""	0	0	0	0	355	462	374	485
1397	478	3889	0	0	0	"VeilRhaze"	256	256	222	362	0	0	0	0
1398	478	3892	0	0	0	"WrithingMound"	256	256	417	327	0	0	0	0
1399	467	3653	0	0	0	""	0	0	0	0	245	399	305	474
1400	467	3905	0	0	0	""	0	0	0	0	247	479	298	529
1401	467	3655	0	0	0	""	0	0	0	0	414	720	536	779
1402	467	3718	0	0	0	""	0	0	0	0	336	839	376	884
1404	467	3640	0	0	0	""	0	0	0	0	135	227	182	278
1405	478	3679	0	0	0	""	0	0	0	0	530	673	591	745
1406	478	3678	0	0	0	""	0	0	0	0	444	527	491	558
1407	475	3918	0	0	0	""	0	0	0	0	450	593	471	613
1408	475	3919	0	0	0	""	0	0	0	0	490	587	534	638
1409	462	3481	0	0	0	""	0	0	0	0	335	673	367	718
1410	465	3920	0	0	0	""	0	0	0	0	215	778	242	808
1411	465	3812	0	0	0	""	0	0	0	0	539	602	567	634
1412	475	3833	0	0	0	"RidgeofMadness"	256	410	554	258	285	663	505	691
1414	462	3485	0	0	0	""	0	0	0	0	167	263	236	329
1415	477	3630	0	0	0	""	0	0	0	0	441	328	512	396
1418	473	3753	0	0	0	""	0	0	0	0	233	564	267	611
1419	473	3945	0	0	0	""	0	0	0	0	454	566	499	607
1420	473	3758	0	0	0	""	0	0	0	0	364	611	419	674
1421	473	3749	0	0	0	""	0	0	0	0	160	517	183	543
1422	473	3927	0	0	0	""	0	0	0	0	146	534	159	550
1423	473	3939	0	0	0	""	0	0	0	0	397	687	430	719
1424	473	3944	0	0	0	""	0	0	0	0	466	572	480	593
1425	473	3928	0	0	0	""	0	0	0	0	296	415	308	435
1426	473	3938	0	0	0	""	0	0	0	0	371	550	410	579
1427	478	3902	0	0	0	""	0	0	0	0	273	629	287	645
1428	478	3901	0	0	0	""	0	0	0	0	292	693	302	703
1429	473	3932	0	0	0	""	0	0	0	0	371	446	392	472
1430	475	3951	0	0	0	""	0	0	0	0	256	612	274	629
1431	463	3510	0	0	0	""	0	0	0	0	176	565	202	676
1432	467	3841	0	0	0	""	0	0	0	0	520	697	549	719
1434	478	3686	0	0	0	""	0	0	0	0	462	228	485	255
1435	478	3677	0	0	0	""	0	0	0	0	271	296	292	316
1436	478	3689	0	0	0	""	0	0	0	0	84	482	126	526
1437	478	3676	0	0	0	""	0	0	0	0	148	574	170	609
1438	473	3933	0	0	0	""	0	0	0	0	195	392	217	416
1440	478	3973	0	0	0	""	0	0	0	0	430	627	457	656
1445	478	3978	0	0	0	""	128	128	0	0	556	708	601	763
1446	478	3976	0	0	0	""	128	128	0	0	519	675	583	708
1447	478	3974	0	0	0	""	128	128	0	0	512	614	570	650
1448	478	3975	0	0	0	""	128	128	0	0	511	653	540	678
1449	478	3697	0	0	0	""	128	128	0	0	332	332	381	448
1454	499	4087	4086	4089	4091	"SunsReachHarbor"	512	416	252	252	0	0	0	0
1455	499	4086	4087	4083	4088	"SunsReachSanctum"	512	512	251	4	0	0	0	0
1456	499	4089	0	0	0	""	0	0	0	0	183	375	219	452
1457	499	4094	0	0	0	""	0	0	0	0	294	345	317	411
1458	499	4095	0	0	0	""	0	0	0	0	152	543	184	617
1459	499	4091	0	0	0	""	0	0	0	0	332	601	362	676
1460	499	4092	0	0	0	""	0	0	0	0	400	509	588	555
1462	486	4125	4042	4125	0	"TempleCityOfEnKilah"	290	292	712	15	123	820	214	935
1463	490	4206	4255	4482	4217	"ConquestHold"	332	294	17	307	409	185	465	242
1464	486	4127	4127	4039	4109	"SteeljawsCaravan"	244	319	397	66	134	474	192	531
1465	490	4210	4199	4209	4251	"DrakTheronKeep"	382	285	0	46	112	132	203	219
1466	490	4216	4244	4266	4212	"DrakilJinRuins"	351	284	607	41	148	679	226	759
1467	486	4028	4028	4029	4269	"RiplashStrand"	382	258	293	383	500	406	585	545
1468	490	4220	4229	4218	4480	"DunArgol"	455	400	547	257	351	733	442	829
1469	486	4041	4041	4113	4043	"Kaskala"	385	316	509	214	297	618	387	709
1470	490	4208	4202	0	0	"GraniteSprings"	356	224	7	207	300	122	362	196
1471	490	395	4267	4238	4262	"GrizzleMaw"	294	227	358	187	240	425	326	539
1472	490	4215	4240	4480	0	"RageFangShrine"	475	362	312	294	351	459	414	548
1473	486	4106	4027	4106	4031	"GarroshsLanding"	267	378	153	238	317	267	375	332
1474	490	4221	4214	0	0	"ThorModan"	329	246	509	0	66	639	133	727
1475	486	4114	4114	4138	4126	"DeathsStand"	289	279	707	181	287	802	335	851
1476	486	4024	4024	4121	4026	"Coldarra"	460	381	50	0	225	172	290	344
1477	490	4242	0	0	0	"VentureBay"	274	207	18	461	525	90	604	200
1478	490	4207	0	0	0	"Voldrune"	283	247	176	421	469	244	554	336
1479	490	4204	4203	4200	0	"AmberpineLodge"	278	290	217	244	359	281	416	347
1480	486	4122	4122	4123	4133	"BorGorokOutpost"	396	203	314	0	44	463	97	543
1481	490	4222	0	0	0	"BlueSkyLoggingGrounds"	249	235	232	129	216	323	292	399
1482	490	4211	4205	4231	0	"CampOneqwah"	324	265	548	137	282	622	328	680
1483	486	4023	4023	4105	0	"AmberLedge"	244	214	325	140	207	434	260	490
1484	486	4129	4129	4020	4021	"WarsongStronghold"	260	278	329	237	321	394	391	476
1485	486	4032	4101	0	4111	"ValianceKeep"	259	302	457	264	426	545	501	615
1486	486	4141	4144	4130	4142	"TorpsFarm"	186	276	272	237	288	341	340	390
1487	486	4035	4035	4037	4108	"TheGeyserFields"	375	342	480	0	126	597	257	732
1488	486	4124	4124	4118	0	"TheDensOfDying"	203	209	662	11	79	734	142	796
1489	488	4168	4168	4165	0	"RubyDragonshrine"	188	211	374	208	288	438	363	511
1490	488	4167	4167	4227	0	"ObsidianDragonshrine"	304	203	256	104	178	341	251	430
1491	488	4180	4180	0	0	"NewHearthglen"	214	261	614	358	458	675	547	749
1492	488	4234	4188	4189	4177	"Naxxramas"	311	272	691	160	255	845	336	936
1493	491	4059	4059	4058	0	"CauldrosIsle"	181	178	490	161	221	557	260	600
1494	488	4191	4191	4194	0	"LightsRest"	299	278	703	7	135	795	209	880
1495	491	4018	4018	4479	0	"CampWinterHoof"	223	209	354	0	55	452	107	506
1496	491	4062	4062	4070	0	"ApothecaryCamp"	263	265	99	37	118	236	169	294
1497	488	4166	4152	4160	4154	"LakeIndule"	356	300	217	313	415	361	482	434
1498	491	4000	4000	4050	4402	"VengeanceLanding"	223	338	664	25	151	748	216	817
1499	488	4163	4163	4164	4158	"IcemistVillage"	235	337	134	165	217	210	308	290
1500	491	3999	3999	0	0	"SteelGate"	222	168	222	100	157	295	191	333
1501	488	4173	4173	0	0	"GalakrondsRest"	258	225	433	118	181	503	258	596
1502	491	3990	3990	3989	4077	"ScalawagPoint"	350	258	168	410	494	304	555	385
1503	491	3984	3984	4261	0	"Nifflevar"	178	208	595	240	322	647	385	713
1504	488	4179	4179	0	0	"EmeraldDragonshrine"	196	218	543	362	450	602	523	670
1505	491	4006	4065	4054	0	"Gjalerbron"	242	189	225	0	25	334	102	400
1506	488	4230	4396	4230	0	"ColdwindHeights"	213	219	403	0	80	456	156	547
1507	491	3997	0	0	0	"ExplorersLeagueOutpost"	232	216	585	336	393	722	446	783
1508	491	4048	4063	0	0	"EmberClutch"	213	256	283	203	310	367	369	432
1509	491	4061	0	0	0	"GiantsRun"	298	306	572	0	148	646	209	728
1510	491	4003	4055	4066	0	"FortWildervar"	251	192	490	0	53	574	120	642
1512	491	4005	0	0	0	"IvaldsRuin"	193	201	668	223	282	758	337	809
1513	491	3994	0	0	0	"Halgrind"	187	263	397	208	329	478	395	526
1514	488	4172	4169	4170	4171	"Angrathar"	306	242	210	0	62	310	140	412
1515	491	3991	4260	4057	0	"NewAgamand"	284	308	415	360	434	498	490	560
1516	488	4165	4165	0	0	"AgmarsHammer"	236	218	258	203	284	334	355	405
1517	491	4002	0	0	0	"Skorn"	238	232	343	108	187	421	258	483
1518	491	4053	4052	4051	0	"TheTwistedGlade"	266	210	420	57	94	523	133	563
1519	488	4161	0	4183	4176	"WyrmrestTemple"	317	353	453	219	273	543	393	654
1520	491	3983	3981	3980	3982	"UtgardeKeep"	248	382	477	216	265	541	350	627
1521	488	4151	4151	4157	4478	"WestwindRefugeeCamp"	229	299	42	187	267	109	351	169
1522	491	3998	4071	0	0	"WestguardKeep"	347	220	90	180	248	250	308	356
1523	488	4186	4186	4232	0	"VenomSpite"	226	212	661	264	378	744	424	801
1524	491	3992	3988	3987	0	"AncientLift"	177	191	342	351	394	386	467	467
1525	488	4185	4185	4241	0	"TheForgottenShore"	301	286	698	332	429	768	517	885
1526	491	3996	0	0	0	"BaelgunsExcavationSite"	244	305	621	327	455	705	499	748
1527	491	4001	4403	4263	0	"Baleheim"	174	173	576	170	234	632	290	702
1528	488	4187	4187	4253	0	"TheCrystalVice"	229	259	487	0	87	576	176	663
1529	488	4193	4193	4175	0	"ScarletPoint"	235	354	569	7	133	689	211	767
1530	496	4375	0	0	0	"GunDrak"	336	297	629	0	62	788	163	888
1531	496	4278	4279	0	0	"DrakSotraFields"	286	265	326	358	491	396	538	441
1532	496	4320	4275	4319	4318	"AmphitheaterOfAnguish"	266	254	289	287	342	448	413	516
1533	496	4276	4294	0	0	"AltarOfSseratus"	237	248	288	168	224	377	297	433
1534	496	4321	4327	4328	0	"AltarOfRhunok"	247	304	431	127	205	503	285	566
1535	496	4325	0	0	0	"AltarOfQuetzLun"	261	288	607	251	361	742	433	799
1536	496	4329	4372	4371	0	"AltarOfMamToth"	311	317	575	88	271	701	340	767
1537	496	4322	4324	0	0	"AltarOfHarKoa"	265	257	533	345	435	618	487	674
1538	496	4323	4326	0	0	"ZimTorga"	249	258	479	241	358	565	416	625
1539	496	4310	4312	4311	4481	"Zeramas"	307	256	7	412	473	183	534	241
1540	496	4314	4468	4315	0	"Voltarus"	218	291	174	191	272	253	333	312
1541	496	4313	4469	0	0	"ThrymsEnd"	272	268	0	247	353	135	414	203
1542	496	4317	4316	4374	0	"LightsBreach"	321	305	181	363	490	295	533	346
1543	496	4299	0	0	0	"Kolramas"	302	231	380	437	494	594	544	649
1544	493	4290	0	4302	4304	"RiversHeart"	468	329	359	339	387	444	460	518
1545	493	4376	4368	0	0	"TheSavageThicket"	293	229	396	51	146	433	205	505
1546	493	4400	4300	0	0	"TheMosslightPillar"	239	313	265	355	468	335	539	386
1547	493	4412	0	0	0	"TheMakersOverlook"	233	286	705	236	342	782	400	840
1548	493	4413	0	0	0	"TheMakersPerch"	249	248	172	135	245	271	291	323
1549	493	4389	4284	0	4391	"TheSuntouchedPillar"	455	316	82	186	317	308	382	358
1550	493	4291	4386	0	0	"RainspeakerCanopy"	207	235	427	244	322	508	381	568
1551	493	4296	4283	0	0	"TheLifebloodPillar"	312	369	501	134	367	631	437	689
1552	493	4282	0	0	0	"TheAvalanche"	322	265	596	92	188	692	275	801
1553	493	4307	4306	4369	4308	"TheGlimmeringPillar"	294	327	308	34	217	469	269	523
1555	493	4287	4288	4483	0	"KartaksHold"	329	293	76	375	518	216	575	269
1556	493	4392	0	0	0	"TheStormwrightsShelf"	268	288	138	58	197	219	252	271
1558	490	4159	4366	0	0	"UrsocsDen"	328	260	331	32	157	525	224	612
1559	491	3988	3987	3992	0	"Kamagua"	333	265	99	278	355	212	418	286
1561	492	4518	4519	4521	4520	"Corprethar"	308	212	342	392	438	447	507	522
1562	492	4496	4526	4527	4528	"Jotunheim"	393	474	22	122	220	233	303	310
1563	492	4522	0	0	0	"IcecrownCitadel"	308	202	392	466	519	489	630	596
1564	492	4417	0	0	0	"OnslaughtHarbor"	204	268	0	167	234	50	340	129
1565	492	4506	4505	0	0	"Scourgeholme"	245	239	690	267	367	755	439	815
1566	492	4533	0	0	0	"SindragosasFall"	300	343	626	31	223	688	282	794
1568	492	4507	4503	4508	0	"TheBrokenFront"	283	231	558	329	390	650	472	737
1570	492	4531	0	0	0	"TheFleshwerks"	219	283	218	291	410	292	478	372
1571	492	4477	4517	0	0	"TheShadowVault"	223	399	321	15	115	409	187	480
1572	492	4510	4516	4540	0	"Aldurthar"	373	375	355	37	161	482	250	577
1573	492	4524	4492	4497	0	"Valhalas"	238	240	217	50	128	328	196	402
1574	492	4504	4501	0	0	"ValleyofEchoes"	269	217	715	390	433	767	492	826
1575	492	4513	0	0	0	"Ymirheim"	223	207	444	276	331	506	423	593
1576	495	4438	4437	4442	0	"DunNiffelem"	309	383	481	285	368	600	424	688
1577	495	4463	4444	4441	0	"TempleofLife"	182	270	570	113	278	628	321	669
1579	495	4422	4423	0	0	"BrunnhildarVillage"	305	298	339	370	419	433	494	526
1580	495	4452	4453	0	0	"BorsBreath"	322	195	109	375	434	323	487	385
1581	495	4424	0	0	0	"Valkyrion"	228	158	98	318	380	205	430	276
1582	495	4445	4543	0	0	"Ulduar"	369	265	218	0	36	330	198	498
1583	495	4440	4439	4495	0	"Thunderfall"	306	484	627	179	290	691	358	768
1584	495	4446	4464	4429	4465	"TerraceoftheMakers"	363	341	292	122	251	449	349	561
1585	495	4430	0	0	0	"TempleofStorms"	169	164	239	301	352	298	424	360
1587	495	4458	4419	4418	4459	"SparksocketMinefield"	251	200	242	468	538	325	587	379
1588	495	4436	0	0	0	"SnowdriftPlains"	205	232	162	143	258	250	304	298
1589	495	4434	0	0	0	"Nidavelir"	221	200	108	206	310	210	361	269
1590	495	4435	4484	0	0	"NarvirsCradle"	180	239	214	144	242	301	288	345
1591	495	4460	4421	4461	0	"GarmsBane"	184	191	395	470	518	443	575	502
1592	495	4428	4490	0	0	"Frosthold"	244	220	134	429	473	273	515	316
1593	495	4431	4432	4473	0	"EngineoftheMakers"	210	179	316	296	362	378	405	441
1594	492	4515	4523	0	0	"TheConflagration"	227	210	327	305	338	398	418	477
1596	492	4509	4537	0	0	"TheBombardment"	248	243	538	181	252	597	338	679
1597	510	4555	0	0	0	"TheAzureFront"	416	424	0	244	350	207	471	323
1598	510	4552	0	0	0	"TheDecrepitFlow"	288	222	0	0	49	99	158	223
1599	510	4558	0	0	0	"SunreaversCommand"	446	369	536	40	277	729	343	811
1600	510	4553	0	0	0	"ForlornWoods"	544	668	129	0	239	382	331	480
1601	510	4559	0	0	0	"WindrunnersOverlook"	558	285	444	383	522	710	588	795
1602	510	4556	0	0	0	"VioletStand"	264	303	0	176	263	94	328	199
1603	510	4549	0	0	0	"TheGreatTree"	252	260	0	91	197	101	257	161
1604	510	4557	0	0	0	"TheUnboundThicket"	502	477	500	105	343	582	465	716
1605	501	4586	0	0	0	""	0	0	0	0	0	0	0	0
1606	501	4582	0	0	0	""	0	0	0	0	0	0	0	0
1607	493	4293	0	0	0	""	0	0	0	0	329	409	382	471
1608	493	4302	0	0	0	""	0	0	0	0	507	502	573	563
1609	493	4283	0	0	0	""	0	0	0	0	264	612	316	717
1610	493	4292	0	0	0	""	0	0	0	0	447	538	492	579
1611	488	4157	0	0	0	""	0	0	0	0	379	167	425	218
1612	488	4183	0	0	0	""	0	0	0	0	416	526	467	578
1613	492	4501	0	0	0	""	0	0	0	0	467	823	536	898
1614	492	4508	0	0	0	""	0	0	0	0	385	607	446	670
1615	490	4244	0	0	0	""	0	0	0	0	132	825	199	894
1616	490	4250	0	0	0	""	0	0	0	0	217	768	267	819
1617	490	4218	0	0	0	""	0	0	0	0	376	642	416	694
1618	490	4209	0	0	0	""	0	0	0	0	231	156	273	207
1619	490	4199	0	0	0	""	0	0	0	0	195	243	244	269
1620	490	4200	0	0	0	""	0	0	0	0	312	371	354	416
1621	486	4120	0	0	0	""	0	0	0	0	123	233	216	301
1622	486	4037	0	0	0	""	0	0	0	0	217	750	266	803
1623	486	4029	0	0	0	""	0	0	0	0	596	461	644	552
1624	486	4130	0	0	0	""	0	0	0	0	392	346	444	383
1625	486	4022	0	0	0	""	0	0	0	0	393	441	449	486
1626	486	4118	0	0	0	""	0	0	0	0	71	666	130	717
1627	496	4372	0	0	0	""	0	0	0	0	202	634	259	689
1628	496	4312	0	0	0	""	0	0	0	0	472	126	509	166
1629	496	4635	0	0	0	""	0	0	0	0	522	247	634	319
1630	491	4052	0	0	0	""	0	0	0	0	165	499	199	534
1631	491	4051	0	0	0	""	0	0	0	0	140	593	174	628
1632	510	4554	0	0	0	""	0	0	0	0	369	722	446	824
1633	491	4052	0	0	0	""	0	0	0	0	162	498	201	538
1634	491	4051	0	0	0	""	0	0	0	0	134	591	173	631
1635	488	4164	0	0	0	""	0	0	0	0	313	248	351	290
1636	490	4203	0	0	0	""	0	0	0	0	313	321	347	355
1637	490	4202	0	0	0	""	0	0	0	0	293	254	327	288
1638	492	4658	0	0	0	"ArgentTournamentGround"	314	224	616	30	110	675	181	804
1639	490	4366	0	0	0	""	0	0	0	0	96	485	161	558
1640	486	4043	0	0	0	""	0	0	0	0	157	761	209	811
1641	541	4769	0	0	0	""	0	0	0	0	54	394	234	603
2426	16	336	0	0	0	"CirecleofOuterBinding"	215	188	332	273	324	448	364	501
2427	16	5121	0	0	0	"GalensFall"	212	305	0	144	219	94	268	167
2428	43	413	0	0	0	"MaelstrasPost"	246	361	188	0	225	250	281	301
2429	43	4644	0	0	0	"OrendilsRetreat"	244	251	143	0	103	231	162	292
2430	43	420	0	0	0	"SilverwindRefuge"	347	308	338	335	402	440	481	539
2431	43	416	0	0	0	"TheShrineofAssenia"	306	283	40	275	343	167	397	263
2432	43	4690	0	0	0	"ThunderPeak"	203	310	377	121	249	460	373	520
2433	181	1224	0	0	0	"BearsHead"	256	224	113	141	225	225	274	270
2434	181	4821	0	0	0	"BilgewaterHarbor"	587	381	395	127	284	533	383	669
2435	181	1216	0	0	0	"BlackmawHold"	260	267	204	53	194	289	242	351
2436	181	1220	0	0	0	"DarnassianBaseCamp"	243	262	343	3	139	455	195	530
2437	181	4824	1233	0	0	"GallywixPleasurePalace"	250	230	70	222	331	170	406	241
2438	181	4745	1237	4744	3137	"OrgimmarRearGate"	352	274	22	344	506	194	569	295
2439	181	1226	0	0	0	"RuinsofArkkoran"	219	193	575	121	198	676	245	750
2440	181	4827	0	0	0	"StormCliffs"	207	232	407	403	0	0	0	0
2441	181	4829	0	0	0	"TheSecretLab"	184	213	353	396	479	412	529	460
2442	11	1703	0	0	0	"MorshanRampart"	261	216	258	6	73	339	116	453
2443	11	387	0	0	0	"TheWailingCaverns"	377	325	152	318	0	0	0	0
2444	19	5076	0	0	0	"NethergardeSupplyCamps"	195	199	436	0	0	0	0	0
2445	19	5077	0	0	0	"Shattershore"	240	270	578	91	171	660	277	725
2446	19	5083	0	0	0	"SunveilExcursion"	233	266	386	374	450	469	497	547
2447	19	5084	0	0	0	"Surwich"	199	191	333	474	550	410	601	482
2448	19	72	0	0	0	"TheDarkPortal"	370	298	368	179	307	498	401	593
2449	19	5078	0	0	0	"TheRedReaches"	268	354	533	268	462	579	582	739
2450	19	5044	0	0	0	"TheTaintedForest"	348	357	132	311	434	281	533	405
2451	42	4695	0	0	0	"EyeoftheVortex"	330	192	300	239	332	394	389	465
2452	42	4659	0	0	0	"Lordanel"	277	281	391	54	103	477	156	550
2453	42	5312	0	0	0	"Nazjvel"	244	201	207	467	537	295	587	348
2454	42	442	0	0	0	"RuinsofAuberdine"	203	194	280	182	264	343	327	417
2455	42	4664	0	0	0	"ShatterspearVale"	250	241	596	16	78	681	155	773
2456	42	4662	0	0	0	"ShatterspearWarcamp"	245	147	565	0	24	606	72	716
2457	42	454	0	0	0	"WildbendRiver"	314	193	280	378	0	0	0	0
2458	42	4675	0	0	0	"WitheringThicket"	328	250	305	118	0	0	0	0
2459	101	4804	0	0	0	"CenarionWildlands"	312	285	415	156	285	507	346	618
2460	101	4797	0	0	0	"MagramTerritory"	289	244	613	170	256	697	354	799
2461	101	2406	0	0	0	"RanzjarIsle"	161	141	210	0	30	245	93	331
2462	101	604	0	0	0	"ShokThokar"	309	349	589	319	460	658	540	757
2463	101	4796	4803	0	0	"SlitherbladeShore"	338	342	208	24	159	259	238	342
2464	101	4798	0	0	0	"ThargadsCamp"	212	186	275	376	444	331	490	401
2465	27	132	0	0	0	"ColdridgeValley"	398	302	100	366	475	298	537	396
2466	27	5097	804	0	0	"FrostmaneFront"	226	335	469	256	0	0	0	0
2467	27	133	0	0	0	"Gnomeregan"	409	318	0	27	0	0	0	0
2468	27	5115	0	0	0	"IronforgeAirfield"	308	335	630	0	113	756	213	807
2471	27	5025	0	0	0	"TheShimmeringDeep"	171	234	397	132	0	0	0	0
2472	4	366	0	0	0	"NorthwatchFoothold"	162	157	399	440	503	447	554	523
2473	4	4981	0	0	0	"SouthfuryWatershed"	244	222	282	174	213	343	321	467
2474	34	94	492	0	0	"RacenHill"	205	157	96	292	339	150	400	247
2475	34	121	0	0	0	"TheTranquilGardensCemetary"	291	244	627	344	387	752	497	845
2476	34	856	0	0	0	"TheTwilightGrove"	320	388	314	101	191	414	325	524
2477	141	512	0	0	0	"BlackhoofVillage"	344	183	199	0	52	371	113	460
2478	141	496	0	0	0	"BrackenwllVillage"	384	249	133	59	173	322	237	404
2479	141	4046	0	0	0	"DirehornPost"	279	301	358	169	284	433	335	504
2480	141	4010	509	508	0	"Mudsprocket"	433	351	109	313	470	389	536	445
2481	141	403	0	0	0	"ShadyRestInn"	317	230	137	188	309	275	348	319
2482	30	1519	0	0	0	"Stromwind"	512	422	0	0	64	99	357	413
2483	30	120	60	0	0	"WestbrookGarrison"	269	313	116	355	467	203	515	288
2484	121	5036	2519	2520	0	"DarkmistRuins"	172	198	568	287	361	629	422	669
2485	121	5072	0	0	0	"FeathermoonStronghold"	217	192	362	237	296	432	367	487
2486	121	1105	0	0	0	"FeralScar"	191	179	457	281	0	0	0	0
2487	121	1100	0	0	0	"GrimtotemCompund"	159	218	607	170	235	667	305	709
2488	121	1116	0	0	0	"RuinsofFeathermoon"	208	204	186	229	271	227	387	345
2489	121	1101	0	0	0	"WrithingDeep"	232	206	652	298	395	711	441	810
2490	26	352	1885	0	0	"Zunwatha"	226	225	152	284	0	0	0	0
2492	606	5018	4989	5013	5016	"AshenLake"	282	418	6	78	328	171	388	265
2493	606	4991	0	0	0	"DarkwhisperGorge"	320	471	682	128	0	0	0	0
2495	606	4998	0	0	0	"GatesOfSothann"	272	334	622	320	475	694	552	758
2496	606	5038	0	0	0	"Nordrassil"	537	323	392	0	51	577	231	694
2497	606	5087	0	0	0	"SethriasRoost"	277	232	139	436	485	274	651	355
2498	606	4979	0	0	0	"ShrineOfGoldrinn"	291	321	116	17	149	249	221	324
2499	606	4861	5019	5020	0	"TheRegrowth"	441	319	52	253	311	263	375	397
2500	606	5017	0	0	0	"TheScorchedPlain"	365	264	411	216	329	469	408	600
2501	606	5040	0	0	0	"TheThroneOfFlame"	419	290	318	378	0	0	0	0
2503	683	5018	4989	5013	5016	"AshenLake"	282	418	6	78	328	171	388	265
2504	683	4991	0	0	0	"DarkwhisperGorge"	320	471	682	128	0	0	0	0
2506	683	4998	0	0	0	"GatesOfSothann"	272	334	622	320	475	694	552	758
2507	683	5038	0	0	0	"Nordrassil"	537	323	392	0	51	5771	231	694
2508	683	5087	0	0	0	"SethriasRoost"	277	232	139	436	485	274	651	355
2509	683	4979	0	0	0	"ShrineOfGoldrinn"	291	321	116	17	149	249	221	324
2510	683	4861	5019	5020	0	"TheRegrowth"	441	319	52	253	0	0	0	0
2511	683	5017	0	0	0	"TheScorchedPlain"	365	264	411	216	329	469	408	600
2512	683	5040	0	0	0	"TheThroneOfFlame"	419	290	318	378	0	0	0	0
2513	35	146	0	0	0	"StronewroughtDam"	333	200	339	0	48	407	107	555
2514	241	2361	0	0	0	"Nighthaven"	346	244	370	135	207	442	301	524
2515	241	2362	0	0	0	"ShrineofRemulos"	271	296	209	91	223	329	297	400
2516	241	2363	0	0	0	"StormrageBarrowDens"	275	346	542	210	329	629	393	730
2517	36	5326	0	0	0	"CampEverstill"	189	193	445	286	342	512	389	559
2518	36	5324	0	0	0	"ShalewindCanyon"	306	324	688	283	384	766	451	857
2519	36	2099	999	5325	0	"StonewatchKeep"	228	420	480	0	324	569	378	652
2522	684	5442	5442	5440	5436	"GilneasPuzzle"	1002	668	0	0	160	719	231	825
2523	684	5435	5436	5442	5440	"GilneasPuzzle"	1002	668	0	0	251	540	421	712
2529	684	5440	5442	5440	5436	"GilneasPuzzle"	1002	668	0	0	69	445	208	568
2532	684	5436	5440	5442	5436	"GilneasPuzzle"	1002	668	0	0	424	721	508	836
2535	261	3425	0	0	0	"CenarionHold"	292	260	427	143	199	509	260	581
2536	261	3077	0	0	0	"ValorsRest"	315	285	614	0	87	783	152	846
2537	21	5369	0	0	0	"ForsakenHighCommand"	361	175	445	0	26	555	91	689
2538	21	5386	0	0	0	"ForsakenRearGuard"	186	238	369	0	93	410	160	490
2539	21	928	0	0	0	"NorthTidesBeachhead"	174	199	323	68	147	339	228	410
2540	21	305	0	0	0	"NorthTidesRun"	281	345	147	0	0	0	0	0
2541	21	5456	204	5476	5478	"TheBattlefront"	255	180	349	429	503	424	561	500
2542	21	237	0	0	0	"TheDecrepitFields"	176	152	471	156	208	522	257	611
2543	21	5387	0	0	0	"TheForsakenFront"	152	189	433	327	414	467	478	554
2544	21	227	0	0	0	"ValgansField"	162	172	461	77	151	502	194	564
2545	607	4856	0	0	0	"BaelModan"	269	211	398	457	531	476	592	541
2546	607	4855	0	0	0	"Battlescar"	384	248	274	307	0	0	0	0
2547	607	4849	0	0	0	"ForwardCommand"	216	172	423	251	305	491	345	554
2548	607	4948	0	0	0	"FrazzlecrazMotherload"	242	195	269	436	499	379	548	442
2550	607	4844	0	0	0	"HuntersHill"	218	178	300	64	122	364	179	426
2551	607	4847	0	0	0	"NorthwatchHold"	280	279	548	147	290	645	369	732
2553	607	4851	0	0	0	"RuinsofTaurajo"	285	171	244	286	338	423	389	478
2554	607	4845	5385	0	0	"TheOvergrowth"	355	226	289	117	196	424	257	535
2555	607	4986	0	0	0	"VendettaPoint"	254	214	267	196	269	396	321	455
2556	81	4938	0	0	0	"BattlescarValley"	290	297	220	189	0	0	0	0
2557	81	4936	0	0	0	"CliffwalkerPost"	241	192	366	95	172	415	233	490
2558	81	469	2537	0	0	"GreatwoodVale"	322	220	602	448	0	0	0	0
2559	81	4933	0	0	0	"KromgarFortress"	183	196	588	341	415	638	469	703
2560	81	4931	0	0	0	"RuinsofEldrethar"	221	235	367	411	474	462	547	518
2561	81	4937	0	0	0	"ThaldarahOverlook"	210	189	252	121	184	315	239	401
2562	81	4941	0	0	0	"UnearthedGrounds"	265	206	654	369	476	735	539	804
2563	81	4930	0	0	0	"WebwinderHollow"	164	258	479	401	452	546	521	600
2564	81	4929	0	0	0	"WindshearHold"	176	189	516	289	359	560	414	623
2565	37	5317	0	0	0	"Bambala"	190	176	566	164	231	607	300	688
2566	37	5320	0	0	0	"FortLivingston"	230	170	398	375	414	487	469	581
2568	37	122	0	0	0	"ZuuldalaRuins"	324	263	9	22	146	166	198	220
2569	161	976	0	0	0	"GadgetzanBay"	254	341	479	9	173	482	234	546
2570	161	1336	0	0	0	"LostRiggerCover"	178	243	615	201	293	687	368	746
2571	161	990	0	0	0	"ValleryoftheWatchers"	269	190	255	431	486	353	556	402
2573	41	702	0	0	0	"RutheranVillage"	317	220	329	448	0	0	0	0
2574	41	263	0	0	0	"TheCleft"	144	226	432	109	234	484	276	532
2575	673	35	0	0	0	"BootyBay"	225	255	289	341	443	337	506	460
2576	673	310	0	0	0	"CrystalveinMine"	271	204	528	73	159	576	217	675
2577	673	1741	0	0	0	"GurubashiArena"	238	260	345	0	102	414	201	514
2579	673	297	0	0	0	"JagueroIsle"	240	264	471	404	482	555	609	663
2580	673	1737	0	0	0	"MistvaleValley"	253	242	408	248	337	474	442	538
2581	673	1738	0	0	0	"NekmaniWellspring"	246	221	292	213	304	402	353	461
2582	673	311	0	0	0	"RuinsofAboraz"	184	176	533	181	263	595	322	651
2583	673	477	0	0	0	"RuinsofJubuwal"	155	221	468	119	186	517	220	574
2584	673	5318	0	0	0	"TheSundering"	244	209	452	0	48	535	149	623
2585	673	43	0	0	0	"WildShore"	236	276	340	392	519	378	571	493
2586	20	4916	0	0	0	"CalstonEstate"	179	169	389	255	320	434	368	492
2587	20	153	0	0	0	"RuinsofLorderon"	390	267	423	359	0	0	0	0
2588	20	5511	160	161	0	"ScarletMonastery"	262	262	740	47	0	0	0	0
2589	20	152	0	0	0	"TheBulwark"	293	338	709	330	420	817	508	884
2590	201	542	0	0	0	"FungalRock"	224	191	557	0	70	609	122	709
2591	201	4882	0	0	0	"MarshalsStand"	204	170	462	330	379	504	436	579
2592	201	4883	0	0	0	"MossyPile"	186	185	328	179	253	383	306	462
2593	201	4885	0	0	0	"TheRollingGarden"	337	321	565	39	183	635	277	753
2594	201	4884	0	0	0	"TheScreamingReaches"	332	332	157	0	188	229	292	352
2595	614	5135	0	0	0	"AbandonedReef"	371	394	50	263	477	111	596	332
2596	614	5047	0	0	0	"AbyssalBreach"	491	470	497	0	91	605	307	829
2597	614	4974	0	0	0	"ColdlightChasm"	267	374	266	280	383	381	554	466
2598	614	5101	0	0	0	"DeepfinRidge"	363	262	275	32	92	326	169	463
2599	614	5103	0	0	0	"FireplumeTrench"	298	251	315	110	0	0	0	0
2600	614	4977	4975	4976	0	"KorthunsEnd"	370	385	412	283	379	494	475	588
2601	614	4971	0	0	0	"LGhorek"	306	293	162	210	280	232	445	414
2602	614	5134	0	0	0	"Seabrush"	225	250	415	183	246	499	336	600
2604	610	5055	0	0	0	"GnawsBoneyard"	311	217	451	325	373	575	415	656
2605	610	5053	0	0	0	"GubogglesLedge"	227	207	399	280	342	495	410	571
2606	610	5059	0	0	0	"HoldingPens"	316	267	456	401	497	541	590	637
2607	610	5051	0	0	0	"HonorsTomb"	291	206	380	43	123	447	202	562
2608	610	5052	0	0	0	"LegionsFate"	278	315	210	35	144	345	253	451
2610	615	4966	0	0	0	"BethMoraRidge"	335	223	407	445	513	479	596	630
2611	615	4963	0	0	0	"GlimmeringdeepGorge"	272	180	270	222	293	378	355	496
2612	615	4962	0	0	0	"Nespirah"	286	269	460	261	307	520	449	666
2613	615	5007	0	0	0	"RuinsOfTherseral"	197	223	554	175	256	616	303	714
2614	615	4967	0	0	0	"RuinsOfVashjir"	349	361	217	268	403	279	565	396
2615	615	5008	0	0	0	"ShimmeringGrotto"	339	278	400	0	91	463	199	558
2616	615	5005	4961	0	0	"SilverTideHollow"	480	319	150	32	221	428	285	531
2617	22	193	0	0	0	"Andorhal"	464	325	96	343	407	380	498	493
2618	22	200	5367	0	0	"DalsonsFarm"	325	192	300	232	308	420	377	485
2619	22	5421	0	0	0	"RedpineDell"	290	133	286	211	0	0	0	0
2620	39	111	0	0	0	"JangoloadMine"	196	229	311	0	134	429	186	470
2622	40	1016	0	0	0	"DireforgeHills"	329	228	506	34	153	569	198	638
2623	40	836	0	0	0	"DunAlgaz"	298	215	346	419	449	456	574	545
2624	40	5305	0	0	0	"GreenwardensGrove"	250	269	460	102	243	540	302	620
2625	40	1023	0	0	0	"Satlspray"	250	282	218	0	0	0	0	0
2626	40	5074	0	0	0	"SlabchiselsSurvey"	300	316	532	352	452	555	496	615
2627	27	802	211	0	0	"TheShimmeringDeep"	171	234	397	132	219	455	290	513
2628	27	211	802	0	0	"IceFlowLake"	236	358	263	0	235	377	304	453
2629	27	804	5097	0	0	"TheTundridHills"	174	249	579	306	0	0	0	0
2630	27	808	807	0	0	"NorthGateOutpost"	237	366	765	43	213	865	292	944
2631	61	2097	0	0	0	"DarkcloudPinnacle"	317	252	169	116	201	295	319	382
2632	61	484	0	0	0	"FreewindPost"	436	271	276	186	308	437	369	505
2633	61	482	0	0	0	"Highperch"	246	380	0	134	202	66	302	197
2634	61	5092	0	0	0	"RazorfenDowns"	361	314	298	0	164	455	238	582
2636	61	5028	0	0	0	"SouthseaHoldfast"	246	256	756	412	460	881	594	972
2637	61	5027	0	0	0	"SplithoofHeights"	431	410	571	49	264	816	376	953
2638	61	485	0	0	0	"TheGreatLift"	272	232	136	0	94	277	152	368
2639	61	5025	5041	0	0	"TheShimmeringDeep"	411	411	591	257	0	0	0	0
2640	61	5589	0	0	0	"TheTwilightWithering"	374	339	347	329	383	473	465	629
2641	61	5590	0	0	0	"TwilightBulwark"	358	418	125	241	348	229	438	393
2642	61	5011	0	0	0	"WestreachSummit"	280	325	0	0	34	96	106	172
2643	17	345	0	0	0	"AgmondsEnd"	342	353	230	315	373	429	421	493
2644	17	338	0	0	0	"AngorFortress"	285	223	230	68	136	372	190	436
2645	17	337	0	0	0	"ApocryphansRest"	252	353	0	66	0	0	0	0
2647	17	344	0	0	0	"CampCagg"	339	347	0	281	408	151	439	186
2648	17	341	0	0	0	"CampKosh"	236	260	504	19	119	562	155	639
2649	17	346	5525	0	0	"HammertoesDigsite"	209	196	411	116	166	462	205	510
2650	17	339	5496	0	0	"LethlorRavine"	469	613	533	55	278	631	369	757
2651	17	1878	0	0	0	"TheDustbowl"	214	285	144	99	223	226	268	303
2652	17	1517	1897	0	0	"Uldaman"	266	210	336	0	49	402	112	479
2653	23	4281	0	0	0	"Acherus"	228	273	774	102	284	829	336	926
2654	23	2624	0	0	0	"BlackwoodLake"	238	231	382	151	265	441	317	487
2655	23	2264	0	0	0	"CorinsCrossing"	186	213	493	289	394	528	448	588
2656	23	2263	0	0	0	"CrownGuardTower"	202	191	258	351	437	333	480	382
2657	23	2262	0	0	0	"Darrowshire"	248	206	211	462	537	309	590	394
2658	23	2271	0	0	0	"EastwallTower"	181	176	541	184	256	598	302	651
2659	23	2621	0	0	0	"LakeMereldar"	266	241	462	427	471	535	521	617
2660	23	2268	0	0	0	"LightsHopeChapel"	196	220	687	271	325	729	397	809
2661	23	5448	0	0	0	"LightsShieldTower"	243	162	391	271	331	505	382	569
2662	23	2272	0	0	0	"Northdale"	265	232	570	61	148	631	187	695
2663	23	2275	0	0	0	"NorthpassTower"	250	192	401	69	119	485	158	528
2664	23	2277	0	0	0	"Plaguewood"	328	253	144	40	0	0	0	0
2665	23	2276	0	0	0	"QuelLithienLodge"	277	175	351	0	68	461	109	504
2666	23	4546	0	0	0	"RuinsOfTheScarletEnclave"	264	373	738	295	466	798	583	948
2667	23	2279	0	0	0	"Stratholme"	310	178	118	0	33	212	101	323
2668	23	2627	0	0	0	"Terrordale"	258	320	0	10	155	96	197	154
2669	23	2258	0	0	0	"TheFungalVale"	274	216	183	211	257	322	343	402
2670	23	2623	0	0	0	"ThePestilentScar"	182	320	383	348	0	0	0	0
2671	23	2260	0	0	0	"TheMarrisStead"	202	202	133	335	417	190	466	263
2672	23	2270	0	0	0	"TheNoxiousGlade"	297	299	650	55	202	748	278	818
2673	23	2622	0	0	0	"TheInfectisScar"	177	266	595	263	0	0	0	0
2674	23	2261	0	0	0	"TheUndercroft"	280	211	56	457	504	212	551	268
2675	23	2619	0	0	0	"ThondorilRiver"	262	526	0	100	0	0	0	0
2676	23	2266	0	0	0	"Tyrshand"	214	254	651	414	0	0	0	0
2677	23	2273	0	0	0	"ZulMashar"	286	176	528	0	47	622	92	710
2678	38	5458	0	0	0	"Bogpaddle"	262	193	600	0	55	677	119	773
2679	38	1777	0	0	0	"IthariusCave"	268	316	7	242	428	153	484	220
2680	38	5459	0	0	0	"MarshtideWatch"	330	342	478	0	205	625	274	745
2681	38	300	0	0	0	"MistyreedStrand"	402	668	600	0	0	0	0	0
2682	38	116	0	0	0	"MistyValley"	268	285	0	80	201	97	278	198
2683	38	74	0	0	0	"PoolOfTears"	257	229	575	238	0	0	0	0
2684	38	1778	0	0	0	"Sorrowmurk"	229	418	703	80	225	790	297	897
2685	38	1780	0	0	0	"SplinterspearJunction"	238	343	194	236	302	174	360	272
2686	38	1797	0	0	0	"Stagalbog"	347	303	540	360	464	621	538	737
2687	38	75	0	0	0	"Stonard"	357	308	297	258	329	432	397	510
2688	38	657	0	0	0	"TheHarborage"	266	284	161	79	172	238	258	340
2689	38	1798	0	0	0	"TheShiftingMire"	292	360	331	24	0	0	0	0
2690	17	5322	5564	0	0	"DeathwingScar"	328	313	175	178	309	281	394	399
2691	640	5302	0	0	0	"CrimsonExpanse"	462	400	540	12	212	695	334	794
2692	640	5358	5328	5329	0	"DeathwingsFall"	454	343	549	297	351	584	431	675
2693	640	5350	0	0	0	"NeedlerockChasm"	378	359	20	0	163	210	274	327
2694	640	5349	0	0	0	"NeedlerockSlag"	370	285	0	146	280	169	358	267
2695	640	5292	0	0	0	"ScouredReach"	516	287	448	0	0	0	0	0
2696	640	5330	0	0	0	"StoneHearth"	371	354	0	314	426	212	505	314
2697	640	5313	0	0	0	"StormsFuryWreckage"	292	285	458	383	466	515	544	602
2698	640	5303	0	0	0	"TempleOfEarth"	355	345	287	177	250	440	388	545
2699	640	5295	0	0	0	"ThePaleRoost"	467	273	85	0	72	311	178	487
2700	640	5296	0	0	0	"TherazanesThrone"	274	156	434	0	34	519	113	614
2701	640	5357	0	0	0	"TheShatteredField"	430	230	141	438	504	311	570	396
2702	640	5354	5355	0	0	"TwilightOverlook"	411	248	570	420	485	635	556	734
2703	640	5394	0	0	0	"TwilightTerrace"	237	198	297	384	431	344	494	441
2704	37	103	0	0	0	"Mazthoril"	350	259	488	364	443	567	519	666
2705	9	404	0	0	0	"BaeldunDigsite"	218	192	226	220	306	291	371	357
2706	9	222	0	0	0	"BloodhoofVillage"	302	223	319	273	357	443	425	516
2707	9	818	0	0	0	"PalemaneRock"	172	205	248	321	392	333	427	380
2708	9	224	0	0	0	"RavagedCaravan"	187	165	435	224	305	523	338	563
2709	9	220	0	0	0	"RedCloudMesa"	446	264	286	401	0	0	0	0
2710	9	225	0	0	0	"RedRocks"	186	185	514	43	102	560	164	641
2711	9	4836	0	0	0	"StonetalonPass"	237	184	201	0	51	278	108	381
2712	9	820	0	0	0	"TheGoldenPlains"	186	216	448	101	0	0	0	0
2713	9	821	0	0	0	"TheRollingPlains"	260	243	527	291	0	0	0	0
2714	9	360	0	0	0	"TheVentureCoMine"	208	300	530	138	236	582	335	675
2715	9	1638	0	0	0	"ThunderBluff"	373	259	208	62	155	333	221	482
2716	9	397	0	0	0	"ThunderhornWaterWell"	201	167	333	202	267	417	315	482
2717	9	398	0	0	0	"WildmaneWaterWell"	190	172	331	0	71	405	122	460
2718	9	819	4835	0	0	"WindfuryRidge"	222	202	400	0	0	0	0	0
2719	9	396	0	0	0	"WinterhoofWaterWell"	174	185	449	340	423	507	470	570
2720	29	255	0	0	0	"AltarofStorms"	182	360	0	0	152	58	217	129
2721	29	254	0	0	0	"BlackrockMountain"	281	388	79	0	134	140	258	274
2722	29	2417	5677	0	0	"BlackrockPass"	298	410	419	258	0	0	0	0
2723	29	252	5653	0	0	"BlackrockStronghold"	320	385	235	0	217	284	272	363
2724	29	2421	5650	5652	5651	"Dracodar"	362	431	0	237	0	0	0	0
2725	29	249	0	0	0	"DreadmaulRock"	274	263	568	151	233	641	311	756
2726	29	2418	5677	0	0	"MorgansVigil"	383	413	615	255	423	691	487	780
2727	29	253	0	0	0	"PillarofAsh"	274	413	253	255	336	435	368	476
2728	29	250	0	0	0	"RuinsofThaurissan"	324	354	421	0	227	525	274	609
2729	29	2420	0	0	0	"TerrorWingPath"	0	0	0	0	0	0	0	0
2730	24	288	0	0	0	"AzurelodeMine"	180	182	287	399	472	319	515	362
2731	24	1684	280	1678	0	"ChillwindPoint"	447	263	555	68	182	637	261	729
2732	24	1679	0	0	0	"CorrahnsDagger"	135	160	426	224	281	477	345	518
2733	24	282	281	0	0	"CrushridgeHold"	134	124	463	101	0	0	0	0
2734	24	279	0	0	0	"DalaranCrater"	316	238	102	137	203	263	283	347
2735	24	1682	0	0	0	"DandredsFold"	258	113	341	0	42	428	82	470
2736	24	1056	0	0	0	"DarrowHill"	147	160	425	279	0	0	0	0
2737	24	290	0	0	0	"DunGarok"	269	258	542	410	532	595	599	678
2738	24	275	0	0	0	"DurnholdeKeep"	437	451	565	217	367	640	435	728
2739	24	1357	0	0	0	"GallowsCorner"	155	147	451	140	0	0	0	0
2740	24	1677	0	0	0	"GavinsNaze"	116	129	344	254	296	380	341	423
2741	24	1683	0	0	0	"GrowlessCave"	171	136	359	191	240	403	276	464
2742	24	287	0	0	0	"HillsbradFields"	302	175	191	302	0	0	0	0
2743	24	278	5604	0	0	"LordamereInternmentCamp"	250	167	194	216	296	317	326	360
2744	24	1681	0	0	0	"MistyShore"	158	169	321	42	0	0	0	0
2745	24	289	5603	0	0	"NethanderSteed"	204	244	502	373	475	560	513	615
2746	24	896	0	0	0	"PurgationIsle"	144	139	200	505	543	231	602	309
2747	24	281	0	0	0	"RuinsOfAlterac"	189	181	347	85	161	400	228	506
2748	24	283	281	0	0	"SlaughterHollow"	148	120	413	55	0	0	0	0
2749	24	1678	0	0	0	"SoferasNaze"	148	146	484	166	240	542	274	573
2750	24	285	0	0	0	"SouthpointTower"	312	254	59	310	400	274	451	317
2751	24	271	0	0	0	"Southshore"	229	219	383	352	433	458	505	533
2752	24	280	0	0	0	"Strahnbrad"	275	193	505	44	137	553	177	617
2753	24	272	0	0	0	"TarrenMill"	165	203	494	226	287	530	341	606
2754	24	1680	0	0	0	"TheHeadland"	105	148	390	255	296	425	353	460
2755	24	284	0	0	0	"TheUplands"	212	160	441	0	62	488	108	563
2756	28	1957	0	0	0	"BlackcharCave"	375	307	0	361	504	169	567	257
2757	28	1445	0	0	0	"BlackrockMountain"	304	244	243	424	500	330	609	469
2758	28	1959	0	0	0	"DustfireValley"	392	355	588	0	139	654	221	784
2759	28	1442	0	0	0	"FirewatchRidge"	365	393	0	75	150	177	278	302
2760	28	247	5629	0	0	"GrimsiltWorksite"	441	266	531	241	0	0	0	0
2762	28	246	0	0	0	"TheCauldron"	481	360	232	171	290	439	374	617
2763	28	1446	0	0	0	"ThoriumPoint"	429	301	255	38	153	335	235	420
2764	281	2255	0	0	0	"Everlook"	194	229	482	195	304	567	351	635
2765	281	2246	0	0	0	"FrostfireHotSprings"	376	289	93	118	312	296	349	343
2766	281	2241	0	0	0	"FrostsaberRock"	332	268	304	0	72	415	137	495
2767	281	2249	0	0	0	"FrostwhisperGorge"	317	183	424	474	551	542	593	656
2768	281	2247	0	0	0	"IceThistleHills"	249	217	581	314	389	648	472	712
2769	281	2251	0	0	0	"LakeKeltheril"	271	258	372	268	337	465	401	559
2770	281	2245	0	0	0	"Mazthoril"	257	238	399	340	400	508	443	590
2771	281	2250	0	0	0	"OwlWingThicket"	254	150	556	439	476	616	556	678
2772	281	2253	0	0	0	"StarfallVillage"	367	340	229	33	235	434	290	523
2773	281	2242	0	0	0	"TheHiddenGrove"	333	255	500	17	128	592	203	665
2774	281	2243	0	0	0	"TimbermawPost"	362	252	92	302	356	327	404	403
2775	281	2244	0	0	0	"WinterfallVillage"	221	209	588	181	300	653	348	711
2776	545	4807	0	0	0	"CrowleyOrchard"	210	166	261	427	478	355	515	396
2777	545	4786	0	0	0	"Duskhaven"	286	178	272	333	407	324	471	407
2778	545	4732	0	0	0	"EmberstoneMine"	281	351	639	43	163	737	220	813
2779	545	4817	0	0	0	"Greymanemanor"	244	241	141	202	279	233	368	310
2780	545	4793	0	0	0	"HammondFarmstead"	194	236	167	352	437	245	479	296
2781	545	4808	0	0	0	"HaywardFishery"	177	219	293	449	551	338	595	393
2782	545	4726	0	0	0	"Keelharbor"	280	342	298	95	220	377	283	467
2783	545	4794	0	0	0	"KorothsDen"	222	268	393	386	524	441	600	490
2784	545	4728	0	0	0	"NorthernHeadlands"	267	314	387	0	70	435	204	565
2785	545	4729	0	0	0	"NorthgateWoods"	282	298	482	14	141	570	250	692
2786	545	4731	0	0	0	"StormglenVillage"	321	203	516	465	545	580	629	692
2787	545	4788	0	0	0	"TempestsReach"	350	345	652	290	422	722	520	864
2788	545	4730	0	0	0	"TheBlackwald"	280	224	504	394	447	574	524	706
2789	545	4725	0	0	0	"TheHeadlands"	328	336	160	0	127	240	278	370
2790	678	4807	0	0	0	"CrowleyOrchard"	210	166	261	427	478	355	515	396
2791	678	4786	0	0	0	"Duskhaven"	286	178	272	333	407	324	471	407
2792	678	4732	0	0	0	"EmberstoneMine"	281	351	639	43	163	737	220	813
2793	678	4817	0	0	0	"Greymanemanor"	244	241	141	202	279	233	368	310
2794	678	4793	0	0	0	"HammondFarmstead"	194	236	167	352	0	0	0	0
2795	678	4808	0	0	0	"HaywardFishery"	177	219	293	449	551	338	595	393
2796	678	4726	0	0	0	"Keelharbor"	280	342	298	95	220	377	283	467
2797	678	4794	0	0	0	"KorothsDen"	222	268	393	386	524	441	600	490
2798	678	4728	0	0	0	"NorthernHeadlands"	267	314	387	0	70	435	204	565
2799	678	4729	0	0	0	"NorthgateWoods"	250	298	482	14	0	0	0	0
2800	678	4731	0	0	0	"StormglenVillage"	321	203	516	465	545	580	629	692
2801	678	4788	0	0	0	"TempestsReach"	350	345	652	290	422	722	520	864
2802	678	4730	0	0	0	"TheBlackwald"	280	224	504	394	447	574	524	706
2803	678	4725	0	0	0	"TheHeadlands"	328	336	160	0	116	243	278	372
2804	679	4807	0	0	0	"CrowleyOrchard"	210	166	261	427	0	0	0	0
2805	679	4786	0	0	0	"Duskhaven"	286	178	272	333	0	0	0	0
2806	679	4732	0	0	0	"EmberstoneMine"	281	351	639	43	159	728	230	816
2807	679	4817	0	0	0	"Greymanemanor"	244	241	141	202	279	233	368	310
2808	679	4793	0	0	0	"HammondFarmstead"	194	236	167	352	0	0	0	0
2809	679	4808	0	0	0	"HaywardFishery"	177	219	293	449	0	0	0	0
2810	679	4726	0	0	0	"Keelharbor"	280	342	298	95	220	377	283	467
2811	679	4794	0	0	0	"KorothsDen"	222	268	393	386	524	441	600	490
2812	679	4728	0	0	0	"NorthernHeadlands"	267	314	387	0	70	435	204	565
2813	679	4729	0	0	0	"NorthgateWoods"	282	298	482	14	141	570	250	692
2814	679	4731	0	0	0	"StormglenVillage"	321	203	516	465	545	580	629	692
2815	679	4788	0	0	0	"TempestsReach"	350	345	652	290	422	722	520	864
2816	679	4730	0	0	0	"TheBlackwald"	280	224	504	394	447	574	524	706
2817	679	4725	0	0	0	"TheHeadlands"	328	336	160	0	127	240	278	370
2818	605	4767	0	0	0	""	694	290	163	148	189	332	262	550
2819	605	4771	0	0	0	""	351	301	180	367	462	334	545	444
2820	605	4770	0	0	0	""	376	343	98	325	420	250	477	332
2821	605	4768	0	0	0	""	303	452	0	41	185	120	314	212
2822	605	4766	0	0	0	""	354	360	586	308	470	649	614	783
2823	605	4822	0	0	0	""	250	307	383	260	345	444	451	520
2824	605	4765	0	0	0	"KezanMap"	1002	664	0	4	490	534	604	634
2825	605	4773	0	0	0	""	168	213	317	232	0	0	0	0
2826	605	4772	0	0	0	""	592	202	219	108	0	0	0	0
2827	544	4783	0	0	0	"Alliancebeachhead"	177	172	129	348	401	165	457	261
2828	544	4951	0	0	0	"BilgewaterLumberyard"	248	209	462	43	108	512	168	602
2829	544	4954	0	0	0	"GallywixDocks"	173	180	351	21	57	395	132	468
2830	544	4779	0	0	0	"HordeBaseCamp"	222	190	244	458	510	354	559	433
2831	544	4952	0	0	0	"KTCOilPlatform"	156	142	433	11	40	478	107	550
2832	544	4870	0	0	0	"landingSite"	142	133	377	359	371	425	427	479
2834	544	4886	0	0	0	"OoomlotVillage"	221	211	508	345	452	582	505	672
2835	544	4903	0	0	0	"Oostan"	210	258	492	161	252	556	362	631
2836	544	4873	0	0	0	"RaptorRise"	168	205	416	368	426	444	533	528
2837	544	4876	0	0	0	"RuinsOfVashelan"	212	216	440	452	518	480	646	596
2838	544	4874	0	0	0	"ScorchedGully"	305	288	323	185	0	0	0	0
2839	544	4721	0	0	0	"ShipwreckShore"	172	175	189	408	476	217	550	303
2840	544	4923	0	0	0	"SkyFalls"	190	186	416	131	205	469	265	537
2841	544	4782	0	0	0	"TheSavageGlen"	231	216	213	325	0	0	0	0
2842	544	4956	0	0	0	"TheSlavePits"	212	193	279	68	149	353	204	432
2843	544	4912	0	0	0	"WarchiefsLookout"	159	230	264	144	264	292	319	387
2844	681	4783	0	0	0	"Alliancebeachhead"	177	172	129	348	401	165	457	261
2845	681	4951	0	0	0	"BilgewaterLumberyard"	248	209	462	43	108	512	168	602
2846	681	4954	0	0	0	"GallywixDocks"	173	180	351	21	57	395	132	468
2847	681	4779	0	0	0	"HordeBaseCamp"	222	190	244	458	510	354	559	433
2848	681	4952	0	0	0	"KTCOilPlatform"	156	142	433	11	40	478	107	550
2849	681	4870	0	0	0	"landingSite"	142	133	377	359	0	0	0	0
2851	681	4886	0	0	0	"OoomlotVillage"	221	211	508	345	452	582	505	672
2852	681	4903	0	0	0	"Oostan"	210	258	492	161	252	556	362	631
2853	681	4873	0	0	0	"RaptorRise"	168	205	416	368	426	444	533	528
2854	681	4876	0	0	0	"RuinsOfVashelan"	212	216	440	452	518	480	646	596
2855	681	4874	0	0	0	"ScorchedGully"	305	288	323	185	0	0	0	0
2856	681	4721	0	0	0	"ShipwreckShore"	172	175	189	408	476	217	550	303
2857	681	4923	0	0	0	"SkyFalls"	190	186	416	131	205	469	265	537
2858	681	4782	0	0	0	"TheSavageGlen"	231	216	213	325	0	0	0	0
2859	681	4956	0	0	0	"TheSlavePits"	212	193	279	68	149	353	204	432
2860	681	4912	0	0	0	"WarchiefsLookout"	159	230	264	144	264	292	319	387
2861	682	4783	0	0	0	"Alliancebeachhead"	177	172	129	348	401	165	457	261
2862	682	4951	0	0	0	"BilgewaterLumberyard"	248	209	462	43	108	512	168	602
2863	682	4954	0	0	0	"GallywixDocks"	173	180	351	21	57	395	132	468
2864	682	4779	0	0	0	"HordeBaseCamp"	222	190	244	458	510	354	559	433
2865	682	4952	0	0	0	"KTCOilPlatform"	156	142	433	11	40	478	107	550
2866	682	4870	0	0	0	"landingSite"	142	133	377	359	0	0	0	0
2868	682	4886	0	0	0	"OoomlotVillage"	221	211	508	345	0	0	0	0
2869	682	4903	0	0	0	"Oostan"	210	258	492	161	0	0	0	0
2870	682	4873	0	0	0	"RaptorRise"	168	205	416	368	426	444	533	528
2871	682	4876	0	0	0	"RuinsOfVashelan"	212	216	440	452	518	480	656	596
2872	682	4874	0	0	0	"ScorchedGully"	305	288	323	185	0	0	0	0
2873	682	4721	0	0	0	"ShipwreckShore"	172	175	189	408	476	217	550	303
2874	682	4923	0	0	0	"SkyFalls"	190	186	416	131	205	469	265	537
2875	682	4782	0	0	0	"TheSavageGlen"	231	216	213	325	0	0	0	0
2876	682	4956	0	0	0	"TheSlavePits"	212	193	279	68	142	349	202	431
2877	682	4912	0	0	0	"WarchiefsLookout"	159	230	264	144	264	292	319	387
2878	709	5546	0	0	0	""	0	0	0	0	507	529	546	570
2879	709	5545	0	0	0	""	0	0	0	0	369	732	416	771
2880	708	5657	0	0	0	""	0	0	0	0	237	412	269	446
2881	708	5658	0	0	0	""	0	0	0	0	315	596	348	629
2882	708	5659	0	0	0	""	0	0	0	0	452	419	483	453
2883	28	1444	0	0	0	"TannerCamp"	571	308	413	360	436	516	523	674
2884	700	5138	0	0	0	"Bloodgulch"	215	157	416	205	259	503	314	580
2885	700	5527	5489	0	0	"CrucibleOfCarnage"	203	208	387	268	344	466	417	550
2886	700	5471	0	0	0	"Crushblow"	182	195	370	447	495	425	537	500
2887	700	5461	0	0	0	"DragonmawPass"	283	206	76	120	225	212	281	315
2888	700	5136	0	0	0	"DragonmawPort"	251	207	631	245	308	706	403	818
2889	700	5483	0	0	0	"DunwaldRuins"	197	218	395	367	431	456	490	538
2890	700	5141	0	0	0	"FirebeardsPatrol"	215	181	499	265	354	582	404	645
2891	700	5639	0	0	0	"GlopgutsHollow"	174	190	291	89	162	349	228	417
2892	700	5488	0	0	0	"GorshakWarCamp"	194	170	543	220	287	603	329	652
2893	700	1037	0	0	0	"GrimBatol"	230	276	83	223	290	143	399	234
2894	700	5140	0	0	0	"Highbank"	220	227	697	403	473	763	556	854
2895	700	5594	0	0	0	"HighlandForest"	239	232	482	330	0	0	0	0
2896	700	5640	0	0	0	"HumboldtConflaguration"	143	141	344	89	0	0	0	0
2897	700	5143	0	0	0	"Kirthaven"	308	267	482	0	72	542	119	616
2898	700	5595	0	0	0	"ObsidianForest"	342	288	436	380	465	587	590	702
2899	700	5439	0	0	0	"RuinsOfDrakgor"	206	182	296	0	105	418	140	456
2900	700	5479	0	0	0	"SlitheringCove"	198	201	622	169	0	0	0	0
2901	700	5609	0	0	0	"TheBlackBreach"	211	210	498	121	177	552	230	609
2902	700	5139	0	0	0	"TheGullet"	175	180	269	179	235	355	269	406
2903	700	5137	0	0	0	"TheKrazzworks"	226	232	654	0	52	720	144	821
2904	700	5641	0	0	0	"TheTwilightBreach"	199	212	312	192	281	372	342	429
2905	700	5473	0	0	0	"TheTwilightCitadel"	361	354	151	314	426	267	544	361
2906	700	5142	0	0	0	"Thundermar"	238	229	374	93	164	461	228	546
2907	700	5425	0	0	0	"TwilightShore"	260	202	610	345	0	0	0	0
2908	700	5155	0	0	0	"VermillionRedoubt"	324	264	71	16	92	177	190	330
2909	700	5470	0	0	0	"VictoryPoint"	177	159	302	306	359	365	411	444
2910	700	5462	0	0	0	"WyrmsBend"	191	198	205	232	0	0	0	0
2911	700	5438	0	0	0	"WeepingWound"	214	190	358	0	38	431	106	528
2912	770	5138	0	0	0	"Bloodgulch"	215	157	416	205	259	503	314	580
2913	770	5527	5489	0	0	"CrucibleOfCarnage"	203	208	387	268	344	466	417	550
2914	770	5471	0	0	0	"Crushblow"	182	195	370	447	495	425	537	500
2915	770	5461	0	0	0	"DragonmawPass"	283	206	76	120	225	212	281	315
2916	770	5136	0	0	0	"DragonmawPort"	251	207	631	245	308	706	403	818
2917	770	5483	0	0	0	"DunwaldRuins"	197	218	395	367	431	456	490	538
2918	770	5141	0	0	0	"FirebeardsPatrol"	215	181	499	265	0	0	0	0
2919	770	5639	0	0	0	"GlopgutsHollow"	174	190	291	89	162	349	228	417
2920	770	5488	0	0	0	"GorshakWarCamp"	194	170	543	220	287	603	329	652
2921	770	1037	0	0	0	"GrimBatol"	230	276	83	223	290	143	399	234
2922	770	5140	0	0	0	"Highbank"	220	227	697	403	473	763	556	854
2923	770	5594	0	0	0	"HighlandForest"	239	232	482	330	0	0	0	0
2924	770	5640	0	0	0	"HumboldtConflaguration"	143	141	344	89	0	0	0	0
2925	770	5143	0	0	0	"Kirthaven"	308	267	482	0	72	542	119	616
2926	770	5595	0	0	0	"ObsidianForest"	342	288	436	380	465	587	590	702
2927	770	5439	0	0	0	"RuinsOfDrakgor"	206	182	296	0	105	418	140	456
2928	770	5479	0	0	0	"SlitheringCove"	198	201	622	169	0	0	0	0
2929	770	5609	0	0	0	"TheBlackBreach"	211	210	498	121	177	552	230	609
2930	770	5139	0	0	0	"TheGullet"	175	180	269	179	235	355	269	406
2931	770	5137	0	0	0	"TheKrazzworks"	226	232	654	0	52	720	144	821
2932	770	5641	0	0	0	"TheTwilightBreach"	199	212	312	192	281	372	342	429
2933	770	5473	0	0	0	"TheTwilightCitadel"	361	354	151	314	426	267	544	361
2934	770	5472	0	0	0	"TheTwilightGate"	165	199	327	356	415	373	502	429
2935	770	5142	0	0	0	"Thundermar"	238	229	374	93	164	461	228	546
2936	770	5425	0	0	0	"TwilightShore"	260	202	610	345	0	0	0	0
2937	770	5155	0	0	0	"VermillionRedoubt"	324	264	71	16	92	177	190	330
2938	770	5470	0	0	0	"VictoryPoint"	177	159	302	306	359	365	411	444
2939	770	5438	0	0	0	"WeepingWound"	214	190	358	0	38	431	106	528
2940	770	5462	0	0	0	"WyrmsBend"	191	198	205	232	0	0	0	0
2941	720	5499	0	0	0	"AkhenetFields"	164	185	471	277	325	515	374	574
2942	720	5596	0	0	0	"CradelOfTheAncient"	202	169	341	402	443	389	497	488
2943	720	5582	5689	5701	5613	"HallsOfOrigination"	269	242	599	184	0	0	0	0
2944	720	5455	0	0	0	"KhartutsTomb"	203	215	542	0	65	610	152	683
2945	720	5599	0	0	0	"LostCityOfTheTolVir"	233	321	527	291	424	583	557	698
2946	720	5498	0	0	0	"Marat"	160	193	406	174	230	469	283	512
2947	720	5467	0	0	0	"Nahom"	237	194	583	162	255	651	289	695
2948	720	5663	0	0	0	"Neferset"	209	254	407	384	510	460	588	567
2949	720	5668	5671	0	0	"ObeliskOfTheMoon"	400	224	110	0	124	382	184	435
2950	720	5423	0	0	0	"ObeliskOfTheStars"	196	170	551	121	179	605	246	690
2951	720	5597	0	0	0	"ObeliskOfTheSun"	269	203	340	282	345	413	407	500
2952	720	5465	0	0	0	"Orsis"	249	243	264	136	223	370	308	438
2953	720	5466	0	0	0	"Ramkahen"	228	227	411	67	188	512	246	586
2954	720	5647	0	0	0	"RuinsOfAhmtul"	278	173	365	0	84	433	125	491
2955	720	5606	0	0	0	"RuinsOfAmmon"	203	249	217	289	392	287	485	356
2956	720	5602	0	0	0	"Schnottzslanding"	312	289	28	221	380	160	448	256
2957	720	5642	0	0	0	"TahretGrounds"	150	159	545	193	0	0	0	0
2958	720	5669	0	0	0	"TempleofUldum"	296	209	132	127	177	303	239	374
2959	720	5612	0	0	0	"TheCursedlanding"	237	316	752	170	288	808	419	890
2960	720	5420	0	0	0	"TheGateofUnendingCycles"	161	236	647	15	0	0	0	0
2961	720	5614	5696	0	0	"TheTrailOfDevestation"	206	204	657	349	0	0	0	0
2962	720	5583	0	0	0	"TheVortexPinnacle"	213	195	656	473	514	706	640	832
2963	720	5666	0	0	0	"VirnaalDam"	151	144	479	215	0	0	0	0
2964	748	5499	0	0	0	"AkhenetFields"	164	185	471	277	325	515	374	574
2965	748	5596	0	0	0	"CradelOfTheAncient"	202	169	341	402	443	389	497	488
2966	748	5582	5613	5701	0	"HallsOfOrigination"	269	242	599	184	0	0	0	0
2967	748	5455	0	0	0	"KhartutsTomb"	203	215	542	0	65	610	152	683
2968	748	5599	0	0	0	"LostCityOfTheTolVir"	233	321	527	291	424	583	557	698
2969	748	5498	0	0	0	"Marat"	160	193	406	174	230	469	283	512
2970	748	5467	0	0	0	"Nahom"	237	194	583	162	255	651	289	695
2971	748	5663	0	0	0	"Neferset"	209	254	407	384	510	462	588	567
2972	748	5668	5671	0	0	"ObeliskOfTheMoon"	400	224	110	0	124	382	184	435
2973	748	5423	0	0	0	"ObeliskOfTheStars"	196	170	551	121	179	605	246	690
2974	748	5597	0	0	0	"ObeliskOfTheSun"	269	203	340	282	345	413	407	500
2975	748	5465	0	0	0	"Orsis"	249	243	264	136	223	370	308	438
2976	748	5466	0	0	0	"Ramkahen"	228	227	411	67	188	512	246	586
2977	748	5647	0	0	0	"RuinsOfAhmtul"	278	173	365	0	84	433	125	491
2978	748	5606	0	0	0	"RuinsOfAmmon"	203	249	217	289	392	287	485	356
2979	748	5602	0	0	0	"Schnottzslanding"	312	289	28	221	380	166	448	256
2980	748	5642	0	0	0	"TahretGrounds"	150	159	545	193	0	0	0	0
2981	748	5669	0	0	0	"TempleofUldum"	296	209	132	127	177	303	239	374
2982	748	5612	0	0	0	"TheCursedlanding"	237	316	752	170	288	808	419	890
2983	748	5420	0	0	0	"TheGateofUnendingCycles"	161	236	647	15	0	0	0	0
2984	748	5614	5696	0	0	"TheTrailOfDevestation"	206	204	657	349	0	0	0	0
2985	748	5583	0	0	0	"TheVortexPinnacle"	213	195	656	473	514	706	640	832
2986	748	5684	0	0	0	"ThroneOfTheFourWinds"	270	229	229	433	490	286	637	424
2987	748	5666	0	0	0	"VirnaalDam"	151	144	479	215	0	0	0	0
2988	720	5684	0	0	0	"ThroneOfTheFourWinds"	270	229	229	433	490	286	637	424
2989	39	5290	918	219	0	"TheGapingChasm"	184	217	294	168	254	348	326	437
2990	24	286	5604	0	0	"HillsbradFields"	302	175	191	302	373	346	432	407
2992	700	5472	0	0	0	"TheTwilightGate"	165	199	327	356	415	373	502	429
2993	770	5472	0	0	0	"TheTwilightGate"	165	199	327	356	0	0	0	0
2994	17	5524	0	0	0	"CampBoff"	274	448	407	220	326	476	363	549
2995	17	5565	340	0	0	"ApocryphansRest"	252	353	0	66	261	118	317	214
2996	29	2419	0	0	0	"TerrorWingPath"	350	341	646	7	177	800	225	857
2997	29	5652	0	0	0	"PillarofAsh"	274	413	253	255	329	302	388	422
2998	673	1739	0	0	0	"HardwrenchHideaway"	356	221	208	116	176	299	259	385
2999	610	5030	5057	0	0	"TheAccursedReef"	340	225	365	162	0	0	0	0
3000	610	5054	0	0	0	"DarkwhisperGorge"	220	189	528	228	0	0	0	0
3003	544	4911	4909	0	0	"Lostpeak"	350	517	581	21	256	671	351	772
3004	681	4911	4909	0	0	"Lostpeak"	350	517	581	21	256	671	351	772
3005	682	4911	4909	0	0	"Lostpeak"	350	517	581	21	0	0	0	0
3006	41	186	0	0	0	"GalardellValley"	178	186	466	237	309	528	377	585
3007	772	5695	0	0	0	"AQKingdom"	887	668	115	0	0	0	0	0
3008	607	4843	0	0	0	"HonorsStand"	315	170	201	0	44	326	105	407
3009	607	5518	0	0	0	"RazorfenKraul"	214	140	273	528	0	0	0	0
3010	261	2739	0	0	0	"TwilightBaseCamp"	434	231	100	151	254	411	321	483
3016	181	1231	0	0	0	""	0	0	0	0	0	0	0	0
3017	606	5022	4990	0	0	"DireforgeHill"	270	173	303	197	0	0	0	0
3018	606	5623	5622	0	0	"ArchimondesVengeance"	270	300	320	5	147	408	202	496
3019	606	5622	5623	0	0	"ArchimondesVengeance"	270	300	320	5	0	0	0	0
3020	606	5033	5622	5623	0	"ArchimondesVengeance"	270	300	320	5	0	0	0	0
3022	683	5022	4990	0	0	"DireforgeHill"	270	173	303	197	0	0	0	0
3023	683	5020	4861	5019	0	"TheRegrowth"	441	319	52	253	311	263	375	397
3024	683	5623	5622	0	0	"ArchimondesVengeance"	270	300	320	5	147	408	202	496
3025	683	5622	5623	0	0	"ArchimondesVengeance"	270	300	320	5	0	0	0	0
3026	683	5033	5622	5623	0	"ArchimondesVengeance"	270	300	320	5	0	0	0	0
3027	684	4706	0	0	0	"GilneasPuzzle"	1002	668	0	0	0	0	0	0
3028	545	4755	0	0	0	"GilneasCity"	282	263	483	210	264	546	415	695
3029	17	5496	0	0	0	""	0	0	0	0	208	626	262	703
3030	29	5650	0	0	0	""	0	0	0	0	391	131	468	273
3031	29	5651	0	0	0	""	0	0	0	0	318	104	360	192
3032	29	5677	0	0	0	""	0	0	0	0	343	680	382	791
3033	27	805	0	0	0	""	0	0	0	0	312	879	365	954
3034	27	5098	0	0	0	""	0	0	0	0	346	610	395	661
3035	23	4067	0	0	0	""	0	0	0	0	176	164	214	204
3036	30	63	0	0	0	""	0	0	0	0	545	301	589	351
3037	30	64	0	0	0	""	0	0	0	0	562	396	601	439
3038	30	5174	0	0	0	""	0	0	0	0	617	229	647	280
3039	26	1887	0	0	0	""	0	0	0	0	417	221	463	277
3040	26	1885	0	0	0	""	0	0	0	0	365	292	414	346
3041	26	3317	0	0	0	""	0	0	0	0	501	750	568	830
3042	26	5323	0	0	0	""	0	0	0	0	280	631	330	689
3043	35	839	0	0	0	""	0	0	0	0	329	97	437	221
3044	35	837	0	0	0	""	0	0	0	0	49	175	133	282
3045	35	5391	0	0	0	""	0	0	0	0	483	682	529	738
3046	36	98	0	0	0	""	0	0	0	0	158	179	200	232
3047	36	5325	0	0	0	""	0	0	0	0	218	571	262	663
3048	36	96	0	0	0	""	0	0	0	0	272	676	335	737
3049	684	5434	0	0	0	""	0	0	0	0	96	566	172	633
3050	684	5443	0	0	0	""	0	0	0	0	207	503	254	549
3051	684	4817	0	0	0	""	0	0	0	0	270	229	370	323
3052	684	5714	0	0	0	""	0	0	0	0	562	580	628	684
3055	28	5628	0	0	0	""	0	0	0	0	425	356	478	444
3056	28	5615	0	0	0	""	0	0	0	0	230	329	295	498
3057	28	5629	0	0	0	""	0	0	0	0	318	681	372	760
3058	28	1443	0	0	0	""	0	0	0	0	261	322	316	381
3059	21	239	0	0	0	""	0	0	0	0	76	502	121	554
3060	37	3357	0	0	0	""	0	0	0	0	177	89	229	138
3061	37	126	0	0	0	""	0	0	0	0	181	389	218	433
3062	37	301	0	0	0	""	0	0	0	0	186	132	261	217
3063	37	1740	0	0	0	""	0	0	0	0	186	511	246	598
3064	38	1978	0	0	0	""	0	0	0	0	540	743	596	830
3065	38	5460	0	0	0	""	0	0	0	0	235	551	329	632
3066	673	5408	0	0	0	""	0	0	0	0	231	522	299	594
3067	673	1578	0	0	0	""	0	0	0	0	284	350	385	393
3068	673	312	0	0	0	""	0	0	0	0	405	332	449	377
3069	20	796	0	0	0	""	0	0	0	0	147	815	240	947
3070	20	4921	0	0	0	""	0	0	0	0	429	498	466	535
3071	20	4919	0	0	0	""	0	0	0	0	378	634	411	668
3072	20	4917	0	0	0	""	0	0	0	0	279	270	347	335
3073	700	5667	0	0	0	""	0	0	0	0	532	401	575	447
3074	700	5474	0	0	0	""	0	0	0	0	574	302	630	397
3075	700	5584	0	0	0	""	0	0	0	0	560	440	603	490
3076	770	5667	0	0	0	""	0	0	0	0	532	401	575	447
3077	770	5474	0	0	0	""	0	0	0	0	574	302	630	397
3078	770	5584	0	0	0	""	0	0	0	0	560	440	603	490
3079	614	4976	0	0	0	""	0	0	0	0	490	555	562	643
3080	614	4975	0	0	0	""	0	0	0	0	338	581	391	647
3081	614	5100	0	0	0	""	0	0	0	0	174	394	264	465
3082	614	5107	0	0	0	""	0	0	0	0	90	468	150	535
3083	610	5057	0	0	0	""	0	0	0	0	207	516	267	591
3084	615	4969	0	0	0	""	0	0	0	0	376	445	427	500
3085	615	4970	0	0	0	""	0	0	0	0	434	453	489	521
3088	22	3197	0	0	0	""	0	0	0	0	542	380	603	454
3089	22	196	0	0	0	""	0	0	0	0	537	495	603	562
3090	39	5289	0	0	0	""	0	0	0	0	474	664	545	738
3091	39	1581	0	0	0	""	0	0	0	0	462	402	510	482
3092	40	1039	0	0	0	""	0	0	0	0	135	91	239	166
3093	40	1038	0	0	0	""	0	0	0	0	284	758	349	835
3094	43	2797	0	0	0	""	0	0	0	0	71	89	136	182
3095	43	2897	0	0	0	""	0	0	0	0	197	59	276	165
3096	43	4647	0	0	0	""	0	0	0	0	74	53	110	85
3097	43	4691	0	0	0	""	0	0	0	0	258	339	303	434
3098	43	4645	0	0	0	""	0	0	0	0	131	162	171	211
3099	43	425	0	0	0	""	0	0	0	0	290	517	318	549
3100	43	435	0	0	0	""	0	0	0	0	508	785	571	924
3101	43	2358	0	0	0	""	0	0	0	0	268	782	313	875
3102	43	432	0	0	0	""	0	0	0	0	486	746	524	781
3103	43	3177	0	0	0	""	0	0	0	0	526	709	569	749
3104	43	1703	0	0	0	""	0	0	0	0	571	652	614	721
3105	43	417	0	0	0	""	0	0	0	0	397	221	438	290
3106	181	4814	0	0	0	""	0	0	0	0	58	663	118	749
3107	181	4801	0	0	0	""	0	0	0	0	56	537	107	587
3108	181	4825	0	0	0	""	0	0	0	0	142	404	182	445
3109	181	4830	0	0	0	""	0	0	0	0	420	281	459	312
3110	181	4828	0	0	0	""	0	0	0	0	481	495	520	536
3111	181	3137	0	0	0	""	0	0	0	0	456	89	506	134
3112	181	4744	0	0	0	""	0	0	0	0	438	174	495	273
3113	11	718	0	0	0	""	0	0	0	0	424	368	473	455
3114	11	720	0	0	0	""	0	0	0	0	578	737	621	819
3115	11	5117	0	0	0	""	0	0	0	0	67	597	131	649
3116	42	448	0	0	0	""	0	0	0	0	483	429	532	507
3117	42	450	0	0	0	""	0	0	0	0	529	359	562	395
3118	42	4697	0	0	0	""	0	0	0	0	393	360	433	413
3119	42	4648	0	0	0	""	0	0	0	0	282	422	307	449
3120	42	4663	0	0	0	""	0	0	0	0	196	504	241	549
3121	101	2100	0	0	0	""	0	0	0	0	375	249	434	322
3122	101	2405	0	0	0	""	0	0	0	0	155	364	221	416
3123	101	4803	0	0	0	""	0	0	0	0	158	422	214	476
3124	101	4925	0	0	0	""	0	0	0	0	196	687	238	727
3125	101	2657	0	0	0	""	0	0	0	0	564	602	630	671
3126	4	2979	0	0	0	""	0	0	0	0	188	422	214	452
3127	4	374	0	0	0	""	0	0	0	0	47	559	96	597
3128	4	375	0	0	0	""	0	0	0	0	142	569	210	609
3129	141	501	0	0	0	""	0	0	0	0	359	529	393	561
3130	141	504	0	0	0	""	0	0	0	0	142	455	182	487
3131	141	497	0	0	0	""	0	0	0	0	153	543	194	579
3132	141	503	0	0	0	""	0	0	0	0	254	577	294	615
3133	141	499	0	0	0	""	0	0	0	0	127	303	170	356
3134	141	498	0	0	0	""	0	0	0	0	419	286	456	337
3135	182	1997	0	0	0	""	0	0	0	0	304	332	370	380
3136	182	5645	0	0	0	""	0	0	0	0	176	402	243	473
3137	182	5676	0	0	0	""	0	0	0	0	43	538	111	586
3138	182	5649	0	0	0	""	0	0	0	0	404	430	440	477
3139	121	5065	0	0	0	""	0	0	0	0	347	555	386	588
3140	121	5003	0	0	0	""	0	0	0	0	298	493	336	535
3141	121	5009	0	0	0	""	0	0	0	0	363	766	398	809
3142	121	5002	0	0	0	""	0	0	0	0	92	385	143	432
3143	121	1114	0	0	0	""	0	0	0	0	48	359	84	423
3144	121	5706	0	0	0	""	0	0	0	0	450	635	515	775
3145	121	5024	0	0	0	""	0	0	0	0	104	503	156	559
3146	121	5504	0	0	0	""	0	0	0	0	38	567	115	702
3147	121	1111	0	0	0	""	0	0	0	0	41	491	93	542
3148	121	5010	0	0	0	""	0	0	0	0	286	855	349	907
3149	121	1106	0	0	0	""	0	0	0	0	474	511	526	561
3150	606	5016	0	0	0	""	0	0	0	0	193	83	247	152
3151	606	4989	0	0	0	""	0	0	0	0	203	161	263	225
3152	606	4990	0	0	0	""	0	0	0	0	247	409	322	477
3153	606	5045	0	0	0	""	0	0	0	0	0	0	0	0
3154	606	4994	0	0	0	""	0	0	0	0	358	854	440	930
3155	606	4996	0	0	0	""	0	0	0	0	290	883	360	969
3156	606	5039	0	0	0	""	0	0	0	0	474	430	576	544
3157	606	4995	0	0	0	""	0	0	0	0	270	732	340	819
3158	683	5016	0	0	0	""	0	0	0	0	193	83	247	152
3159	683	5014	0	0	0	""	0	0	0	0	233	75	336	158
3160	683	4989	0	0	0	""	0	0	0	0	203	161	263	225
3161	683	4990	0	0	0	""	0	0	0	0	247	409	322	477
3162	683	5045	0	0	0	""	0	0	0	0	511	557	591	649
3163	683	4994	0	0	0	""	0	0	0	0	358	854	440	930
3164	683	4996	0	0	0	""	0	0	0	0	290	883	360	969
3165	683	5039	0	0	0	""	0	0	0	0	474	430	576	544
3166	683	4995	0	0	0	""	0	0	0	0	270	732	340	819
3167	9	221	0	0	0	""	0	0	0	0	479	430	551	488
3168	9	4835	0	0	0	""	0	0	0	0	95	474	158	522
3169	9	4878	0	0	0	""	0	0	0	0	490	510	564	563
3170	261	3099	0	0	0	""	0	0	0	0	459	243	527	316
3171	261	3098	0	0	0	""	0	0	0	0	191	299	251	368
3172	261	3446	0	0	0	""	0	0	0	0	81	663	121	727
3173	261	3426	0	0	0	""	0	0	0	0	123	682	177	752
3174	261	3454	0	0	0	""	0	0	0	0	573	337	627	427
3175	261	3428	0	0	0	""	0	0	0	0	552	170	625	248
3176	261	3447	0	0	0	""	0	0	0	0	389	667	444	717
3177	607	1717	0	0	0	""	0	0	0	0	574	329	648	431
3178	607	4853	0	0	0	""	0	0	0	0	428	359	495	441
3179	607	4854	0	0	0	""	0	0	0	0	408	478	463	551
3180	607	4857	0	0	0	""	0	0	0	0	546	435	583	467
3181	607	4846	0	0	0	""	0	0	0	0	210	423	248	454
3182	607	4852	0	0	0	""	0	0	0	0	304	351	362	404
3183	81	4939	0	0	0	""	0	0	0	0	376	294	432	350
3184	81	4934	0	0	0	""	0	0	0	0	247	501	310	573
3185	81	4927	0	0	0	""	0	0	0	0	283	734	323	798
3186	81	4944	0	0	0	""	0	0	0	0	287	357	353	419
3187	161	5388	0	0	0	""	0	0	0	0	494	319	540	353
3188	161	992	0	0	0	""	0	0	0	0	497	402	542	436
3189	161	977	0	0	0	""	0	0	0	0	134	638	176	681
3190	41	702	0	0	0	""	0	0	0	0	548	515	635	599
3191	41	257	0	0	0	""	0	0	0	0	162	541	195	579
3192	61	5588	0	0	0	""	0	0	0	0	293	164	346	220
3193	61	5041	0	0	0	""	0	0	0	0	429	721	519	849
3194	61	5075	0	0	0	""	0	0	0	0	588	824	627	872
3195	4	4982	0	0	0	"Orgrimmar"	259	165	309	0	22	396	91	515
3196	720	5697	0	0	0	""	0	0	0	0	394	756	434	800
3197	720	5671	0	0	0	""	0	0	0	0	89	320	149	371
3198	720	4945	0	0	0	""	0	0	0	0	296	666	373	766
3199	720	5500	0	0	0	""	0	0	0	0	293	575	342	620
3200	720	5670	0	0	0	""	0	0	0	0	39	241	102	312
3201	748	5697	0	0	0	""	0	0	0	0	394	756	434	800
3202	748	5671	0	0	0	""	0	0	0	0	89	320	149	371
3203	748	4945	0	0	0	""	0	0	0	0	296	666	373	766
3204	748	5670	0	0	0	""	0	0	0	0	39	241	102	312
3205	201	4382	0	0	0	""	0	0	0	0	280	757	363	874
3206	201	541	0	0	0	""	0	0	0	0	23	404	79	459
3207	281	2248	0	0	0	""	0	0	0	0	471	543	518	596
3208	281	1769	0	0	0	""	0	0	0	0	266	180	331	256
3209	640	5352	0	0	0	""	0	0	0	0	549	501	617	612
3210	640	5335	0	0	0	""	0	0	0	0	366	376	425	431
3211	640	5293	0	0	0	""	0	0	0	0	135	525	192	612
3212	640	5298	0	0	0	""	0	0	0	0	198	580	288	673
3213	640	5299	0	0	0	""	0	0	0	0	290	581	353	644
3214	545	4727	0	0	0	""	0	0	0	0	304	545	378	533
3215	545	4792	0	0	0	""	0	0	0	0	390	255	433	313
3216	678	4727	0	0	0	""	0	0	0	0	304	545	378	533
3217	679	4727	0	0	0	""	0	0	0	0	304	545	378	533
3218	544	4781	0	0	0	""	0	0	0	0	381	310	446	395
3219	544	4924	0	0	0	""	0	0	0	0	217	516	258	566
3220	681	4871	0	0	0	""	0	0	0	0	414	417	474	486
3221	681	4781	0	0	0	""	0	0	0	0	381	310	446	395
3222	681	4924	0	0	0	""	0	0	0	0	217	516	258	566
3223	682	4924	0	0	0	""	0	0	0	0	217	516	258	566
3224	682	4781	0	0	0	""	0	0	0	0	381	310	446	395
3225	709	5542	0	0	0	""	0	0	0	0	367	355	450	469
3226	709	5536	0	0	0	""	0	0	0	0	434	244	579	432
3227	709	5539	0	0	0	""	0	0	0	0	147	322	254	451
3228	709	5537	0	0	0	""	0	0	0	0	294	506	412	631
3229	709	5538	0	0	0	""	0	0	0	0	126	632	198	740
3230	709	5540	0	0	0	""	0	0	0	0	258	773	381	835
3231	709	5535	0	0	0	""	0	0	0	0	224	218	355	318
3232	709	5534	0	0	0	""	0	0	0	0	78	411	176	583
3234	34	576	0	0	0	""	0	0	0	0	202	845	269	904
3235	24	5604	0	0	0	""	0	0	0	0	330	333	363	375
3236	640	5300	0	0	0	""	0	0	0	0	136	659	191	738
3237	24	5603	0	0	0	""	0	0	0	0	423	586	464	647
3238	24	5099	0	0	0	""	0	0	0	0	0	0	0	0
3239	610	5058	0	0	0	""	0	0	0	0	418	594	411	651
3240	17	5497	0	0	0	""	0	0	0	0	197	849	283	958
3241	27	5495	0	0	0	""	0	0	0	0	188	243	267	355
3242	27	1537	0	0	0	""	0	0	0	0	127	540	240	682
3244	607	5385	0	0	0	""	0	0	0	0	0	0	0	0
3248	61	5591	5591	0	0	"RustmaulDiveSite"	234	203	527	465	601	546	700	645
3249	678	4755	4714	0	0	"GilneasCity"	282	263	483	210	415	264	695	546
3250	679	4755	4714	0	0	"GilneasCity"	282	263	483	210	415	264	695	546
3251	478	3958	3957	0	0	""	0	0	0	0	500	304	516	322
3252	808	5832	0	0	0	"TheWoodofStaves"	989	466	13	202	0	0	0	0
3253	808	5831	0	0	0	"Fe-FangVillage"	234	286	134	9	0	0	0	0
3254	808	5830	5946	0	0	"MorningBreezeVillage"	261	315	203	36	0	0	0	0
3255	808	5829	0	0	0	"RidgeofLaughingWinds"	313	321	183	198	0	0	0	0
3256	808	5945	0	0	0	"PoolofthePaw"	220	188	297	324	0	0	0	0
3257	808	5737	5944	0	0	"Pei-WuForest"	651	262	351	406	0	0	0	0
3258	808	5833	0	0	0	"SkyfireCrash-Site"	346	263	124	405	0	0	0	0
3259	808	5828	0	0	0	"MandoriVillage"	610	374	392	294	0	0	0	0
3260	808	5820	0	0	0	"TempleofFiveDawns"	607	461	395	182	0	0	0	0
3261	808	5825	5834	0	0	"TheDawningValley"	677	668	325	0	0	0	0	0
3262	808	5826	5860	0	0	"TheSingingPools"	372	475	545	12	0	0	0	0
3263	808	5827	5884	5882	5881	"TheRows"	385	373	504	295	0	0	0	0
