field0
950
962
964
966
1301
1302
1303
1304
1325
1326
1327
1328
1329
1330
1331
1332
1333
1334
1335
1336
1337
1338
1339
1340
1341
1342
1343
1344
1346
1347
1348
1349
1355
1356
1357
1358
1359
1360
1361
1362
1363
1364
1365
1366
1367
1368
1369
1370
1371
1372
1373
1374
1375
1376
1377
1378
1379
1380
1381
1382
1383
1384
1385
1386
1387
1388
1389
1390
1391
1392
1393
1394
1395
1396
1545
1546
1547
1581
1582
1601
1723
1724
1761
1762
1763
1764
1765
1767
1768
1769
1770
1772
1773
1774
1775
1776
1777
1778
1779
1780
1782
1783
1784
1785
1787
1788
1789
1790
1792
1793
1794
1795
1842
1843
1844
1845
1846
1861
1941
1942
1943
1955
1966
2259
2260
2261
2262
2263
2264
2313
2314
2317
2322
2323
2324
2325
2327
2328
2338
2339
2352
2353
2354
2355
2356
2357
2358
2359
2360
2361
2362
2363
2364
2365
2368
2369
2370
2371
2372
2373
2374
2375
2376
2377
2378
2379
2436
2453
2454
2470
2471
2472
2476
2478
2480
2481
2482
2483
2484
2485
2486
2489
2490
2491
2493
2494
2495
2497
2502
2503
2508
2509
2510
2512
2527
2528
2529
2533
2534
2535
2540
2541
2544
2545
2547
2555
2556
2557
2558
2559
2560
2565
2575
2576
2577
2620
2621
2622
2644
2645
2646
2647
2648
2649
2650
2651
2652
2653
2655
2656
2657
2658
2659
2660
2661
2662
2663
2664
2665
2666
2667
2668
2669
2670
2671
2672
2673
2676
2677
2681
2682
2683
2684
2685
2686
2688
2689
2690
2691
2692
2693
2694
2695
2696
2718
2719
2720
2722
2723
2724
2725
2726
2727
2728
2729
2730
2731
2732
2733
2735
2736
2737
2738
2739
2740
2741
2742
2749
2750
2752
2753
2757
2760
2761
2762
2763
2767
2768
2769
2770
2784
2842
2851
2880
2881
2884
3000
3001
3002
3045
3054
3055
3082
3083
3085
3094
3096
3104
3106
3127
3128
3133
3134
3151
3191
3217
3218
3327
3414
3415
3416
3417
3418
3419
3426
3479
3480
3486
3490
3491
3499
3504
3508
3516
3517
3524
3547
3548
3549
3550
3551
3552
3557
3559
3560
3561
3564
3565
3566
3568
3571
3581
3582
3583
3584
3585
3590
3591
3592
3595
3596
3597
3598
3600
3601
3603
3604
3605
3610
3614
3615
3616
3617
3618
3619
3620
3621
3622
3623
3624
3625
3626
3627
3628
3629
3630
3631
3632
3633
3634
3635
3636
3637
3638
3639
3640
3660
3680
3681
3695
3698
3699
3700
3701
3702
3703
3704
3705
3706
3707
3708
3709
3710
3711
3712
3713
3714
3723
3724
3725
3726
3727
3728
3729
3730
3731
3736
3737
3738
3739
3740
3741
3742
3743
3744
3745
3746
3747
3748
3749
3750
3751
3752
3753
3754
3755
3756
3757
3758
3759
3760
3761
3762
3763
3764
3765
3766
3767
3768
3769
3770
3771
3772
3773
3774
3775
3776
3777
3778
3779
3781
3782
3784
3785
3786
3787
3788
3790
3791
3792
3793
3794
3795
3796
3797
3798
3799
3801
3802
3803
3804
3810
3815
3816
3826
3849
3875
3876
3877
3878
3879
3880
3881
3882
3883
3884
3885
3886
3887
3888
3889
3890
3891
3892
3893
3894
3901
3922
3931
3932
3957
3958
3959
3960
3961
3962
3963
3964
3965
3966
3969
3971
3972
3975
3976
3980
3981
4020
4021
4022
4023
4024
4025
4061
4062
4096
4122
4131
4132
4150
4161
4162
4164
4170
4221
4222
4226
4227
4228
4229
4230
4247
4248
4249
4273
4293
4294
4296
4297
4298
4299
4300
4301
4302
4303
4304
4305
4306
4307
4308
4309
4310
4311
4312
4313
4314
4315
4317
4318
4319
4320
4321
4322
4323
4324
4325
4326
4327
4328
4339
4340
4341
4342
4343
4344
4345
4346
4347
4348
4352
4353
4354
4375
4389
4390
4417
4418
4419
4436
4437
4439
4440
4441
4458
4581
4582
4583
4584
4587
4857
4862
4863
4864
4882
4884
4903
4904
4940
4941
4942
4956
4957
4981
5000
5006
5007
5008
5011
5017
5018
5019
5021
5025
5026
5027
5028
5034
5035
5037
5038
5039
5040
5043
5044
5045
5049
5050
5051
5052
5053
5056
5060
5061
5067
5069
5070
5071
5073
5074
5075
5076
5079
5090
5099
5100
5101
5102
5103
5115
5117
5140
5142
5144
5145
5146
5147
5148
5149
5192
5193
5194
5195
5196
5205
5206
5207
5208
5212
5213
5215
5216
5217
5218
5219
5220
5221
5222
5223
5227
5228
5229
5230
5231
5232
5233
5234
5235
5236
5256
5262
5263
5266
5267
5268
5269
5270
5271
5272
5273
5274
5275
5276
5277
5280
5281
5284
5285
5286
5287
5288
5289
5290
5291
5292
5293
5294
5295
5296
5297
5332
5333
5334
5344
5346
5347
5348
5349
5350
5360
5361
5376
5377
5378
5384
5385
5387
5398
5399
5400
5401
5402
5403
5404
5413
5414
5415
5416
5417
5418
5419
5420
5421
5422
5423
5424
5425
5426
5427
5428
5429
5430
5431
5432
5433
5434
5435
5436
5437
5438
5439
5440
5441
5442
5443
5444
5445
5446
5447
5451
5452
5453
5454
5455
5456
5457
5458
5459
5460
5461
5462
5463
5464
5465
5466
5467
5468
5469
5470
5508
5546
5547
5587
5607
5620
5621
5633
5635
5636
5637
5638
5639
5640
5641
5643
5644
5645
5646
5647
5648
5649
5652
5653
5655
5657
5659
5670
5672
5677
5678
5679
5684
5718
5743
5784
5785
5786
5787
5788
5789
5790
5791
5792
5793
5794
5795
5796
5797
5798
5799
5800
5801
5802
5803
5804
5805
5806
5807
5812
5813
5814
5815
5816
5817
5818
5819
5846
5856
5861
5883
5884
5885
5886
5887
5888
5889
5890
5926
5931
5946
5947
5948
5949
5950
5958
5960
5961
5983
5984
5985
5986
5987
5997
6001
6002
6017
6018
6025
6044
6046
6078
6095
6131
6164
6174
6205
6234
6246
6267
6269
6300
6301
6303
6304
6306
6307
6308
6309
6352
6403
6404
6408
6423
6424
6436
6437
6438
6439
6440
6441
6442
6443
6455
6456
6457
6458
6459
6467
6468
6488
6489
6607
6608
6610
6611
6641
6642
6643
6684
6686
6714
6715
6716
6717
6727
6748
6761
6847
6875
6876
6877
6879
6880
6881
6882
6884
6886
6889
6890
6891
